0.0	0.0	0.00028514862060546875
0.0	0.0	0.0245361328125
0.0009773639067359844	6.326314953610068e-06	0.04244279861450195
0.0017103676422067205	1.3443357155331765e-05	0.05564737319946289
0.003176252270079891	3.716616854340211e-05	0.07159590721130371
0.005374630088482862	9.409703967306113e-05	0.0916752815246582
0.007084327243329105	0.00014391007353178336	0.10547447204589844
0.009525625901083482	0.00024668308295632197	0.12444567680358887
0.012697867405137755	0.00041109492246438545	0.14528155326843262
0.01562504666343099	0.0005818100239578045	0.16626977920532227
0.019037224729244465	0.000825169111948431	0.1874687671661377
0.021473318584177593	0.001014769106084903	0.20337867736816406
0.023664042977491133	0.0012066878104229786	0.21635174751281738
0.02633919140695276	0.0014672403157084963	0.23090457916259766
0.02852577629960413	0.0017016601607784047	0.24496006965637207
0.030953578253677196	0.001977846872295208	0.25892114639282227
0.033379541676360175	0.0022697422296131626	0.27200937271118164
0.03556025524659658	0.0025536339010664914	0.286449670791626
0.037981177849930485	0.0028847459311809294	0.30055975914001465
0.040157012218651346	0.0032038868975686145	0.3138008117675781
0.042572260091559525	0.0035741288998211948	0.3265855312347412
0.04522495339699865	0.004007170416237393	0.3418233394622803
0.04763389411431503	0.00441644544390791	0.3555567264556885
0.050037334865299266	0.004856870221058189	0.3704798221588135
0.05267953793217368	0.005349891195318927	0.3845632076263428
0.05507553743507746	0.005829148756453124	0.39777159690856934
0.057227647565002156	0.006281396636723767	0.41134119033813477
0.059615578434785425	0.006799361489735632	0.4248795509338379
0.06342521949129395	0.00767749512181133	0.4446854591369629
0.06556324583865701	0.008192227571259774	0.45865631103515625
0.068404824400908	0.008915382693357145	0.4735758304595947
0.07124166267191444	0.009656915349558683	0.4885716438293457
0.07360164527759329	0.010290147951935337	0.5023634433746338
0.07571999628354951	0.01088065211965815	0.5154180526733398
0.07829707460301293	0.011644179501625012	0.5298280715942383
0.08063533119530189	0.012353444992422868	0.5434165000915527
0.08342998615619662	0.01324081509875198	0.5578405857086182
0.0862129198296495	0.014164288014013739	0.5716946125030518
0.08852700150791636	0.014948843565985113	0.5851991176605225
0.0908307331142322	0.015763289459756403	0.6000068187713623
0.09289687715295512	0.01651638637767831	0.6133856773376465
0.09541310865366129	0.017461312704179822	0.6264066696166992
0.09814451425757585	0.018527589161279123	0.6416747570037842
0.10086188790840094	0.019629134665496494	0.6576941013336182
0.10334289272326605	0.02066302142732187	0.6727626323699951
0.10559222072742934	0.021617497701257614	0.6854367256164551
0.10827636118269238	0.022797714661176582	0.7011229991912842
0.1105002257563002	0.023810101833197043	0.7149267196655273
0.11271749086660574	0.024836862203702882	0.7285439968109131
0.11513788758183459	0.026005616441586478	0.7437899112701416
0.11733132487091293	0.02708234030901966	0.7566044330596924
0.1195106400411104	0.028187368280053235	0.7714307308197021
0.1216754678755296	0.029320515170418008	0.7846062183380127
0.12404456440445172	0.030590038058872903	0.8000080585479736
0.12597274004338804	0.031647509033390045	0.8126935958862305
0.1278905578539883	0.032723650753554344	0.8262686729431152
0.1306352240321127	0.03432269890282159	0.8399860858917236
0.1327384998206128	0.0355663758646283	0.8593752384185791
0.1346204914765732	0.036704010939434435	0.8733782768249512
0.13649134917064182	0.03785986458288503	0.8865189552307129
0.13875479437009292	0.03930938952463093	0.9016244411468506
0.14039407833066186	0.04037422238025935	0.9149565696716309
0.14222655513706223	0.04159000809762018	0.9293971061706543
0.14424498264784372	0.04296712530815086	0.9417386054992676
0.1460494484432103	0.044224109536327945	0.9576056003570557
0.14784162517410623	0.04549855401207764	0.9726660251617432
0.14941987292160613	0.04665192080599704	0.985459566116333
0.15118272020532803	0.04796663583626337	1.0009336471557617
0.15312236511520294	0.04945266378062233	1.01375412940979
0.15485497824235728	0.050806974641594185	1.0279767513275146
0.15619227574901925	0.05187336156870234	1.0414073467254639
0.1580828199463967	0.05342137450972768	1.057021141052246
0.16050764240408683	0.055473296404366115	1.0758018493652344
0.16198336972004446	0.056755228462917126	1.0896034240722656
0.16507480052717202	0.05952972025262224	1.1149251461029053
0.1686260575015854	0.06288688864472866	1.1470916271209717
0.17241089991336198	0.06670424307268837	1.179551124572754
0.17560410722942768	0.07007424859064422	1.2105624675750732
0.17854558586643607	0.07334413055398147	1.2357819080352783
0.1803105866274738	0.07537121689678926	1.2542800903320312
0.18204255571140124	0.07742659759631453	1.2695279121398926
0.1843586701151511	0.08026723877065108	1.2895851135253906
0.18662851643173886	0.08314498544325223	1.31343674659729
0.1882587046083567	0.0852819911139225	1.3283588886260986
0.18971542076363854	0.08724374529596479	1.3425519466400146
0.19114661970138452	0.08922419247486511	1.3569676876068115
0.1925520615765081	0.09122300076068662	1.3714921474456787
0.1936556210036032	0.09283646830131888	1.3839681148529053
0.1950088465235103	0.09487099087924511	1.399099588394165
0.1963356215014142	0.09692286065723484	1.412327527999878
0.19763572359194342	0.09899173377611403	1.42594313621521
0.19878768237051372	0.10086499220169466	1.4408540725708008
0.20015840028600715	0.10317701277336067	1.455320119857788
0.20137719452330322	0.10529480455608	1.471210241317749
0.202568471552393	0.10742819633158263	1.4854187965393066
0.20384073190576604	0.10979582390383652	1.5012569427490234
0.20496937236862825	0.11196300459159875	1.5144717693328857
0.2059661639374972	0.11392323741572083	1.5286288261413574
0.2070454223634436	0.1161154287116262	1.5422959327697754
0.20809621216198124	0.11832140745746866	1.556455373764038
0.2091183572382546	0.12054080396797995	1.5724201202392578
0.20981874143953125	0.12210125507911208	1.5852770805358887
0.21098467048622757	0.12479163265746979	1.6010236740112305
0.2117386732011331	0.1265951294885509	1.6139848232269287
0.21266656498579783	0.1288555538433505	1.6284711360931396
0.2138251172200486	0.1318132394475903	1.6412851810455322
0.21460727368850374	0.13386855874526346	1.6603779792785645
0.21561458643664047	0.13662225500365893	1.6784110069274902
0.2163499837363891	0.1386947648270509	1.6916306018829346
0.21722416683284937	0.14123643959804832	1.707158088684082
0.21791918354064765	0.1433228379139063	1.7213668823242188
0.21859391072437448	0.14541588578341952	1.7344863414764404
0.21931343947648804	0.14775100458183246	1.7504961490631104
0.2199405804055786	0.1498587997359196	1.7643988132476807
0.22068203768268438	0.15244231436407413	1.7791366577148438
0.22119691130044244	0.15432805720750248	1.7917730808258057
0.22182523253320158	0.15668935216076088	1.8062891960144043
0.2224742660749755	0.15929762020475366	1.821667194366455
0.22293400237435346	0.16119755795342824	1.8349859714508057
0.22354074615444597	0.16381598662593025	1.8506088256835938
0.2239573258261094	0.16572585109519536	1.8630704879760742
0.22450459952000437	0.16835735223173928	1.8787312507629395
0.22489022083973442	0.17027370739495257	1.8915338516235352
0.22534119777357867	0.17267519052688582	1.90566086769104
0.22581160151512472	0.17532151383434488	1.919579267501831
0.22609458511410938	0.1770083647413124	1.9334228038787842
0.22654222520823547	0.17990614672106706	1.9469780921936035
0.2268281413723939	0.1818398925318906	1.9609918594360352
0.2271782005481608	0.18450480628305083	1.976959228515625
0.22746504799997835	0.18693137175037397	1.990400791168213
0.22775464994498376	0.18960353144640837	2.0046939849853516
0.2279703589940773	0.19179204138759504	2.018514633178711
0.22817853725577703	0.1942266179912728	2.031977415084839
0.2284258401367458	0.19763851249192646	2.051384449005127
0.22857092210225805	0.2000776624772908	2.0652480125427246
0.22872356762550952	0.20422874046627504	2.089176654815674
0.2287962554071612	0.20691556446759332	2.103274345397949
0.22883760131260802	0.20984742608986728	2.117673635482788
0.22883200926705521	0.21253522732074132	2.133283853530884
0.2288003217201455	0.215222847574243	2.1478912830352783
0.22872780192701309	0.21815410377861408	2.165288209915161
0.22861785563647571	0.22083966117715517	2.1805310249328613
0.22845999895358562	0.22376756201627646	2.1950266361236572
0.2281692807758633	0.2279112598898599	2.2164840698242188
0.22786365122100258	0.23131842489521579	2.2370712757110596
0.22747716400259343	0.2349631822043655	2.256574869155884
0.22694568561565495	0.23908292489664804	2.279390335083008
0.2264422033822144	0.24246651595337107	2.2990217208862305
0.22606693720147195	0.2448809883018171	2.3139960765838623
0.22557914873641532	0.24777228290275588	2.3295929431915283
0.22519227102483735	0.24993709970627945	2.3430447578430176
0.22467666888627444	0.2525749892343626	2.3585805892944336
0.22413547987562835	0.2552077484680218	2.374821424484253
0.22367179589362118	0.25735742363449776	2.3885457515716553
0.22312571484138816	0.2597390820718501	2.401827096939087
0.22256422947023408	0.2621171559995907	2.4162802696228027
0.22185356211963356	0.2649618833982795	2.4333560466766357
0.22096016439624103	0.26826400745808754	2.453862190246582
0.2203515632231081	0.27037723029740074	2.46966552734375
0.21966015580140366	0.27272082949628934	2.4846084117889404
0.2189384681248116	0.275055281964273	2.499541997909546
0.2182685812266057	0.27714988400288215	2.5133488178253174
0.21749419716383597	0.2794673892889921	2.527998208999634
0.21693640346678644	0.28108430360062503	2.5410680770874023
0.21610972043884213	0.2833836723398942	2.5544283390045166
0.21525334105989188	0.285672146894511	2.5705857276916504
0.21446263910126534	0.28772419381628395	2.584510326385498
0.21363883617596213	0.28976317760650777	2.598641872406006
0.21279527565917952	0.2917940670203014	2.6125128269195557
0.21182885348734254	0.29403828840278606	2.6265039443969727
0.21103253914787481	0.29582350670500085	2.640766143798828
0.21011722854292111	0.2978230848237532	2.6535775661468506
0.20907154109616913	0.30003148677800084	2.6690993309020996
0.20821219079982062	0.3017872310594867	2.682471990585327
0.20700720095576108	0.3041897934839358	2.6970558166503906
0.2058695525428135	0.30635225909437624	2.714385747909546
0.2047040060635454	0.3084998165051305	2.728403091430664
0.2037494066880045	0.31020564795812383	2.7410330772399902
0.20252865469710032	0.31232231184370485	2.754889488220215
0.20114832824298245	0.31462860879070104	2.7711286544799805
0.20012282562411185	0.3162927798433558	2.7838265895843506
0.1986759178468196	0.31855789895979825	2.7986245155334473
0.19747414658713805	0.32039959708813986	2.812666893005371
0.19609936328975017	0.32241961498732863	2.8269588947296143
0.19484446558747637	0.3242255324586882	2.8412821292877197
0.1929732101451414	0.3267923496478442	2.859563112258911
0.19150834366744526	0.32874802539559517	2.8742923736572266
0.18986239190550655	0.33087291351618714	2.8893954753875732
0.18834119118614331	0.3327850980782074	2.9033632278442383
0.18678314834423732	0.3346673849667036	2.9195783138275146
0.18536452832858932	0.3363477490367005	2.933098554611206
0.18376424646940834	0.3381942590959733	2.946281909942627
0.1822972905611691	0.33983259560591744	2.9605355262756348
0.1804721778635071	0.34180573279539384	2.9754154682159424
0.17896330021547208	0.34340554353413577	2.9893054962158203
0.17725257051834734	0.34515022268263124	3.0038187503814697
0.17533996020863274	0.347038668745095	3.0190236568450928
0.17376016974020023	0.34856849495495795	3.032578706741333
0.17233842583833206	0.3499100482305698	3.0454962253570557
0.1703539355792639	0.35172280997424316	3.060885190963745
0.16834037255881715	0.353503223041582	3.0759472846984863
0.1668593238506248	0.3547790034450082	3.0895793437957764
0.16498752416576026	0.35634962987021573	3.103210210800171
0.16290085807754487	0.35804377607522675	3.121229410171509
0.16136746012800018	0.3592561339605629	3.1345832347869873
0.15962922666157411	0.36060322362822805	3.1487233638763428
0.15807641211963167	0.36179061063848905	3.1613950729370117
0.15610694049297547	0.36323687580768027	3.17702054977417
0.15451651754296314	0.364373394946929	3.190457582473755
0.15271496232984452	0.3656345471862002	3.2036473751068115
0.15069526229250846	0.3670097974132514	3.2170352935791016
0.14906539541888114	0.36808898918863553	3.2325706481933594
0.14681002707444935	0.3695510495015489	3.2456398010253906
0.14494561089375682	0.37071726494549817	3.2651100158691406
0.14285743671032713	0.37198613452409046	3.280358076095581
0.1409670810571939	0.3731098167127903	3.293684482574463
0.13864342108053973	0.3744607093956327	3.308631658554077
0.1369409099892369	0.37542121806180656	3.3232908248901367
0.1347974070621759	0.37659420426355866	3.336418867111206
0.1328580957222221	0.37763111201416144	3.3503782749176025
0.13090880848818018	0.37864914218843665	3.3646903038024902
0.12850652468474838	0.37985468739929823	3.3796849250793457
0.1265378378412999	0.38083467631197354	3.3924636840820312
0.12433649565824667	0.3818951450861153	3.4082822799682617
0.12234611462630002	0.38283028652151463	3.421123743057251
0.11967635492074166	0.384042682979212	3.435814619064331
0.11788620116876765	0.38482783930638376	3.4497053623199463
0.11564220325351553	0.38579478024778796	3.462303638458252
0.11293461078135456	0.38692015354619047	3.4796979427337646
0.11089581748366871	0.3877444278002133	3.4928014278411865
0.10861882548519093	0.38863088640990007	3.505559206008911
0.10610478508669217	0.3895816269646141	3.520540237426758
0.10403552527010831	0.39032612005927986	3.5339858531951904
0.10149771460707702	0.39121145828067666	3.549396514892578
0.09895142784216254	0.3920721152614089	3.562711000442505
0.09639154802239276	0.39289145770263656	3.5776889324188232
0.09405493728142593	0.3936061266280963	3.5917763710021973
0.09171374965122464	0.39430565640445464	3.60473370552063
0.0886558892441053	0.3951656779992923	3.620514392852783
0.08629532211133886	0.39579672810785943	3.6350882053375244
0.08297936840641658	0.39663734325484273	3.65236759185791
0.08012803321321524	0.3973210169138875	3.6679847240448
0.07774474444874854	0.3978599381446683	3.6825613975524902
0.07511749476939246	0.3984272703665496	3.69592547416687
0.0727226095645344	0.39891206546076136	3.7109248638153076
0.07007995174178004	0.3994026430382113	3.7237348556518555
0.06767469917358195	0.39983306319456546	3.7390129566192627
0.06502160657840975	0.40026365163972416	3.751826047897339
0.06260722104454867	0.4006394759626489	3.7654457092285156
0.05970436305810917	0.4010529219284345	3.780966281890869
0.057522487082655005	0.4013277371104557	3.79377818107605
0.05485261437344286	0.4016377152455975	3.80851674079895
0.05242368421386456	0.40190379739026416	3.8222978115081787
0.04974914524952788	0.4021705333194274	3.8363585472106934
0.04731481089433069	0.4023815254399576	3.851130485534668
0.045122169575225794	0.40255013802041345	3.8649539947509766
0.04268473983539735	0.40272171217703223	3.8790323734283447
0.04024625060729808	0.4028775059903346	3.8932597637176514
0.03805035240536167	0.40299640613022647	3.9057910442352295
0.035364476723382214	0.40309828129213005	3.9217042922973633
0.03292222324596936	0.40317508871289176	3.9359426498413086
0.030723627567754624	0.4032228715578188	3.949798345565796
0.028524671594256985	0.40324930606468	3.9634978771209717
0.026081248247505337	0.40326286247898047	3.9780116081237793
0.023637854149762987	0.40324478733203584	3.992516040802002
0.02168327341519942	0.4032176752336715	4.005496263504028
0.018996213519443247	0.403154304544232	4.0206427574157715
0.0165543822458855	0.4030650775343389	4.035893678665161
0.013382294125958292	0.40289773246440275	4.0538859367370605
0.010944097185796633	0.40273742928662454	4.070392847061157
0.008506988915542163	0.40256134775188457	4.0830464363098145
0.006315233466260654	0.40238158622352366	4.097948312759399
0.003882739285547262	0.40215034286985657	4.1117329597473145
0.0014534424021351196	0.4018876299465662	4.125568151473999
-0.0012158524819994923	0.4015727148005434	4.143303155899048
-0.00339721649564219	0.4012938650264391	4.156381845474243
-0.005816740370977878	0.40095268231219305	4.171417951583862
-0.007991227945516884	0.40062449037946285	4.1859447956085205
-0.01040240226149567	0.4002285865454531	4.199999094009399
-0.01280824951578436	0.3998015029273509	4.2135443687438965
-0.015211281988329276	0.3993588559306208	4.227910280227661
-0.017370041398174878	0.39893949455073835	4.242291688919067
-0.02024470778198234	0.3983617270907101	4.259428262710571
-0.02287455236977276	0.39780654768571505	4.274796724319458
-0.026447984418571834	0.39699155590341906	4.294998645782471
-0.03000776111344531	0.39611884856689134	4.314465045928955
-0.03308541216403154	0.3953325843467719	4.333660125732422
-0.036627572372276505	0.3943909213116473	4.353657007217407
-0.03945636509640458	0.39361926479480847	4.3712193965911865
-0.0418094807345642	0.3929609728981026	4.38467001914978
-0.044622756888000326	0.3921345351566075	4.399524688720703
-0.04649466884650832	0.39157144854390996	4.412022590637207
-0.04883455879464337	0.390867590278038	4.42566704750061
-0.05116984386371797	0.390148601353244	4.44086217880249
-0.0544326591541048	0.3891208761081789	4.459814786911011
-0.05675844114287118	0.388371716867063	4.475003004074097
-0.059543502165665736	0.38745467970567277	4.489405393600464
-0.061630061092395695	0.38676014532796554	4.502726078033447
-0.06371436132394254	0.38605886171821313	4.515816688537598
-0.06603025047010583	0.38527965770737704	4.531084775924683
-0.06834104754964904	0.38448547996593985	4.545237064361572
-0.07064665574878966	0.38367636176698805	4.560973405838013
-0.07271933551818334	0.3829414435878145	4.574666261672974
-0.07478962596829859	0.3821998213061271	4.589029788970947
-0.07731703418058629	0.38128520966388646	4.602673530578613
-0.07961467800993875	0.38045374453457675	4.617562770843506
-0.08168012479349132	0.37969873742146726	4.631406784057617
-0.08420156005538194	0.37876778578590486	4.646384239196777
-0.08603533115493876	0.3780907300509504	4.66095495223999
-0.08809584773740883	0.377322369738402	4.674927473068237
-0.09015386683330047	0.37654734486300817	4.688554286956787
-0.09244055471762454	0.3756862061125706	4.702814817428589
-0.09449605477104933	0.3749045247920158	4.715659141540527
-0.09632316592964921	0.3742096969515226	4.731285095214844
-0.09883852260240567	0.3732624443260413	4.745739698410034
-0.10089402265583046	0.3724807630054865	4.7603020668029785
-0.10317791160408032	0.37161222820487005	4.775011777877808
-0.10523087108553474	0.370823898626559	4.789536237716675
-0.10751193717603967	0.36994797687288006	4.803233861923218
-0.10956233458263027	0.3691530072938519	4.8165059089660645
-0.11184055392328654	0.36826970776159845	4.831034898757935
-0.1141187732639429	0.36738640822934493	4.844679117202759
-0.11707672661102003	0.3662285397525612	4.864903450012207
-0.11935207533954106	0.36533787169349674	4.878503084182739
-0.12139728419529044	0.36452964716225683	4.891598224639893
-0.1236697384794564	0.3636316199053236	4.906386137008667
-0.12571232091357382	0.36281678056142264	4.920469522476196
-0.12821202062615647	0.3618289505787961	4.9336771965026855
-0.13070851026785546	0.36083303582513937	4.948730230331421
-0.1329780463057636	0.3599276587763605	4.961657285690308
-0.13524758234367176	0.35902228172758166	4.977040529251099
-0.13728751696195382	0.3582008361057246	4.990494728088379
-0.1397840066036529	0.35720492135206783	5.004693984985352
-0.1422772600259976	0.35620093225868704	5.018316030502319
-0.14409053524224838	0.3554707583725919	5.0313451290130615
-0.14635712926256175	0.35455804101497296	5.04530668258667
-0.1488471203509782	0.35354598809774557	5.059974670410156
-0.151340373773323	0.3525419990043647	5.075103044509888
-0.15383036486173943	0.35152994608713733	5.089132070541382
-0.15587029948002148	0.3507085004652803	5.102598667144775
-0.15859021230439763	0.34961323963613755	5.116963148117065
-0.16062747774037464	0.34878519634022426	5.130802631378174
-0.16289110600257142	0.3478651482336539	5.144899129867554
-0.1660517819110319	0.34655659536876704	5.161827087402344
-0.16853848458511578	0.3455364892280319	5.1762614250183105
-0.1707991233797375	0.3446091200091817	5.19053840637207
-0.17351188993328356	0.3434962769465615	5.20482063293457
-0.17599527814707394	0.3424681282670075	5.218412399291992
-0.17780137866619425	0.34172038377278646	5.231402635574341
-0.18028142640844613	0.34068420332334104	5.244657278060913
-0.18388876857899433	0.33917703176051134	5.264769077301025
-0.18636544987345116	0.3381328303942273	5.2796173095703125
-0.1886169783229573	0.33718355642487824	5.292327880859375
-0.19153995612056215	0.3359400339249916	5.307612180709839
-0.19356633172511764	0.3350856873525775	5.320854902267456
-0.19603962063078328	0.3340334760065196	5.333688974380493
-0.19851630192524006	0.33298927464023564	5.349160194396973
-0.20076783037474633	0.3320400006708865	5.3627660274505615
-0.20324111928041194	0.33098778932482864	5.376565933227539
-0.2054833251417712	0.3300167000894306	5.391480445861816
-0.20772553100313035	0.3290456108540326	5.403964996337891
-0.2104161780367614	0.32788030377155497	5.419708728790283
-0.21266462249645743	0.3269237480024114	5.431961297988892
-0.21468542572397517	0.32605630320751794	5.445410966873169
-0.21737983002733216	0.32489971014766	5.461498975753784
-0.22006669160914358	0.32372570124810024	5.476027965545654
-0.22207897759980408	0.3228386774331297	5.490350961685181
-0.22454193404979791	0.3217625026085333	5.502994060516357
-0.22700836049729317	0.3206943044495954	5.517755508422852
-0.22925056635865232	0.3197232152141974	5.531515121459961
-0.23149277222001158	0.31875212597879937	5.544618606567383
-0.23395572867000552	0.3176759511542029	5.558523416519165
-0.23641518932525735	0.31659181093590555	5.574535369873047
-0.2386510626482135	0.3156062289192716	5.58793830871582
-0.24043976130657846	0.31481776330596445	5.601515054702759
-0.24268196716793766	0.31384667407056643	5.6154584884643555
-0.24559273388156672	0.31257483109604334	5.63247537612915
-0.24850760150133375	0.3113124150900259	5.651662588119507
-0.25163782415347236	0.30993260026673836	5.6736836433410645
-0.25365297033983103	0.3090520935920685	5.6877806186676025
-0.25567095561505426	0.3081781132802103	5.701169490814209
-0.2579131614764136	0.3072070240448122	5.717459201812744
-0.2601553673377727	0.3062359348094142	5.731412887573242
-0.26194913202686015	0.30545906342109574	5.744495153427124
-0.264412088476854	0.3043828885964993	5.760530710220337
-0.26665742539631815	0.3034190610466177	5.7754669189453125
-0.2688964767144943	0.3024407202969846	5.789750337600708
-0.27091446198971764	0.30156673998512634	5.802015542984009
-0.27339114328417446	0.3005225386188423	5.818542242050171
-0.27542027325510776	0.2996747546147507	5.832436800003052
-0.27767486211170034	0.2987327723879822	5.845703363418579
-0.27970123771625593	0.297878425815568	5.860235929489136
-0.28195886336515635	0.29694374519779165	5.875274658203125
-0.2842164890140567	0.29600906458001536	5.88956356048584
-0.286022589533177	0.2952613200857943	5.902500867843628
-0.28850929220726085	0.29424121394505914	5.917692422866821
-0.2903178032429583	0.29349931856997896	5.931140661239624
-0.2923496663269686	0.29265810601398023	5.943934440612793
-0.29460729197586905	0.2917234253962039	5.958375930786133
-0.29686491762476935	0.2907887447784276	5.973901033401489
-0.2993516202988532	0.2897686386376924	5.988352298736572
-0.30138888573483025	0.2889405953417791	6.001218318939209
-0.3034288203531124	0.28811914971992203	6.014687538146973
-0.3059188114415288	0.28710709680269464	6.030621290206909
-0.308176437090429	0.2861724161849184	6.044992923736572
-0.31155832037531805	0.28475944284476556	6.06451153755188
-0.31449323371888854	0.28354435804165634	6.083566904067993
-0.3169864871412333	0.2825403689482755	6.098404407501221
-0.31925308116154666	0.28162765159065656	6.111416578292847
-0.3240067005121598	0.2796955505668588	6.137811899185181
-0.3289734769397406	0.2776392532077509	6.167553901672363
-0.3343917784971015	0.2753960197250877	6.198456525802612
-0.34027721197881294	0.2730038946480048	6.229540109634399
-0.34479246327661367	0.27113453341245214	6.259279251098633
-0.3475016140552941	0.27001291667112054	6.274552583694458
-0.34975314250480033	0.26906364270177147	6.287673234939575
-0.35336534354304083	0.26756815371332937	6.30857253074646
-0.3574290697110616	0.2658857286013319	6.3319478034973145
-0.36014542362569757	0.2647816708734475	6.346496343612671
-0.3644406373354788	0.26301966935763216	6.370354652404785
-0.3675970617347085	0.2617008942401562	6.390611886978149
-0.3709743544089678	0.2602769832861326	6.410726070404053
-0.37434702109851187	0.2588421496324173	6.4305808544158936
-0.377045154450147	0.2576942827094451	6.445688247680664
-0.3804224471244063	0.2562703717554215	6.465792894363403
-0.38312428126381376	0.2551312429922026	6.4823033809661865
-0.3851478812775401	0.2542703427999734	6.495088338851929
-0.38806681927284353	0.2530173669851273	6.510747909545898
-0.3898630888084148	0.252246304945222	6.52345871925354
-0.3923295152559099	0.25117810678628416	6.537675380706787
-0.39457172111726907	0.25020701755088615	6.550822973251343
-0.39704159172867975	0.24914680724601632	6.565051078796387
-0.39951488063434537	0.24809459589995844	6.579096555709839
-0.4015356838618631	0.247227151105065	6.591710567474365
-0.4035536691370864	0.24635317079320676	6.605007171630859
-0.40579587499844566	0.24538208155780872	6.620001792907715
-0.4078166782259633	0.2445146367629153	6.633349418640137
-0.41006201514542745	0.24355080921303368	6.6458141803741455
-0.4123135435949336	0.2426015352436846	6.659961938858032
-0.41455888051439777	0.24163770769380297	6.675649881362915
-0.4170253069618929	0.24056950953486517	6.691729307174683
-0.41881907165098015	0.2397926381465468	6.704974889755249
-0.4212889422623909	0.23873242784167695	6.720416069030762
-0.42331254227611725	0.2378715276494478	6.733476638793945
-0.4255609867358133	0.23691497188030428	6.747560024261475
-0.42758736234036887	0.23606062530789007	6.7611472606658936
-0.429838890789875	0.235111351338541	6.775580883026123
-0.43186249080360134	0.23425045114631185	6.790696620941162
-0.4336612463713582	0.233485206530997	6.803263902664185
-0.43635937972299355	0.23233733960802472	6.818576812744141
-0.4386139685795861	0.2313953573812562	6.832486867904663
-0.4406458316635964	0.23055414482525752	6.8456761837005615
-0.4435767971771668	0.22932956793045842	6.863617420196533
-0.4456031727817224	0.22847522135804424	6.87853741645813
-0.44785470123122856	0.22752594738869517	6.893064737319946
-0.45010622968073477	0.22657667341934606	6.90597939491272
-0.45235775813024093	0.22562739944999702	6.921669006347656
-0.45461538377914135	0.22469271883222067	6.93480658531189
-0.4570954315213932	0.22365653838277527	6.94946551322937
-0.4591272946054035	0.22281532582677657	6.961780309677124
-0.46183644538408397	0.22169370908544497	6.978517055511475
-0.4640940710329844	0.22075902846766862	6.991739511489868
-0.46612864594814385	0.2199243961707035	7.005524396896362
-0.4686120341619342	0.21889624749114955	7.02096700668335
-0.4708696598108346	0.2179615668733732	7.034569501876831
-0.4731272854597349	0.2170268862555969	7.048556327819824
-0.47538491110863534	0.21609220563782056	7.061634063720703
-0.4783158766222058	0.21486762874302143	7.081085205078125
-0.4807992648359961	0.2138394800634675	7.094573259353638
-0.48305689048489653	0.21290479944569116	7.108489274978638
-0.4855369382271484	0.21186861899624576	7.123066663742065
-0.48824244485505963	0.21073824032412347	7.139521360397339
-0.49072583306885	0.20971009164456952	7.151872396469116
-0.49320588081110184	0.20867391119512413	7.167687654495239
-0.4956825621055586	0.20762970982884013	7.181810617446899
-0.49816260984781047	0.20659352937939474	7.196434259414673
-0.5008681164757216	0.20546315070727247	7.21089768409729
-0.5035736231036327	0.2043327720351502	7.225815773010254
-0.5055999987081883	0.20347842546273603	7.239164352416992
-0.5080732876138538	0.20242621411667816	7.252604246139526
-0.5114505802881131	0.20100230316265458	7.2713847160339355
-0.5141524144275205	0.19986317439943568	7.285677194595337
-0.5164039428770266	0.1989139004300866	7.300557613372803
-0.5186554713265328	0.19796462646073754	7.313228607177734
-0.5211287602321985	0.19691241511467963	7.3285815715789795
-0.523598630843609	0.19585220480980986	7.341559648513794
-0.5256222308573355	0.19499130461758063	7.35437798500061
-0.5283203642089705	0.19384343769460846	7.369485378265381
-0.5305688086686668	0.19288688192546483	7.383007764816284
-0.533266942020302	0.19173901500249263	7.397992134094238
-0.5352877452478197	0.19087157020759918	7.4111621379852295
-0.5379821495511766	0.18971497714774127	7.423904657363892
-0.5402274864706408	0.18875114959785963	7.439022064208984
-0.5422454717458641	0.1878771692860014	7.451764345169067
-0.5449361187794952	0.1867118622035238	7.466990232467651
-0.5476267658131261	0.18554655512104626	7.483345031738281
-0.5503174128467572	0.18438124803856865	7.497737884521484
-0.552338216074275	0.18351380324367514	7.511199474334717
-0.5552530836940419	0.18225138723765774	7.52530312538147
-0.5579361316815894	0.181068688817697	7.543936014175415
-0.5603990881315832	0.17999251399310054	7.558961629867554
-0.5628655145790784	0.17892431583416268	7.572444677352905
-0.5655561616127095	0.17775900875168507	7.587657451629639
-0.5675713077990681	0.17687850207701528	7.601996183395386
-0.5698103591172443	0.17590016132738212	7.615619421005249
-0.5720494104354205	0.174921820577749	7.630961179733276
-0.5740673957106438	0.17404784026589074	7.6435112953186035
-0.5769863337059471	0.17279486445104467	7.657883405685425
-0.5794527601534423	0.1717266662921068	7.675788879394531
-0.5816949660148014	0.17075557705670882	7.691285610198975
-0.5839308393377577	0.16976999504007484	7.704965829849243
-0.5861667126607139	0.1687844130234409	7.719147205352783
-0.5881875158882315	0.1679169682285475	7.733330965042114
-0.590660804793897	0.1668647568824896	7.746517181396484
-0.5929153936504897	0.16592277465572106	7.7607269287109375
-0.5951699825070824	0.1649807924289525	7.774730205535889
-0.5974184269667784	0.164024236659809	7.790025234222412
-0.5994448025713339	0.16316989008739483	7.802519798278809
-0.6021466367107414	0.16203076132417588	7.817546367645264
-0.6041757666816747	0.16118297732008421	7.830959320068359
-0.606207629765685	0.16034176476408554	7.8454039096832275
-0.6084652554145853	0.15940708414630925	7.85897970199585
-0.6107228810634857	0.1584724035285329	7.872314453125
-0.6132029288057376	0.1574362230790875	7.887478351593018
-0.6150065998910118	0.1566826372976726	7.900418281555176
-0.6174899881048022	0.15565448861811865	7.914416074752808
-0.6197476137537025	0.15471980800034235	7.927953004837036
-0.6217821886688619	0.15388517570337723	7.942843675613403
-0.6240428274634838	0.152957806484527	7.955532073974609
-0.6263034662581055	0.15203043726567686	7.970882415771484
-0.6283353293421158	0.1511892247096782	7.983445882797241
-0.6305929549910162	0.15025454409190184	7.998373746871948
-0.6326275299061759	0.14941991179493663	8.011325120925903
-0.6351175209945923	0.14840785887770924	8.025111436843872
-0.6371520959097517	0.14757322658074412	8.039680004119873
-0.6394127347043735	0.14664585736189395	8.052276849746704
-0.642577629016844	0.1453475404555037	8.071792364120483
-0.64529039557039	0.14423469739288347	8.085810899734497
-0.647327661006367	0.14340665409697018	8.101370811462402
-0.6502742332327743	0.14222012153206556	8.119072675704956
-0.6525348720273961	0.1412927523132154	8.131807088851929
-0.6550248631158125	0.140280699395988	8.146515607833862
-0.6572824887647128	0.1393460187782117	8.160501956939697
-0.6595401144136133	0.13841133816043535	8.173993587493896
-0.6622564683282494	0.13730728043255092	8.187781810760498
-0.6642910432434088	0.1364726481355858	8.201984167098999
-0.667003809796955	0.13535980507296555	8.215935468673706
-0.6694938008853714	0.13434775215573816	8.231042861938477
-0.6719805035594553	0.133327646015003	8.244895696640015
-0.674241142354077	0.13240027679615285	8.258608341217041
-0.6767245305678673	0.1313721281165989	8.273099899291992
-0.6792045783101193	0.13033594766715348	8.286458969116211
-0.6816879665239095	0.12930779898759956	8.301159620285034
-0.683717096494843	0.12846001498350781	8.314391851425171
-0.686429863048389	0.12734717192088765	8.328500509262085
-0.6889132512621795	0.12631902324133365	8.343277215957642
-0.6911708769110798	0.12538434262355735	8.355814695358276
-0.6936509246533317	0.12434816217411196	8.371201515197754
-0.6959055135099244	0.1234061799473434	8.383715867996216
-0.6981601023665169	0.12246419772057487	8.39916205406189
-0.7006367836609738	0.12141999635429085	8.411804676055908
-0.7031168314032256	0.1203838159048455	8.426604270935059
-0.7062732558024554	0.1190650407873695	8.445630073547363
-0.7103204558299082	0.11734324040291114	8.47058391571045
-0.7136884612091043	0.11589749907808874	8.490509510040283
-0.7170611278986484	0.11446266542437346	8.510560035705566
-0.7195378091931051	0.11341846405808952	8.526307582855225
-0.7220110980987707	0.11236625271203161	8.540664196014404
-0.7240319013262884	0.1114988079171382	8.55397629737854
-0.7265051902319543	0.11044659657108022	8.56937313079834
-0.7287536346916502	0.10949004080193671	8.581702709197998
-0.7310020791513462	0.1085334850327932	8.595796823501587
-0.7332566680079388	0.10759150280602467	8.610482931137085
-0.7352830436124944	0.10673715623361045	8.62520718574524
-0.7375345720620006	0.10578788226426139	8.639401912689209
-0.7397861005115067	0.10483860829491233	8.652700662612915
-0.7422661482537586	0.10380242784546694	8.667931079864502
-0.7440698193390327	0.10304884206405207	8.68086576461792
-0.7463244081956254	0.1021068598372835	8.694431781768799
-0.748578997052218	0.10116487761051497	8.708613395690918
-0.7503826681374921	0.10041129182910015	8.721891403198242
-0.7528660563512825	0.0993831431495462	8.735934495925903
-0.7548951863222157	0.09853535914545454	8.751343011856079
-0.7573785745360061	0.09750721046590059	8.764731407165527
-0.7591846750551265	0.09675946597167946	8.778619289398193
-0.7616713777292105	0.09573935983094428	8.793436527252197
-0.7641547659430008	0.09471121115139033	8.808489084243774
-0.7661893408581603	0.09387657885442521	8.821507215499878
-0.7684499796527821	0.09294920963557503	8.83557415008545
-0.7709333678665725	0.09192106095602104	8.851529359817505
-0.7736425186452529	0.09079944421468948	8.870315313339233
-0.7759061469074496	0.08987939610811914	8.883562803268433
-0.7781756829453579	0.08897401905934026	8.89708662033081
-0.7804452189832661	0.08806864201056137	8.91243290901184
-0.7827147550211743	0.08716326496178253	8.925466060638428
-0.7847546896394564	0.08634181933992549	8.940648555755615
-0.78702128365977	0.0854291019823065	8.954749345779419
-0.7892878776800833	0.08451638462468757	8.969321250915527
-0.7915603319642495	0.08361835736775433	8.982609987258911
-0.7936081458199182	0.08281675611459637	8.995524644851685
-0.7961078455325008	0.08182892613196982	9.01119589805603
-0.7983744395528142	0.0809162087743509	9.024372816085815
-0.8006468938369802	0.0800181815174177	9.038692712783813
-0.8029193481211463	0.07912015426048441	9.05154275894165
-0.8051918024053123	0.0782221270035512	9.067087173461914
-0.8090598952437978	0.07670799130314168	9.089828729629517
-0.8115595949563805	0.07572016132051511	9.10263729095459
-0.8140624785577535	0.07474042645554425	9.118321895599365
-0.816107687413503	0.07393220192430432	9.132433414459229
-0.8188346325545023	0.07285456921598445	9.148306131362915
-0.8213311221962013	0.07185865446232771	9.16231083869934
-0.8236006582341094	0.07095327741354887	9.177002191543579
-0.826100357946692	0.06996544743092234	9.190721988677979
-0.828372812230858	0.06906742017398913	9.205331087112427
-0.8304153946649755	0.06825258083008812	9.218669652938843
-0.8329086480873203	0.06724859173670725	9.232582092285156
-0.8349459135232973	0.06642054844079395	9.245651245117188
-0.837209541785494	0.06550050033422357	9.260931968688965
-0.8403786213525694	0.06421243298502506	9.279762268066406
-0.8424185559708514	0.06339098736316805	9.292562007904053
-0.844685149991165	0.06247827000554904	9.307676553726196
-0.8464936610268624	0.061736374630468875	9.321414709091187
-0.8485255241108727	0.06089516207447021	9.333909034729004
-0.8505600990260321	0.06006052977750509	9.34858250617981
-0.8525919621100425	0.059219317221506355	9.362363338470459
-0.8548495877589428	0.05828463660373005	9.378663063049316
-0.8566556882780632	0.057536892109508964	9.391325950622559
-0.8584617887971834	0.056789147615287944	9.404484748840332
-0.8604853888109099	0.05592824742305873	9.419559240341187
-0.8625117644154654	0.055073900850644585	9.43465542793274
-0.8643129871750702	0.054314481675165366	9.4496328830719
-0.8665645156245765	0.05336520770581627	9.464672327041626
-0.868588115638303	0.05250430751358705	9.479541063308716
-0.8699371823141205	0.05193037405210093	9.493408441543579
-0.8715089181577453	0.05125569476718386	9.506324529647827
-0.8733051876933169	0.05048463272727847	9.521369934082031
-0.8751014572288881	0.049713570687373226	9.534017324447632
-0.8766753683506752	0.04904398164897282	9.548027515411377
-0.878474123918432	0.04827873703365797	9.562759637832642
-0.880045859762057	0.047604057748740825	9.575735569000244
-0.8816154038650083	0.046924295283962275	9.589843034744263
-0.8831871397086334	0.046249615999045056	9.602277755737305
-0.8849834092442046	0.045478553959139814	9.617817163467407
-0.8863306113958829	0.04490025742921092	9.631182432174683
-0.8876778135475616	0.04432196089928188	9.643844366073608
-0.8890250156992401	0.043743664369352904	9.65858793258667
-0.8910430009744634	0.042869684057494646	9.677960634231567
-0.8923883244912788	0.042287030516255916	9.691742420196533
-0.893510992951011	0.04180511674131508	9.704630851745605
-0.8953072624865823	0.041034054701409806	9.720563888549805
-0.896205397254368	0.04064852368145715	9.732621431350708
-0.8975525994060467	0.040070227151528096	9.745410203933716
-0.898673702336726	0.03958468253382918	9.760311603546143
-0.8997963707964582	0.0391027687588883	9.774627685546875
-0.9011435729481365	0.03852447222895941	9.788431644439697
-0.9022677951779847	0.03804619434438758	9.801522493362427
-0.9036168618538022	0.03747226088290154	9.815816640853882
-0.9045162396376807	0.03708963857524407	9.829782485961914
-0.9056389080974128	0.036607724800303276	9.842690467834473
-0.9067631303272607	0.03612944691573152	9.855768203735352
-0.9078888945520138	0.035654809931056984	9.870970487594604
-0.9090131167818618	0.03517653204648523	9.883653402328491
-0.9101388810066151	0.03470189506181062	9.89770793914795
-0.9112661754349112	0.034230903948426435	9.911396741867065
-0.9123919396596645	0.03375626696375183	9.925646305084229
-0.9132925510394669	0.033376557376012216	9.939980030059814
-0.9144198454677632	0.03290556626262795	9.953250885009766
-0.9157725987817188	0.03234037692656682	9.96708345413208
-0.9164498864763888	0.03205997274123396	9.981414794921875
-0.9178044618657292	0.03149916437056813	9.996405363082886
-0.918480838522707	0.031216569702537562	10.010435581207275
-0.9196096513471572	0.03074922939364941	10.023646593093872
-0.9205127016067174	0.030375357146538867	10.03637170791626
-0.9214157518662773	0.030001484899428398	10.050021409988403
-0.9225460712635882	0.029537800290003288	10.063363552093506
-0.9236778853946866	0.02907777623671808	10.082314729690552
-0.9243560770330731	0.028799565471063066	10.095036268234253
-0.9252603325509218	0.028428617783522986	10.108609676361084
-0.9261645880687706	0.028057670095982867	10.122440338134766
-0.9268436765474293	0.02778165566401187	10.135204076766968
-0.9277491278523081	0.027413636421383673	10.148393154144287
-0.928654579157187	0.027045617178755477	10.16156005859375
-0.9295600304620654	0.02667759793612743	10.176009178161621
-0.9304654817669442	0.026309578693499234	10.189713478088379
-0.9311454599730383	0.026035763486213514	10.20278549194336
-0.9320520975811635	0.025670676543166036	10.215708494186401
-0.932958735189289	0.02530558960011841	10.231772899627686
-0.9336378236679481	0.025029575168147262	10.24463415145874
-0.9345432749728265	0.024661555925519215	10.258695363998413
-0.9354487262777054	0.02429353668289102	10.273808717727661
-0.9365820232878621	0.02383717800408156	10.288328409194946
-0.9370353420919246	0.023654634532557818	10.300917148590088
-0.9379419797000501	0.02328954758951019	10.314494132995605
-0.9388486173081756	0.022924460646462565	10.329558610916138
-0.939529478119548	0.02265284753182894	10.342522621154785
-0.9402094563256419	0.02237903232454329	10.356268167495728
-0.9411160939337674	0.022013945381495665	10.371679306030273
-0.9420227315418926	0.02164885843844811	10.386486530303955
-0.9427035923532651	0.02137724532381449	10.400314807891846
-0.943385328638515	0.021107837146734483	10.413414239883423
-0.9442943103521814	0.020748626243961215	10.42969799041748
-0.9447476291562441	0.0205660827724374	10.442440032958984
-0.9456542667643694	0.020200995829389848	10.45572805404663
-0.9465609043724947	0.019835908886342256	10.476434469223022
-0.9472417651838673	0.01956429577170856	10.492013692855835
-0.9479235014691171	0.01929488759462859	10.505507707595825
-0.9488324831827833	0.01893567669185536	10.522769689559937
-0.9497414648964498	0.01857646578908202	10.544726610183716
-0.9504223257078223	0.018304852674448358	10.561511993408203
-0.9513301401229853	0.017942701854936873	10.5818030834198
-0.9522379545381487	0.017580551035425277	10.599369764328003
-0.9531480940295571	0.017224283811799482	10.617522239685059
-0.9536031637752613	0.017046150199986603	10.63318395614624
-0.9542849000605113	0.016776742022906597	10.647096633911133
-0.9549657608718837	0.016505128908272975	10.660311698913574
-0.9556474971571336	0.01623572073119297	10.673789501190186
-0.9563301017756898	0.015968520313473667	10.689014196395874
-0.9567851715213941	0.01579038670166075	10.701533794403076
-0.9574686373235911	0.01552539684198467	10.715252876281738
-0.9579242811917222	0.015348736935534023	10.728684425354004
-0.9586068858102784	0.015081536517814723	10.742453813552856
-0.9588341312386951	0.014991733792121388	10.755110263824463
-0.9597431129523616	0.014632522889348045	10.769560813903809
-0.9601987568204929	0.014455862982897324	10.78385615348816
-0.9606544006886238	0.014279203076446747	10.797625064849854
-0.9611100445567552	0.014102543169996026	10.810793161392212
-0.9620213322930178	0.013749223357094586	10.823401689529419
-0.9622488671658699	0.013660156551188128	10.8375563621521
-0.9629323329680667	0.013395166691512122	10.851070880889893
-0.9633879768361978	0.013218506785061474	10.864492416381836
-0.9638436207043292	0.013041846878610753	10.881945610046387
-0.9642992645724605	0.012865186972160032	10.89580488204956
-0.9647549084405919	0.012688527065709311	10.911115169525146
-0.965437513059148	0.012421326647990012	10.92374587059021
-0.9658925828048521	0.012243193036177168	10.940741062164307
-0.9665760486070492	0.011978203176501088	10.952865839004517
-0.9668041552160996	0.01189061100113318	10.966297626495361
-0.9672603684342007	0.011715426650397364	10.981082677841187
-0.9679438342363975	0.011450436790721358	10.995818376541138
-0.9681713691092496	0.011361369984814901	11.010017395019531
-0.9686264388549537	0.011183236373002057	11.02274227142334
-0.9693099046571507	0.010918246513325977	11.036556720733643
-0.9697655485252821	0.010741586606875256	11.050460577011108
-0.9702211923934134	0.010564926700424535	11.063064575195312
-0.9709037970119695	0.01029772628270527	11.08173680305481
-0.9718139365033779	0.009941459059079475	11.105767488479614
-0.972953046173706	0.00949980929295275	11.133671522140503
-0.9740935792189584	0.009061848416113284	11.16279649734497
-0.9752326888892867	0.008620198649986484	11.191344738006592
-0.976141670602953	0.008260987747213252	11.215638399124146
-0.9768242752215094	0.007993787329493879	11.23644471168518
-0.9772793449672136	0.007815653717681	11.25040578842163
-0.9775071669012793	0.00772732376445564	11.264994144439697
-0.978877500270229	0.007206202884085809	11.29914927482605
-0.9793331441383604	0.00702954297763509	11.315208673477173
-0.9797887880064917	0.006852883071184371	11.328620195388794
-0.980244431874623	0.006676223164733686	11.342563152313232
-0.9804725384836734	0.006588630989365814	11.355472087860107
-0.9809287517017743	0.00641344663863007	11.37046194076538
-0.9816139183862493	0.006152886198445102	11.383819580078125
-0.9818420249952998	0.006065294023077194	11.398730278015137
-0.9822982382134009	0.00589010967234138	11.41247844696045
-0.9827544514315019	0.0057149253216056	11.425724983215332
-0.9832106646496026	0.005539740970869892	11.440279245376587
-0.9834390535444276	0.005452887490808236	11.4550621509552
-0.9838958313340777	0.005279180530684924	11.469183206558228
-0.9843526091237277	0.005105473570561611	11.484586954116821
-0.9848093869133777	0.004931766610438299	11.497880935668945
-0.9852661647030275	0.0047580596503150555	11.511892318725586
-0.9854948334914599	0.004671945775271284	11.525745630264282
-0.9859521710683248	0.004499718025183741	11.540534496307373
-0.9864095086451895	0.004327490275096269	11.553463459014893
-0.9866384549321306	0.004242116907035324	11.567924737930298
-0.9868671237205631	0.004156003031991554	11.580929517745972
-0.9873255664954521	0.003986739098252981	11.594900131225586
-0.9875545127823933	0.003901365730192035	11.60872197151184
-0.9880124053562755	0.003730618994070143	11.622417211532593
-0.9882416267437202	0.003645987027200822	11.635965585708618
-0.9887000695186094	0.0034767230934621804	11.649587869644165
-0.9889295636056709	0.0033928334142277776	11.66305422782898
-0.9893885517797933	0.0032250540557591085	11.68138599395752
-0.9898475399539162	0.0030572746972903028	11.695762634277344
-0.9898475399539162	0.0030572746972903028	11.710277795791626
-0.990536833102722	0.0028078351584973522	11.722591876983643
