0          0.018
0          0.023
0          0.029
0          0.039
1          0.045
2          0.05
3          0.058
3          0.062
4          0.068
5          0.075
7          0.08
7          0.085
8          0.09
10          0.097
11          0.102
12          0.107
13          0.111
15          0.118
17          0.125
18          0.13
19          0.135
21          0.14
23          0.146
24          0.151
25          0.157
27          0.162
29          0.168
31          0.174
32          0.179
33          0.185
35          0.19
37          0.197
38          0.201
40          0.208
42          0.212
43          0.218
45          0.225
47          0.229
49          0.236
50          0.24
52          0.247
53          0.251
55          0.258
57          0.262
59          0.269
61          0.275
62          0.279
64          0.286
66          0.29
68          0.298
69          0.302
71          0.308
73          0.314
74          0.319
76          0.325
77          0.33
80          0.336
81          0.341
83          0.347
84          0.352
87          0.358
89          0.364
89          0.369
91          0.375
93          0.38
95          0.387
97          0.391
98          0.397
100          0.402
102          0.408
103          0.413
105          0.418
107          0.423
108          0.428
111          0.435
112          0.442
114          0.447
115          0.452
117          0.458
119          0.463
121          0.468
122          0.473
124          0.478
125          0.482
127          0.488
128          0.492
129          0.498
131          0.502
133          0.509
135          0.513
136          0.518
137          0.523
139          0.528
141          0.533
143          0.538
144          0.543
146          0.548
147          0.553
149          0.559
151          0.563
152          0.569
154          0.573
155          0.578
156          0.583
158          0.588
159          0.593
161          0.598
163          0.603
165          0.609
166          0.614
167          0.619
169          0.624
171          0.629
173          0.633
174          0.639
176          0.643
177          0.648
178          0.653
180          0.659
182          0.665
183          0.669
185          0.675
186          0.679
188          0.685
189          0.689
191          0.694
193          0.699
195          0.704
196          0.71
197          0.715
199          0.72
201          0.725
203          0.73
204          0.735
205          0.74
207          0.745
208          0.749
210          0.755
212          0.76
213          0.766
215          0.77
216          0.776
218          0.78
220          0.786
221          0.79
223          0.796
225          0.8
225          0.805
227          0.811
229          0.816
231          0.821
233          0.826
233          0.831
237          0.84
239          0.846
240          0.851
242          0.856
244          0.862
245          0.867
247          0.872
248          0.877
249          0.882
251          0.887
253          0.892
254          0.897
255          0.901
257          0.907
259          0.912
261          0.918
262          0.922
263          0.927
265          0.932
267          0.937
269          0.942
270          0.947
271          0.952
273          0.957
275          0.963
277          0.968
278          0.973
280          0.978
281          0.983
283          0.988
284          0.993
286          0.998
287          1.003
289          1.008
291          1.013
293          1.018
294          1.023
295          1.028
297          1.033
299          1.038
300          1.043
302          1.048
303          1.053
304          1.058
307          1.063
308          1.069
310          1.073
311          1.079
313          1.083
314          1.088
316          1.093
317          1.098
319          1.103
321          1.108
322          1.113
323          1.119
325          1.124
327          1.129
329          1.134
330          1.139
332          1.143
333          1.149
335          1.153
336          1.158
337          1.163
339          1.169
341          1.174
343          1.179
344          1.184
345          1.189
347          1.193
349          1.199
351          1.203
352          1.209
353          1.213
355          1.219
357          1.225
358          1.229
361          1.234
362          1.243
364          1.248
366          1.253
367          1.258
369          1.263
371          1.27
372          1.275
373          1.279
375          1.285
377          1.289
379          1.295
380          1.299
381          1.304
383          1.309
385          1.314
387          1.32
388          1.325
390          1.33
391          1.335
393          1.34
394          1.345
395          1.349
397          1.355
399          1.359
400          1.365
402          1.37
404          1.376
405          1.38
407          1.386
409          1.39
410          1.395
412          1.4
413          1.405
415          1.41
416          1.415
418          1.421
420          1.426
421          1.431
423          1.436
424          1.44
426          1.446
427          1.45
429          1.456
430          1.461
432          1.467
434          1.472
435          1.477
437          1.482
439          1.487
440          1.492
442          1.497
443          1.502
445          1.507
446          1.512
448          1.517
450          1.522
451          1.528
453          1.532
454          1.538
456          1.542
457          1.547
459          1.552
461          1.557
461          1.562
463          1.567
465          1.573
467          1.578
469          1.583
470          1.588
471          1.593
473          1.598
475          1.602
476          1.608
478          1.612
479          1.617
481          1.622
483          1.628
484          1.633
487          1.642
489          1.648
490          1.652
492          1.658
493          1.662
495          1.668
497          1.672
499          1.679
500          1.683
501          1.689
503          1.693
505          1.698
506          1.703
508          1.708
509          1.713
511          1.718
512          1.723
514          1.729
516          1.733
517          1.738
519          1.743
520          1.749
522          1.753
523          1.758
525          1.763
527          1.768
528          1.773
529          1.779
531          1.784
533          1.789
535          1.794
536          1.799
538          1.803
539          1.809
541          1.813
542          1.818
544          1.823
545          1.829
547          1.835
549          1.84
550          1.845
552          1.85
553          1.855
555          1.859
557          1.865
558          1.869
560          1.875
561          1.88
563          1.886
565          1.89
567          1.896
568          1.9
569          1.906
571          1.91
572          1.915
574          1.92
575          1.925
577          1.931
579          1.936
580          1.941
582          1.946
583          1.95
585          1.956
587          1.96
589          1.966
590          1.97
591          1.975
593          1.981
595          1.987
596          1.991
598          1.996
599          2.001
601          2.006
603          2.012
604          2.017
606          2.022
607          2.028
609          2.033
612          2.042
614          2.048
615          2.052
617          2.058
618          2.062
620          2.068
621          2.072
623          2.078
625          2.083
627          2.088
628          2.093
629          2.098
631          2.103
633          2.108
634          2.113
636          2.118
637          2.123
639          2.128
641          2.134
642          2.139
644          2.143
645          2.148
646          2.153
648          2.158
649          2.163
651          2.168
653          2.173
655          2.178
657          2.184
658          2.189
659          2.194
661          2.199
663          2.203
664          2.209
666          2.213
667          2.218
668          2.223
670          2.228
672          2.235
673          2.239
675          2.244
676          2.249
678          2.254
679          2.259
681          2.263
683          2.268
684          2.273
686          2.278
687          2.283
689          2.289
695          2.311
697          2.317
699          2.321
701          2.327
702          2.331
704          2.337
706          2.342
707          2.347
709          2.352
710          2.357
711          2.362
713          2.367
714          2.371
716          2.377
717          2.381
719          2.388
721          2.392
723          2.398
725          2.402
725          2.408
727          2.412
729          2.418
731          2.422
732          2.427
734          2.432
736          2.441
738          2.448
740          2.452
741          2.458
743          2.462
745          2.468
746          2.472
747          2.478
749          2.482
751          2.488
753          2.493
754          2.498
755          2.503
757          2.508
759          2.513
761          2.518
762          2.522
763          2.528
765          2.532
767          2.539
769          2.544
770          2.549
772          2.553
773          2.558
775          2.563
776          2.568
777          2.573
779          2.578
781          2.583
782          2.588
784          2.594
785          2.599
787          2.604
789          2.609
790          2.613
792          2.618
793          2.623
795          2.628
796          2.633
798          2.638
800          2.644
801          2.649
803          2.654
804          2.659
806          2.664
807          2.669
809          2.673
811          2.679
812          2.683
813          2.688
815          2.695
817          2.699
819          2.705
820          2.709
822          2.715
823          2.719
825          2.724
826          2.729
828          2.734
829          2.739
831          2.745
832          2.749
834          2.755
835          2.759
837          2.765
839          2.769
841          2.775
841          2.779
843          2.784
845          2.789
847          2.795
848          2.8
850          2.805
852          2.81
853          2.815
854          2.819
856          2.825
857          2.83
859          2.835
863          2.846
864          2.851
866          2.856
867          2.861
869          2.866
871          2.871
872          2.876
873          2.88
875          2.886
877          2.89
879          2.897
880          2.901
881          2.907
883          2.911
885          2.916
886          2.921
888          2.926
889          2.931
891          2.936
892          2.941
894          2.947
895          2.952
897          2.957
899          2.961
900          2.967
901          2.971
903          2.977
905          2.981
907          2.987
908          2.991
909          2.997
911          3.002
913          3.007
915          3.012
916          3.017
917          3.022
919          3.027
920          3.031
922          3.037
923          3.041
925          3.047
927          3.052
928          3.057
930          3.062
931          3.067
933          3.072
935          3.077
937          3.082
938          3.087
939          3.092
941          3.098
943          3.103
944          3.108
946          3.112
947          3.117
949          3.122
950          3.127
952          3.132
953          3.137
955          3.142
957          3.147
958          3.153
960          3.158
961          3.163
963          3.168
965          3.173
967          3.178
967          3.182
969          3.188
971          3.192
973          3.198
975          3.204
975          3.209
977          3.213
979          3.218
980          3.223
982          3.228
983          3.233
985          3.238
987          3.247
990          3.253
991          3.258
993          3.263
995          3.268
996          3.273
997          3.278
999          3.283
1001          3.288
1002          3.293
1003          3.298
1005          3.303
1007          3.309
1009          3.313
1010          3.318
1012          3.323
1013          3.328
1015          3.333
1016          3.338
1017          3.343
1019          3.348
1021          3.354
1023          3.359
1024          3.364
1025          3.369
1027          3.374
1029          3.379
1031          3.384
1032          3.389
1033          3.393
1035          3.398
1037          3.405
1038          3.409
1040          3.415
1041          3.419
1043          3.424
1044          3.429
1046          3.434
1047          3.439
1049          3.444
1050          3.449
1052          3.455
1053          3.459
1055          3.465
1057          3.469
1059          3.475
1060          3.479
1062          3.485
1063          3.489
1065          3.495
1066          3.499
1068          3.505
1070          3.51
1071          3.515
1073          3.52
1074          3.525
1075          3.529
1077          3.535
1079          3.539
1080          3.545
1081          3.549
1084          3.556
1085          3.56
1087          3.566
1089          3.57
1090          3.575
1091          3.58
1093          3.585
1095          3.59
1096          3.595
1097          3.599
1099          3.605
1101          3.611
1103          3.616
1104          3.62
1105          3.626
1107          3.63
1109          3.635
1110          3.64
1113          3.649
1115          3.655
1117          3.66
1119          3.666
1119          3.67
1121          3.676
1123          3.68
1124          3.686
1126          3.69
1127          3.695
1129          3.7
1130          3.705
1132          3.711
1134          3.716
1135          3.721
1137          3.726
1139          3.731
1140          3.736
1141          3.741
1143          3.746
1145          3.75
1146          3.756
1148          3.761
1149          3.767
1151          3.771
1153          3.776
1154          3.781
1156          3.787
1157          3.791
1159          3.796
1160          3.801
1162          3.806
1163          3.811
1165          3.817
1167          3.821
1168          3.827
1169          3.831
1171          3.836
1173          3.842
1175          3.847
1177          3.852
1178          3.857
1179          3.863
1181          3.868
1183          3.872
1184          3.878
1186          3.882
1187          3.887
1189          3.892
1190          3.897
1192          3.902
1193          3.907
1195          3.913
1197          3.918
1198          3.923
1200          3.928
1201          3.932
1203          3.938
1205          3.942
1206          3.947
1208          3.952
1211          3.963
1213          3.968
1214          3.973
1216          3.978
1217          3.983
1219          3.988
1220          3.993
1222          3.998
1223          4.003
1225          4.008
1227          4.014
1228          4.019
1230          4.023
1231          4.029
1233          4.033
1235          4.038
1237          4.048
1239          4.052
1241          4.058
1243          4.064
1244          4.069
1246          4.074
1247          4.079
1249          4.084
1250          4.089
1252          4.094
1253          4.099
1255          4.103
1257          4.109
1258          4.115
1259          4.119
1261          4.125
1263          4.129
1265          4.135
1266          4.139
1267          4.144
1269          4.149
1271          4.154
1272          4.159
1274          4.164
1275          4.169
1277          4.175
1278          4.179
1280          4.185
1281          4.189
1283          4.194
1285          4.199
1286          4.204
1287          4.209
1289          4.214
1291          4.219
1293          4.225
1294          4.229
1296          4.235
1297          4.239
1299          4.245
1300          4.249
1302          4.255
1303          4.259
1305          4.264
1307          4.27
1308          4.276
1310          4.28
1311          4.285
1313          4.29
1314          4.295
1316          4.3
1317          4.305
1319          4.311
1321          4.317
1323          4.322
1325          4.328
1326          4.332
1327          4.337
1329          4.342
1331          4.347
1333          4.352
1334          4.357
1335          4.362
1337          4.367
1339          4.373
1341          4.378
1342          4.383
1343          4.388
1345          4.393
1347          4.398
1348          4.402
1349          4.408
1351          4.412
1353          4.417
1355          4.423
1356          4.428
1357          4.433
1359          4.438
1361          4.443
1363          4.452
1365          4.457
1367          4.462
1371          4.477
1372          4.481
1374          4.487
1375          4.491
1377          4.497
1379          4.501
1381          4.507
1382          4.511
1383          4.517
1385          4.522
1387          4.527
1389          4.532
1390          4.537
1392          4.542
1393          4.547
1395          4.552
1396          4.557
1397          4.562
1399          4.567
1401          4.573
1403          4.578
1404          4.583
1405          4.588
1407          4.593
1409          4.598
1410          4.602
1411          4.608
1413          4.612
1415          4.617
1417          4.623
1419          4.629
1421          4.633
1421          4.638
1423          4.643
1425          4.648
1426          4.653
1428          4.658
1429          4.663
1430          4.668
1433          4.674
1434          4.679
1436          4.683
1437          4.689
1439          4.693
1440          4.698
1441          4.703
1443          4.708
1445          4.713
1447          4.718
1449          4.723
1450          4.729
1451          4.734
1453          4.739
1455          4.743
1456          4.749
1458          4.753
1459          4.759
1461          4.764
1462          4.769
1464          4.773
1465          4.779
1467          4.785
1469          4.789
1470          4.794
1471          4.799
1473          4.804
1475          4.809
1477          4.814
1478          4.819
1479          4.823
1481          4.829
1483          4.835
1485          4.84
1487          4.849
1489          4.855
1490          4.859
1492          4.865
1493          4.87
1495          4.875
1497          4.881
1499          4.886
1500          4.891
1502          4.896
1503          4.901
1505          4.906
1507          4.91
1508          4.916
1509          4.92
1511          4.926
1513          4.931
1515          4.937
1516          4.941
1518          4.947
1519          4.951
1521          4.956
1522          4.961
1524          4.967
1525          4.971
1527          4.977
1529          4.982
1530          4.988
1532          4.992
1533          4.997
1535          5.002
1537          5.007
1538          5.012
1539          5.017
1541          5.022
1543          5.027
1545          5.033
1547          5.038
1548          5.043
1549          5.048
1551          5.053
1553          5.058
1554          5.063
1555          5.068
1557          5.072
1558          5.078
1561          5.083
1562          5.088
1563          5.093
1565          5.098
1567          5.103
1568          5.108
1569          5.113
1571          5.118
1573          5.123
1575          5.128
1576          5.134
1577          5.139
1579          5.144
1581          5.149
1583          5.153
1584          5.159
1586          5.163
1587          5.169
1589          5.173
1590          5.178
1592          5.185
1593          5.189
1595          5.195
1597          5.199
1598          5.204
1599          5.209
1601          5.214
1603          5.219
1605          5.223
1606          5.229
1607          5.235
1609          5.239
1611          5.245
1614          5.253
1615          5.259
1617          5.263
1618          5.269
1620          5.273
1621          5.279
1623          5.285
1625          5.29
1626          5.295
1627          5.299
1629          5.305
1631          5.309
1633          5.315
1634          5.319
1636          5.324
1637          5.329
1639          5.335
1641          5.34
1642          5.345
1644          5.35
1645          5.355
1646          5.36
1648          5.365
1649          5.369
1651          5.375
1653          5.379
1655          5.386
1656          5.39
1657          5.396
1659          5.4
1661          5.405
1663          5.41
1664          5.415
1666          5.42
1667          5.425
1668          5.429
1671          5.435
1672          5.44
1674          5.446
1675          5.45
1676          5.456
1678          5.46
1679          5.465
1681          5.47
1683          5.475
1684          5.48
1685          5.485
1687          5.491
1689          5.496
1691          5.501
1693          5.506
1694          5.51
1695          5.516
1697          5.52
1698          5.526
1700          5.53
1702          5.536
1703          5.541
1705          5.547
1706          5.551
1708          5.557
1709          5.561
1711          5.566
1713          5.571
1715          5.576
1716          5.581
1717          5.586
1719          5.592
1721          5.597
1722          5.602
1723          5.607
1725          5.611
1727          5.617
1728          5.621
1730          5.627
1731          5.631
1733          5.636
1734          5.642
1736          5.647
1739          5.657
1741          5.661
1743          5.667
1743          5.671
1745          5.677
1747          5.681
1749          5.687
1751          5.692
1752          5.698
1753          5.702
1755          5.708
1757          5.712
1758          5.717
1760          5.722
1761          5.727
1763          5.732
1764          5.737
1766          5.743
1768          5.748
1769          5.753
1771          5.758
1772          5.762
1774          5.768
1775          5.773
1777          5.778
1779          5.782
1780          5.787
1782          5.793
1784          5.798
1785          5.803
1787          5.808
1788          5.813
1790          5.818
1791          5.823
1793          5.828
1794          5.833
1796          5.839
1798          5.845
1799          5.85
1801          5.855
1802          5.859
1804          5.865
1805          5.869
1807          5.875
1809          5.879
1811          5.884
1812          5.889
1813          5.896
1815          5.9
1817          5.905
1819          5.91
1820          5.915
1821          5.919
1823          5.925
1824          5.929
1826          5.935
1827          5.939
1830          5.946
1831          5.951
1833          5.956
1834          5.96
1835          5.966
1837          5.97
1839          5.975
1841          5.98
1842          5.985
1843          5.99
1845          5.996
1847          6.001
1849          6.006
1850          6.011
1852          6.016
1853          6.021
1855          6.026
1856          6.03
1858          6.036
1859          6.041
1861          6.047
1864          6.056
1865          6.061
1867          6.066
1869          6.071
1871          6.076
1872          6.081
1873          6.086
1875          6.091
1877          6.096
1878          6.102
1880          6.107
1881          6.111
1883          6.117
1884          6.121
1886          6.127
1887          6.131
1889          6.137
1891          6.141
1892          6.147
1894          6.152
1895          6.157
1897          6.162
1899          6.167
1900          6.172
1902          6.177
1903          6.181
1905          6.187
1906          6.192
1908          6.197
1910          6.203
1911          6.208
1913          6.212
1914          6.218
1916          6.222
1917          6.227
1919          6.232
1921          6.237
1922          6.242
1923          6.247
1925          6.253
1927          6.258
1929          6.263
1931          6.268
1932          6.273
1933          6.278
1935          6.282
1936          6.288
1938          6.292
1939          6.297
1942          6.303
1943          6.309
1945          6.313
1946          6.319
1948          6.323
1949          6.328
1951          6.333
1953          6.338
1953          6.343
1955          6.348
1957          6.354
1959          6.359
1961          6.364
1962          6.369
1963          6.374
1965          6.379
1967          6.383
1968          6.388
1970          6.393
1971          6.398
1973          6.405
1974          6.409
1976          6.414
1977          6.419
1979          6.424
1981          6.429
1982          6.434
1983          6.439
1985          6.443
1987          6.449
1990          6.459
1992          6.464
1993          6.47
1995          6.477
1997          6.481
1999          6.487
2000          6.491
2002          6.497
2003          6.501
2005          6.508
2007          6.512
2008          6.517
2010          6.522
2011          6.527
2013          6.532
2014          6.537
2015          6.542
2017          6.547
2019          6.552
2021          6.558
2022          6.563
2023          6.568
2025          6.572
2027          6.578
2031          6.59
2032          6.596
2034          6.6
2036          6.607
2037          6.611
2039          6.617
2040          6.621
2042          6.626
2043          6.631
2045          6.636
2047          6.641
2049          6.646
2050          6.65
2052          6.656
2053          6.661
2055          6.667
2056          6.671
2058          6.677
2059          6.681
2061          6.687
2062          6.691
2064          6.697
2065          6.701
2067          6.707
2069          6.712
2071          6.717
2072          6.722
2073          6.727
2075          6.732
2077          6.737
2079          6.742
2080          6.747
2081          6.752
2083          6.757
2085          6.763
2086          6.768
2088          6.772
2089          6.778
2091          6.782
2092          6.788
2094          6.792
2095          6.797
2097          6.802
2099          6.807
2100          6.813
2102          6.818
2103          6.823
2105          6.828
2107          6.832
2109          6.839
2110          6.843
2111          6.849
2114          6.858
2117          6.864
2118          6.869
2120          6.874
2121          6.879
2123          6.884
2124          6.889
2126          6.893
2127          6.898
2129          6.903
2130          6.908
2132          6.915
2133          6.919
2135          6.925
2137          6.929
2139          6.934
2140          6.939
2141          6.944
2143          6.949
2145          6.953
2146          6.958
2148          6.965
2149          6.97
2151          6.975
2152          6.979
2154          6.985
2155          6.989
2157          6.995
2159          6.999
2160          7.004
2161          7.009
2163          7.015
2165          7.02
2167          7.025
2168          7.03
2170          7.035
2171          7.039
2173          7.045
2174          7.049
2176          7.055
2177          7.059
2179          7.066
2181          7.07
2182          7.075
2184          7.08
2185          7.085
2187          7.09
2189          7.095
2190          7.1
2191          7.105
2193          7.11
2195          7.116
2197          7.121
2199          7.126
2199          7.13
2201          7.136
2203          7.14
2205          7.146
2206          7.15
2207          7.156
2209          7.16
2211          7.166
2212          7.171
2214          7.176
2215          7.181
2217          7.186
2219          7.191
2220          7.196
2221          7.2
2223          7.206
2225          7.21
2227          7.217
2228          7.221
2229          7.227
2231          7.231
2233          7.237
2234          7.241
2236          7.246
2237          7.251
2240          7.26
2242          7.265
2243          7.271
2245          7.277
2247          7.281
2248          7.287
2249          7.291
2251          7.297
2253          7.301
2255          7.307
2256          7.311
2258          7.316
2259          7.322
2261          7.327
2263          7.332
2264          7.337
2265          7.342
2267          7.347
2269          7.352
2270          7.357
2271          7.362
2273          7.367
2275          7.372
2277          7.378
2278          7.382
2279          7.388
2281          7.392
2283          7.398
2285          7.402
2286          7.407
2288          7.412
2289          7.417
2291          7.423
2293          7.428
2294          7.433
2295          7.438
2297          7.442
2298          7.448
2300          7.452
2301          7.458
2303          7.462
2305          7.467
2307          7.473
2308          7.478
2310          7.483
2311          7.488
2313          7.493
2315          7.498
2316          7.503
2318          7.508
2319          7.513
2321          7.518
2323          7.524
2324          7.529
2326          7.533
2327          7.539
2329          7.543
2330          7.548
2331          7.553
2333          7.558
2335          7.563
2337          7.568
2339          7.574
2339          7.579
2341          7.584
2343          7.589
2345          7.593
2346          7.599
2347          7.603
2349          7.608
2350          7.613
2352          7.618
2354          7.625
2355          7.629
2357          7.635
2359          7.639
2360          7.645
2361          7.649
2364          7.657
2366          7.663
2367          7.668
2369          7.675
2371          7.679
2373          7.685
2374          7.689
2376          7.695
2377          7.699
2379          7.704
2380          7.709
2382          7.714
2383          7.719
2385          7.725
2387          7.729
2388          7.735
2389          7.739
2391          7.745
2393          7.749
2395          7.755
2395          7.759
2397          7.764
2399          7.769
2401          7.774
2403          7.78
2404          7.785
2405          7.79
2407          7.795
2408          7.799
2410          7.805
2411          7.809
2413          7.815
2415          7.819
2416          7.825
2418          7.83
2419          7.835
2421          7.841
2423          7.846
2425          7.851
2427          7.856
2427          7.86
2429          7.866
2431          7.87
2433          7.876
2434          7.881
2436          7.887
2437          7.891
2439          7.897
2440          7.901
2442          7.907
2443          7.911
2445          7.916
2446          7.921
2448          7.927
2450          7.932
2451          7.937
2453          7.942
2455          7.947
2456          7.952
2457          7.957
2459          7.962
2461          7.967
2462          7.971
2464          7.977
2465          7.982
2467          7.988
2469          7.993
2470          7.998
2472          8.002
