0          0.02
0          0.025
0          0.03
0          0.035
0          0.04
1          0.045
1          0.049
1          0.054
1          0.06
1          0.065
1          0.07
1          0.075
2          0.08
2          0.085
2          0.09
2          0.095
2          0.1
2          0.105
3          0.109
3          0.116
3          0.12
3          0.126
4          0.13
4          0.135
4          0.14
4          0.145
4          0.15
5          0.155
5          0.159
5          0.166
6          0.17
6          0.176
6          0.18
6          0.185
6          0.19
6          0.195
7          0.2
7          0.205
7          0.21
8          0.216
8          0.22
8          0.226
8          0.23
9          0.235
9          0.24
10          0.245
10          0.25
10          0.255
10          0.26
11          0.27
11          0.275
11          0.28
12          0.285
12          0.29
12          0.295
12          0.3
13          0.305
13          0.31
13          0.316
14          0.32
14          0.326
14          0.33
14          0.336
14          0.34
15          0.346
15          0.35
16          0.356
16          0.36
16          0.367
16          0.371
17          0.377
17          0.381
17          0.386
18          0.391
18          0.396
18          0.401
18          0.406
19          0.41
19          0.417
19          0.421
20          0.427
20          0.431
20          0.437
20          0.441
21          0.447
21          0.451
22          0.457
22          0.461
22          0.468
22          0.472
22          0.477
23          0.482
23          0.487
23          0.492
24          0.497
24          0.502
24          0.507
24          0.511
25          0.517
25          0.522
25          0.528
26          0.532
26          0.538
26          0.542
26          0.547
26          0.552
27          0.557
27          0.562
28          0.567
28          0.573
28          0.578
28          0.582
29          0.588
29          0.593
29          0.598
30          0.602
30          0.608
30          0.612
30          0.618
31          0.623
31          0.628
32          0.633
32          0.638
32          0.643
32          0.648
32          0.653
33          0.658
33          0.663
34          0.673
34          0.678
34          0.683
34          0.688
35          0.693
35          0.698
36          0.703
36          0.708
36          0.713
36          0.718
37          0.724
37          0.729
37          0.734
38          0.739
38          0.744
38          0.749
38          0.753
39          0.759
39          0.763
39          0.768
40          0.774
40          0.779
40          0.784
40          0.789
41          0.794
41          0.799
41          0.804
42          0.809
42          0.814
42          0.819
42          0.825
43          0.83
43          0.835
43          0.839
44          0.844
44          0.849
44          0.854
44          0.859
45          0.864
45          0.869
45          0.876
46          0.88
46          0.885
46          0.89
46          0.895
47          0.9
47          0.905
47          0.909
48          0.914
48          0.919
48          0.926
48          0.93
49          0.936
49          0.94
49          0.946
50          0.95
50          0.955
50          0.96
50          0.965
51          0.971
51          0.977
52          0.982
52          0.987
52          0.992
52          0.997
52          1.002
53          1.007
53          1.011
54          1.017
54          1.021
54          1.028
54          1.032
55          1.038
55          1.042
55          1.047
56          1.052
56          1.057
56          1.062
56          1.067
57          1.077
57          1.082
58          1.091
58          1.097
58          1.102
59          1.107
59          1.112
60          1.117
60          1.121
60          1.127
60          1.132
60          1.138
61          1.142
61          1.147
62          1.152
62          1.157
62          1.162
62          1.167
62          1.172
63          1.177
63          1.183
64          1.188
64          1.192
64          1.198
64          1.202
64          1.208
65          1.212
65          1.218
66          1.222
66          1.228
66          1.233
66          1.238
67          1.243
67          1.248
67          1.253
68          1.258
68          1.263
68          1.268
68          1.273
69          1.278
69          1.284
69          1.289
70          1.294
70          1.299
70          1.303
70          1.309
70          1.313
71          1.318
71          1.323
72          1.328
72          1.334
72          1.339
72          1.344
72          1.349
73          1.354
73          1.359
74          1.363
74          1.369
74          1.374
74          1.379
75          1.385
75          1.389
75          1.394
76          1.399
76          1.404
76          1.409
76          1.414
77          1.419
77          1.424
77          1.429
78          1.435
78          1.44
78          1.445
78          1.45
79          1.455
79          1.46
80          1.464
80          1.469
80          1.479
80          1.485
81          1.49
81          1.495
82          1.5
82          1.505
82          1.51
82          1.515
82          1.52
83          1.525
83          1.529
84          1.536
84          1.54
84          1.546
84          1.55
85          1.556
85          1.56
85          1.565
86          1.57
86          1.575
86          1.58
86          1.586
87          1.591
87          1.596
87          1.6
88          1.606
88          1.61
88          1.616
88          1.62
89          1.625
89          1.63
90          1.635
90          1.641
90          1.646
90          1.651
90          1.656
91          1.66
91          1.666
92          1.67
92          1.676
92          1.68
92          1.686
92          1.691
93          1.697
93          1.701
94          1.707
94          1.711
94          1.716
94          1.721
94          1.726
95          1.73
95          1.736
95          1.741
96          1.747
96          1.751
96          1.757
96          1.761
97          1.767
97          1.771
97          1.776
98          1.781
98          1.786
98          1.792
98          1.797
99          1.802
99          1.807
100          1.811
100          1.817
100          1.821
100          1.827
100          1.831
101          1.837
101          1.842
102          1.848
102          1.852
102          1.857
102          1.862
103          1.867
103          1.874
104          1.881
104          1.887
104          1.892
104          1.898
105          1.902
105          1.908
105          1.912
106          1.918
106          1.922
106          1.927
106          1.933
107          1.938
107          1.944
108          1.949
108          1.954
108          1.959
108          1.963
109          1.97
109          1.975
109          1.979
110          1.984
110          1.989
110          1.996
110          2.0
111          2.006
111          2.012
112          2.017
112          2.022
112          2.027
112          2.032
112          2.037
113          2.041
113          2.048
114          2.052
114          2.058
114          2.062
114          2.068
114          2.072
115          2.078
115          2.082
116          2.087
116          2.092
116          2.098
116          2.103
117          2.108
117          2.112
117          2.118
118          2.122
118          2.128
118          2.132
118          2.138
118          2.142
119          2.148
119          2.153
120          2.158
120          2.163
120          2.168
120          2.173
121          2.178
121          2.183
121          2.188
122          2.192
122          2.199
122          2.203
122          2.208
123          2.213
123          2.218
123          2.223
124          2.228
124          2.233
124          2.238
124          2.243
125          2.249
125          2.254
126          2.259
126          2.263
126          2.269
126          2.278
127          2.283
127          2.288
128          2.293
128          2.299
128          2.304
128          2.309
129          2.314
129          2.319
129          2.324
130          2.329
130          2.333
130          2.338
130          2.343
131          2.349
132          2.363
132          2.368
132          2.373
132          2.378
132          2.382
133          2.388
133          2.392
134          2.398
134          2.403
134          2.409
134          2.413
135          2.419
135          2.423
135          2.428
136          2.433
136          2.438
136          2.443
136          2.448
137          2.454
137          2.459
138          2.464
138          2.469
138          2.474
138          2.479
138          2.484
139          2.489
139          2.493
139          2.499
140          2.504
140          2.509
140          2.514
140          2.519
141          2.524
141          2.529
142          2.533
142          2.539
142          2.544
142          2.549
142          2.555
143          2.559
143          2.564
144          2.569
144          2.574
144          2.579
144          2.584
144          2.589
145          2.593
145          2.599
146          2.605
146          2.61
146          2.615
146          2.62
147          2.625
147          2.63
147          2.635
148          2.639
148          2.644
148          2.649
148          2.656
149          2.66
149          2.666
149          2.67
150          2.68
150          2.684
150          2.689
151          2.694
151          2.699
152          2.706
152          2.71
152          2.716
152          2.72
152          2.726
153          2.73
153          2.736
154          2.74
154          2.746
154          2.75
154          2.756
155          2.76
155          2.766
155          2.77
156          2.776
156          2.78
156          2.786
156          2.79
157          2.796
157          2.8
158          2.807
158          2.811
158          2.817
158          2.821
158          2.826
159          2.831
159          2.836
159          2.841
160          2.846
160          2.85
160          2.856
160          2.861
161          2.867
161          2.871
162          2.877
162          2.881
162          2.886
162          2.89
162          2.896
163          2.9
163          2.906
164          2.912
164          2.917
164          2.921
164          2.927
164          2.931
165          2.937
165          2.941
166          2.947
166          2.951
166          2.957
166          2.962
166          2.968
167          2.973
167          2.978
168          2.983
168          2.988
168          2.993
168          2.998
168          3.002
169          3.008
169          3.013
170          3.019
170          3.023
170          3.029
170          3.033
170          3.038
171          3.043
171          3.048
172          3.053
172          3.058
172          3.064
172          3.069
173          3.074
173          3.083
174          3.088
174          3.093
174          3.098
174          3.103
175          3.108
175          3.114
176          3.119
176          3.124
176          3.129
176          3.134
177          3.139
177          3.144
177          3.149
178          3.153
178          3.159
178          3.164
178          3.169
179          3.174
179          3.179
179          3.184
180          3.189
180          3.194
180          3.199
180          3.204
181          3.209
181          3.215
182          3.22
182          3.225
182          3.23
182          3.234
182          3.239
183          3.244
183          3.249
184          3.254
184          3.259
184          3.265
184          3.27
184          3.275
185          3.28
185          3.285
186          3.29
186          3.294
186          3.299
186          3.304
186          3.309
187          3.315
187          3.32
188          3.325
188          3.33
188          3.335
188          3.34
189          3.344
189          3.349
189          3.354
190          3.359
190          3.364
190          3.37
190          3.375
190          3.38
191          3.385
191          3.39
192          3.395
192          3.399
192          3.404
192          3.409
192          3.414
193          3.42
193          3.425
194          3.43
194          3.435
194          3.44
194          3.445
194          3.45
195          3.455
195          3.46
196          3.464
196          3.47
196          3.476
197          3.485
197          3.49
197          3.495
198          3.5
198          3.505
198          3.51
198          3.515
199          3.52
199          3.526
200          3.53
200          3.536
200          3.54
200          3.546
200          3.55
201          3.556
201          3.56
202          3.565
202          3.571
202          3.577
202          3.581
202          3.586
203          3.591
203          3.596
204          3.6
204          3.606
204          3.61
204          3.616
205          3.622
205          3.627
205          3.632
206          3.637
206          3.641
206          3.647
206          3.651
207          3.656
207          3.661
207          3.666
208          3.672
208          3.677
208          3.682
208          3.687
209          3.692
209          3.697
209          3.702
210          3.707
210          3.712
210          3.717
210          3.722
211          3.728
211          3.733
212          3.738
212          3.743
212          3.748
212          3.752
212          3.758
213          3.762
213          3.768
213          3.773
214          3.778
214          3.783
214          3.788
214          3.793
215          3.798
215          3.803
215          3.808
216          3.813
216          3.818
216          3.823
216          3.829
217          3.833
217          3.839
218          3.843
218          3.848
218          3.853
218          3.858
218          3.863
219          3.868
219          3.874
220          3.883
220          3.888
220          3.893
221          3.898
221          3.903
222          3.908
222          3.913
222          3.918
222          3.923
222          3.929
223          3.934
223          3.939
224          3.944
224          3.949
224          3.953
224          3.959
224          3.963
225          3.97
225          3.976
226          3.98
226          3.986
226          3.99
226          3.996
227          4.0
227          4.005
227          4.01
228          4.015
228          4.02
228          4.025
228          4.03
229          4.036
229          4.04
230          4.046
230          4.05
230          4.056
230          4.06
230          4.065
231          4.07
231          4.075
232          4.081
232          4.086
232          4.09
232          4.096
233          4.101
233          4.106
233          4.11
234          4.116
234          4.12
234          4.126
234          4.131
235          4.137
235          4.141
235          4.146
236          4.151
236          4.156
236          4.161
236          4.166
236          4.17
237          4.176
237          4.181
238          4.187
238          4.191
238          4.197
238          4.201
238          4.206
239          4.211
239          4.216
240          4.221
240          4.227
240          4.232
240          4.238
241          4.242
241          4.247
241          4.252
242          4.257
242          4.262
242          4.267
242          4.271
243          4.277
243          4.287
244          4.292
244          4.297
244          4.302
244          4.307
245          4.312
245          4.317
246          4.321
246          4.327
246          4.332
246          4.338
246          4.342
247          4.348
247          4.352
248          4.358
248          4.364
248          4.369
248          4.373
249          4.379
249          4.385
250          4.389
250          4.394
250          4.399
250          4.404
250          4.409
251          4.414
251          4.419
252          4.424
252          4.429
252          4.436
252          4.44
253          4.446
253          4.45
253          4.456
254          4.46
254          4.466
254          4.47
254          4.475
255          4.48
255          4.487
256          4.491
256          4.496
256          4.501
256          4.506
256          4.51
257          4.516
257          4.52
258          4.526
258          4.53
258          4.537
258          4.541
258          4.546
259          4.551
259          4.556
259          4.561
260          4.566
260          4.57
260          4.576
260          4.58
261          4.594
262          4.599
262          4.604
262          4.609
262          4.614
263          4.619
263          4.624
263          4.629
264          4.634
264          4.64
264          4.645
264          4.65
265          4.655
265          4.66
266          4.665
266          4.669
266          4.674
266          4.679
267          4.69
267          4.695
268          4.7
268          4.705
268          4.71
268          4.715
268          4.72
269          4.724
269          4.729
270          4.734
270          4.74
270          4.746
270          4.75
271          4.756
271          4.76
271          4.766
272          4.77
272          4.775
272          4.78
272          4.785
273          4.791
273          4.796
274          4.8
274          4.806
274          4.81
274          4.816
274          4.82
275          4.826
275          4.83
276          4.835
276          4.84
276          4.846
276          4.851
276          4.856
277          4.86
277          4.866
278          4.87
278          4.876
278          4.88
278          4.886
278          4.89
279          4.897
279          4.901
280          4.906
280          4.911
280          4.916
280          4.92
280          4.926
281          4.93
281          4.936
282          4.94
282          4.947
282          4.951
282          4.956
282          4.961
283          4.966
283          4.972
284          4.977
284          4.981
284          4.987
284          4.991
285          4.998
285          5.002
285          5.008
286          5.012
286          5.018
286          5.022
286          5.027
287          5.032
287          5.037
287          5.042
288          5.048
288          5.052
288          5.058
288          5.062
289          5.068
289          5.072
289          5.077
290          5.085
290          5.091
290          5.098
291          5.102
291          5.108
291          5.112
292          5.118
292          5.122
292          5.128
292          5.132
293          5.138
293          5.142
294          5.148
294          5.153
294          5.158
294          5.163
294          5.168
295          5.172
295          5.178
296          5.182
296          5.188
296          5.192
296          5.198
297          5.203
297          5.208
298          5.213
298          5.218
298          5.223
298          5.228
298          5.232
299          5.238
299          5.242
300          5.248
300          5.253
300          5.258
300          5.263
300          5.268
301          5.273
301          5.278
302          5.283
302          5.288
302          5.293
302          5.299
302          5.304
303          5.309
303          5.313
304          5.319
304          5.323
304          5.328
304          5.333
304          5.338
305          5.343
305          5.348
306          5.354
306          5.359
306          5.364
306          5.369
307          5.373
307          5.379
307          5.383
308          5.388
308          5.393
308          5.398
308          5.404
309          5.409
309          5.414
309          5.419
310          5.424
310          5.429
310          5.433
310          5.438
310          5.443
311          5.448
311          5.454
312          5.459
312          5.464
312          5.469
312          5.474
313          5.479
313          5.488
314          5.493
314          5.498
314          5.504
314          5.509
315          5.514
315          5.519
315          5.524
316          5.529
316          5.534
316          5.539
316          5.544
317          5.549
317          5.555
318          5.56
318          5.564
318          5.569
318          5.574
318          5.579
319          5.584
319          5.589
320          5.594
320          5.599
320          5.605
320          5.61
321          5.615
321          5.62
321          5.624
322          5.629
322          5.634
322          5.639
322          5.644
323          5.657
324          5.662
324          5.667
324          5.672
324          5.677
324          5.681
325          5.687
325          5.691
326          5.696
326          5.701
326          5.707
326          5.712
327          5.717
327          5.722
327          5.727
328          5.732
328          5.737
328          5.742
328          5.747
328          5.751
329          5.758
329          5.762
330          5.768
330          5.772
330          5.778
330          5.782
330          5.788
331          5.792
331          5.798
332          5.802
332          5.808
332          5.813
332          5.818
333          5.823
333          5.828
333          5.832
334          5.838
334          5.842
334          5.848
334          5.852
335          5.859
335          5.863
335          5.868
336          5.873
336          5.878
336          5.883
336          5.892
337          5.898
337          5.902
338          5.909
338          5.913
338          5.919
338          5.924
339          5.929
339          5.933
339          5.939
340          5.943
340          5.949
340          5.953
340          5.96
341          5.965
341          5.97
342          5.976
342          5.98
342          5.986
342          5.99
343          5.995
343          6.0
343          6.005
344          6.01
344          6.016
344          6.021
344          6.026
345          6.03
345          6.036
345          6.04
346          6.046
346          6.05
346          6.056
346          6.061
347          6.067
347          6.071
348          6.077
348          6.081
348          6.086
348          6.096
349          6.1
349          6.106
350          6.11
350          6.117
350          6.121
350          6.126
351          6.131
351          6.136
351          6.141
352          6.146
352          6.15
352          6.156
352          6.16
353          6.167
353          6.171
353          6.177
354          6.181
354          6.187
354          6.191
354          6.197
355          6.201
355          6.206
355          6.211
356          6.218
356          6.222
356          6.227
356          6.232
357          6.237
357          6.242
357          6.247
358          6.251
358          6.257
358          6.261
358          6.268
359          6.272
359          6.278
359          6.282
360          6.291
360          6.297
360          6.301
361          6.307
361          6.311
361          6.318
362          6.322
362          6.328
362          6.332
362          6.337
363          6.342
363          6.347
363          6.352
364          6.357
364          6.362
364          6.368
364          6.372
365          6.378
365          6.383
366          6.388
366          6.392
366          6.398
366          6.402
367          6.408
367          6.412
367          6.418
368          6.423
368          6.428
368          6.433
368          6.438
369          6.443
369          6.448
369          6.453
370          6.458
370          6.462
370          6.469
370          6.473
371          6.479
371          6.483
371          6.488
372          6.493
372          6.498
372          6.503
372          6.508
373          6.513
373          6.518
373          6.524
374          6.529
374          6.533
374          6.539
374          6.543
375          6.548
375          6.553
375          6.558
376          6.563
376          6.568
376          6.575
376          6.579
377          6.584
377          6.589
378          6.596
378          6.6
378          6.606
378          6.61
378          6.616
379          6.622
380          6.627
380          6.631
380          6.637
380          6.641
380          6.646
381          6.651
381          6.656
381          6.661
382          6.666
382          6.67
382          6.677
382          6.682
383          6.69
383          6.697
384          6.701
384          6.707
384          6.711
384          6.717
385          6.721
385          6.728
385          6.732
386          6.737
386          6.742
386          6.747
386          6.752
387          6.757
387          6.762
388          6.767
388          6.771
388          6.778
388          6.782
388          6.788
389          6.792
389          6.798
390          6.802
390          6.807
390          6.812
391          6.827
391          6.831
392          6.836
392          6.841
392          6.846
392          6.851
392          6.856
393          6.861
393          6.866
394          6.871
394          6.877
394          6.882
394          6.887
395          6.892
395          6.897
395          6.901
396          6.907
396          6.911
396          6.917
396          6.921
397          6.928
397          6.932
398          6.937
398          6.942
398          6.948
398          6.953
398          6.958
399          6.963
399          6.968
400          6.973
400          6.98
400          6.985
400          6.99
401          6.994
401          6.999
401          7.004
402          7.009
402          7.014
402          7.019
402          7.023
403          7.03
403          7.035
403          7.04
404          7.045
404          7.05
404          7.054
404          7.059
405          7.064
405          7.069
405          7.074
406          7.08
406          7.085
406          7.094
407          7.099
407          7.104
407          7.109
408          7.114
408          7.119
408          7.124
408          7.13
409          7.135
409          7.14
410          7.145
410          7.15
410          7.155
410          7.16
410          7.165
411          7.169
411          7.174
412          7.179
412          7.186
412          7.19
412          7.195
412          7.2
413          7.205
413          7.21
414          7.215
414          7.22
414          7.225
414          7.229
415          7.236
415          7.24
415          7.246
416          7.25
416          7.255
416          7.26
416          7.265
417          7.27
417          7.275
417          7.28
418          7.286
418          7.29
418          7.296
418          7.3
419          7.306
419          7.31
420          7.315
420          7.32
420          7.325
420          7.33
420          7.336
421          7.341
421          7.346
422          7.351
422          7.356
422          7.36
422          7.366
422          7.37
423          7.376
423          7.38
424          7.386
424          7.391
424          7.397
424          7.401
424          7.406
425          7.411
425          7.416
426          7.42
426          7.426
426          7.43
426          7.437
427          7.441
427          7.447
427          7.451
428          7.457
428          7.461
428          7.466
428          7.471
429          7.476
429          7.481
430          7.491
430          7.497
430          7.501
430          7.507
431          7.511
431          7.517
431          7.521
432          7.526
432          7.531
432          7.537
432          7.542
433          7.547
433          7.552
433          7.557
434          7.561
434          7.567
434          7.571
434          7.577
435          7.581
435          7.586
435          7.592
436          7.597
436          7.602
436          7.607
436          7.612
437          7.617
437          7.622
438          7.627
438          7.632
438          7.637
438          7.643
439          7.648
439          7.653
439          7.658
440          7.663
440          7.668
440          7.672
440          7.678
441          7.682
441          7.688
442          7.693
442          7.699
442          7.703
442          7.708
442          7.713
443          7.718
443          7.723
444          7.728
444          7.733
444          7.738
444          7.744
444          7.749
445          7.753
445          7.759
446          7.763
446          7.768
446          7.773
446          7.778
447          7.783
447          7.788
447          7.794
448          7.799
448          7.807
448          7.812
449          7.817
449          7.822
449          7.827
450          7.832
450          7.837
450          7.843
450          7.848
450          7.852
451          7.858
451          7.862
452          7.868
452          7.872
452          7.878
452          7.882
452          7.888
453          7.898
454          7.902
454          7.908
454          7.912
454          7.918
454          7.922
455          7.928
455          7.932
456          7.938
456          7.942
456          7.948
456          7.953
457          7.958
457          7.963
457          7.968
458          7.973
458          7.979
458          7.983
458          7.988
459          7.994
459          7.999
460          8.004
