0          0.024
0          0.029
0          0.034
0          0.039
1          0.044
2          0.053
3          0.058
4          0.063
5          0.068
7          0.075
8          0.08
10          0.085
11          0.089
14          0.097
15          0.102
17          0.107
18          0.111
21          0.118
23          0.123
25          0.129
28          0.135
29          0.14
32          0.146
34          0.151
36          0.158
40          0.164
42          0.169
44          0.174
46          0.179
49          0.186
50          0.19
54          0.197
56          0.201
58          0.208
60          0.212
63          0.218
67          0.223
68          0.229
72          0.236
73          0.24
77          0.247
79          0.251
82          0.258
84          0.262
86          0.268
90          0.274
92          0.279
95          0.286
96          0.29
100          0.298
103          0.303
105          0.308
107          0.312
111          0.32
114          0.326
116          0.33
118          0.335
121          0.342
124          0.348
126          0.352
129          0.358
133          0.364
135          0.369
138          0.374
140          0.379
142          0.386
144          0.39
148          0.397
150          0.401
155          0.41
157          0.416
160          0.421
162          0.426
164          0.431
166          0.436
169          0.441
172          0.447
174          0.452
177          0.457
179          0.461
182          0.467
184          0.471
186          0.477
188          0.481
191          0.487
193          0.491
196          0.498
198          0.502
201          0.507
203          0.512
206          0.517
208          0.522
210          0.527
212          0.532
216          0.537
217          0.542
220          0.548
222          0.552
225          0.558
227          0.562
230          0.568
232          0.572
234          0.577
236          0.582
240          0.587
241          0.592
244          0.598
247          0.603
249          0.608
251          0.612
254          0.618
256          0.622
258          0.628
260          0.632
264          0.638
266          0.642
268          0.648
271          0.653
273          0.658
276          0.663
278          0.668
281          0.673
283          0.678
286          0.683
288          0.688
290          0.693
294          0.698
295          0.704
298          0.709
300          0.713
303          0.719
305          0.723
307          0.728
310          0.733
312          0.738
314          0.743
318          0.748
320          0.755
322          0.76
325          0.765
327          0.77
330          0.774
332          0.78
335          0.784
337          0.789
340          0.794
342          0.799
346          0.806
349          0.814
351          0.819
354          0.824
356          0.829
359          0.834
361          0.84
364          0.844
366          0.849
368          0.856
370          0.86
373          0.865
375          0.87
378          0.875
380          0.88
383          0.885
385          0.89
388          0.895
390          0.9
392          0.906
396          0.911
397          0.916
400          0.92
402          0.926
404          0.93
407          0.936
409          0.94
412          0.946
414          0.95
418          0.957
420          0.961
422          0.967
424          0.971
426          0.976
429          0.981
431          0.986
434          0.991
436          0.996
438          1.0
442          1.007
444          1.011
446          1.017
448          1.021
451          1.027
453          1.031
456          1.037
458          1.041
460          1.046
463          1.051
466          1.057
468          1.062
470          1.067
472          1.072
475          1.077
477          1.082
480          1.087
482          1.092
485          1.097
487          1.101
490          1.108
492          1.112
494          1.118
496          1.122
499          1.127
501          1.132
504          1.138
506          1.142
509          1.147
511          1.152
514          1.158
517          1.163
518          1.168
522          1.173
524          1.178
525          1.182
528          1.188
530          1.192
533          1.198
535          1.202
540          1.212
543          1.218
544          1.222
548          1.228
550          1.232
552          1.238
554          1.242
557          1.248
559          1.252
562          1.258
565          1.263
568          1.269
570          1.273
572          1.278
574          1.283
576          1.288
580          1.293
582          1.298
584          1.303
586          1.308
589          1.314
592          1.319
594          1.324
597          1.329
598          1.333
602          1.339
604          1.343
606          1.348
608          1.353
610          1.358
614          1.364
616          1.369
618          1.374
621          1.379
623          1.384
626          1.389
628          1.393
630          1.399
632          1.403
634          1.408
638          1.414
640          1.419
643          1.424
645          1.429
648          1.434
650          1.439
652          1.444
654          1.449
656          1.454
659          1.459
662          1.465
664          1.47
667          1.474
669          1.479
672          1.484
674          1.489
677          1.494
679          1.499
682          1.504
684          1.509
686          1.515
688          1.52
691          1.525
693          1.53
696          1.534
698          1.539
701          1.544
703          1.549
704          1.554
708          1.559
710          1.565
712          1.57
715          1.575
717          1.58
720          1.585
722          1.589
725          1.594
727          1.599
730          1.604
734          1.613
736          1.619
739          1.624
741          1.629
744          1.634
746          1.639
749          1.644
751          1.649
754          1.654
756          1.659
758          1.664
760          1.67
763          1.675
765          1.68
768          1.685
770          1.69
773          1.695
775          1.7
778          1.704
780          1.709
782          1.714
784          1.72
787          1.726
789          1.73
792          1.735
794          1.74
797          1.745
800          1.751
802          1.756
805          1.76
806          1.766
810          1.771
812          1.777
814          1.781
816          1.786
819          1.791
821          1.796
824          1.801
826          1.806
829          1.811
831          1.816
834          1.822
836          1.827
838          1.832
841          1.837
843          1.841
846          1.847
848          1.851
851          1.857
853          1.861
856          1.87
860          1.876
862          1.88
864          1.886
866          1.89
869          1.895
871          1.9
874          1.905
876          1.91
879          1.914
882          1.92
884          1.926
886          1.93
888          1.936
890          1.94
893          1.946
895          1.95
898          1.956
900          1.96
903          1.966
906          1.972
909          1.978
910          1.982
914          1.988
916          1.992
918          1.997
920          2.002
923          2.007
928          2.018
931          2.024
934          2.029
936          2.034
938          2.039
942          2.044
944          2.049
945          2.054
948          2.059
950          2.064
953          2.069
956          2.075
958          2.08
960          2.085
963          2.089
966          2.094
968          2.099
970          2.104
972          2.109
975          2.114
977          2.119
980          2.125
982          2.13
985          2.135
987          2.14
990          2.144
992          2.149
994          2.154
996          2.159
999          2.164
1001          2.169
1003          2.174
1006          2.18
1009          2.185
1011          2.19
1014          2.194
1016          2.199
1018          2.204
1020          2.209
1023          2.214
1025          2.219
1028          2.224
1030          2.23
1033          2.236
1035          2.24
1038          2.245
1040          2.25
1042          2.255
1044          2.259
1047          2.264
1049          2.269
1052          2.274
1054          2.28
1057          2.286
1063          2.298
1066          2.303
1068          2.308
1070          2.313
1072          2.318
1075          2.323
1078          2.329
1080          2.334
1083          2.339
1086          2.344
1088          2.349
1090          2.354
1092          2.359
1094          2.363
1097          2.369
1099          2.373
1102          2.379
1105          2.384
1107          2.389
1110          2.394
1112          2.399
1115          2.404
1116          2.409
1120          2.418
1123          2.423
1126          2.428
1129          2.434
1131          2.439
1134          2.444
1136          2.449
1139          2.454
1141          2.459
1144          2.464
1146          2.469
1148          2.474
1150          2.479
1153          2.486
1155          2.49
1158          2.495
1160          2.5
1163          2.505
1165          2.51
1168          2.514
1170          2.52
1172          2.525
1174          2.529
1177          2.536
1179          2.54
1182          2.546
1184          2.55
1187          2.556
1189          2.56
1192          2.565
1194          2.57
1196          2.575
1198          2.58
1201          2.586
1204          2.59
1206          2.596
1209          2.6
1211          2.606
1213          2.61
1216          2.616
1218          2.62
1220          2.626
1222          2.63
1226          2.637
1228          2.641
1230          2.646
1233          2.651
1235          2.656
1238          2.661
1240          2.666
1243          2.67
1244          2.676
1246          2.68
1250          2.687
1252          2.691
1255          2.697
1257          2.701
1260          2.707
1262          2.711
1264          2.716
1267          2.721
1269          2.726
1272          2.731
1274          2.737
1276          2.742
1280          2.747
1281          2.752
1284          2.758
1287          2.763
1289          2.768
1291          2.772
1294          2.778
1296          2.782
1299          2.788
1302          2.793
1304          2.798
1306          2.803
1308          2.808
1313          2.818
1315          2.822
1319          2.83
1322          2.835
1324          2.841
1326          2.846
1330          2.851
1331          2.856
1334          2.861
1336          2.866
1338          2.87
1341          2.876
1344          2.88
1346          2.886
1349          2.892
1352          2.897
1354          2.901
1356          2.907
1358          2.912
1361          2.917
1363          2.921
1366          2.927
1368          2.931
1371          2.937
1373          2.942
1376          2.948
1378          2.952
1380          2.958
1382          2.962
1385          2.967
1387          2.972
1390          2.977
1392          2.982
1395          2.987
1398          2.993
1400          2.998
1402          3.003
1404          3.008
1407          3.013
1409          3.018
1412          3.023
1414          3.028
1417          3.033
1419          3.038
1422          3.043
1424          3.048
1426          3.053
1428          3.059
1431          3.063
1433          3.068
1436          3.073
1438          3.078
1441          3.083
1443          3.088
1447          3.094
1448          3.099
1450          3.104
1454          3.109
1455          3.113
1458          3.119
1460          3.123
1463          3.129
1465          3.133
1467          3.138
1471          3.144
1473          3.149
1476          3.154
1478          3.159
1479          3.164
1482          3.169
1484          3.174
1487          3.179
1489          3.183
1492          3.189
1495          3.194
1497          3.199
1500          3.204
1502          3.209
1506          3.218
1508          3.223
1510          3.228
1513          3.233
1515          3.238
1519          3.244
1521          3.25
1524          3.255
1526          3.259
1528          3.264
1530          3.269
1533          3.274
1535          3.279
1537          3.284
1540          3.289
1543          3.295
1545          3.3
1548          3.305
1550          3.31
1552          3.314
1554          3.319
1557          3.324
1559          3.329
1561          3.334
1564          3.339
1567          3.344
1569          3.35
1572          3.355
1574          3.36
1576          3.365
1578          3.369
1581          3.374
1584          3.38
1586          3.384
1588          3.389
1591          3.394
1593          3.4
1596          3.405
1598          3.41
1601          3.415
1602          3.42
1606          3.425
1608          3.43
1610          3.434
1612          3.439
1615          3.444
1617          3.45
1620          3.456
1622          3.46
1625          3.465
1627          3.47
1630          3.475
1632          3.48
1634          3.485
1636          3.49
1639          3.495
1642          3.501
1644          3.506
1647          3.511
1649          3.516
1652          3.521
1654          3.526
1656          3.53
1658          3.536
1662          3.54
1664          3.546
1666          3.552
1669          3.557
1671          3.562
1674          3.567
1676          3.571
1679          3.577
1681          3.581
1684          3.587
1686          3.591
1688          3.597
1690          3.602
1693          3.608
1695          3.612
1700          3.621
1703          3.627
1705          3.631
1708          3.637
1710          3.641
1712          3.647
1714          3.652
1717          3.658
1719          3.662
1722          3.668
1724          3.672
1727          3.677
1729          3.682
1732          3.687
1734          3.692
1736          3.697
1740          3.703
1741          3.708
1743          3.712
1746          3.718
1749          3.723
1751          3.728
1753          3.732
1756          3.738
1758          3.742
1760          3.748
1764          3.754
1766          3.759
1768          3.764
1771          3.769
1773          3.774
1776          3.779
1778          3.784
1781          3.789
1783          3.793
1786          3.799
1788          3.805
1790          3.809
1793          3.814
1795          3.819
1798          3.824
1800          3.829
1802          3.834
1805          3.839
1807          3.844
1810          3.849
1812          3.855
1814          3.86
1817          3.865
1819          3.87
1822          3.874
1824          3.879
1827          3.884
1829          3.889
1832          3.894
1834          3.899
1836          3.906
1838          3.91
1842          3.915
1843          3.92
1846          3.925
1848          3.93
1851          3.934
1853          3.939
1856          3.944
1858          3.949
1860          3.955
1862          3.96
1865          3.966
1867          3.97
1870          3.975
1872          3.98
1875          3.985
1877          3.99
1880          3.994
1882          3.999
1884          4.004
1886          4.01
1892          4.019
1894          4.024
1896          4.029
1899          4.034
1901          4.04
1904          4.044
1906          4.05
1909          4.054
1910          4.06
1914          4.066
1915          4.07
1918          4.076
1920          4.08
1923          4.086
1925          4.09
1928          4.095
1930          4.1
1933          4.105
1936          4.111
1938          4.116
1939          4.12
1942          4.126
1944          4.13
1947          4.136
1949          4.14
1952          4.146
1954          4.15
1956          4.156
1960          4.161
1962          4.167
1964          4.171
1967          4.177
1969          4.181
1971          4.186
1974          4.191
1976          4.196
1979          4.201
1981          4.206
1984          4.212
1986          4.217
1988          4.221
1991          4.227
1993          4.231
1996          4.237
1998          4.241
2000          4.246
2003          4.251
2005          4.256
2008          4.262
2010          4.267
2012          4.271
2015          4.277
2017          4.281
2020          4.287
2022          4.291
2025          4.298
2028          4.303
2030          4.308
2032          4.314
2036          4.319
2038          4.324
2040          4.329
2042          4.334
2045          4.339
2047          4.343
2049          4.348
2052          4.353
2054          4.358
2058          4.364
2060          4.369
2062          4.374
2064          4.379
2066          4.384
2069          4.389
2071          4.394
2074          4.399
2076          4.403
2084          4.42
2086          4.426
2089          4.431
2092          4.437
2094          4.441
2097          4.447
2099          4.451
2101          4.456
2104          4.461
2106          4.467
2108          4.472
2112          4.478
2113          4.482
2116          4.488
2118          4.492
2121          4.498
2123          4.502
2126          4.508
2128          4.512
2130          4.518
2134          4.523
2136          4.528
2138          4.533
2140          4.538
2143          4.543
2145          4.548
2148          4.553
2150          4.558
2152          4.563
2156          4.569
2158          4.574
2160          4.579
2162          4.583
2165          4.589
2167          4.593
2169          4.599
2172          4.603
2174          4.608
2176          4.613
2180          4.619
2182          4.624
2184          4.629
2186          4.634
2189          4.639
2191          4.644
2194          4.649
2196          4.653
2199          4.659
2200          4.663
2204          4.669
2206          4.674
2208          4.68
2211          4.684
2213          4.689
2216          4.694
2218          4.699
2220          4.704
2223          4.709
2224          4.713
2228          4.72
2230          4.725
2232          4.73
2235          4.734
2237          4.74
2240          4.744
2242          4.75
2245          4.756
2247          4.76
2250          4.765
2252          4.771
2254          4.776
2257          4.78
2259          4.786
2261          4.79
2264          4.796
2266          4.8
2269          4.806
2271          4.81
2274          4.816
2278          4.826
2280          4.83
2283          4.836
2285          4.84
2288          4.846
2290          4.85
2293          4.856
2295          4.86
2298          4.866
2300          4.872
2304          4.877
2306          4.882
2308          4.887
2310          4.891
2313          4.897
2315          4.901
2318          4.907
2320          4.911
2323          4.917
2324          4.922
2328          4.928
2330          4.932
2332          4.938
2334          4.942
2337          4.947
2339          4.952
2342          4.957
2344          4.962
2347          4.967
2348          4.971
2352          4.978
2354          4.982
2356          4.988
2358          4.992
2361          4.998
2363          5.002
2366          5.008
2368          5.012
2371          5.018
2374          5.022
2376          5.028
2378          5.033
2380          5.038
2383          5.043
2385          5.048
2388          5.053
2390          5.058
2392          5.062
2395          5.068
2398          5.072
2400          5.078
2402          5.083
2404          5.088
2408          5.093
2409          5.098
2412          5.103
2414          5.108
2417          5.113
2419          5.118
2422          5.123
2424          5.129
2426          5.134
2430          5.139
2432          5.143
2433          5.148
2436          5.153
2438          5.159
2441          5.163
2443          5.168
2446          5.173
2449          5.179
2450          5.184
2454          5.189
2456          5.193
2458          5.199
2460          5.203
2463          5.209
2465          5.213
2469          5.219
2472          5.229
2474          5.234
2478          5.239
2480          5.244
2482          5.249
2484          5.254
2487          5.259
2489          5.263
2492          5.269
2494          5.273
2497          5.28
2500          5.285
2502          5.289
2504          5.294
2506          5.299
2509          5.304
2511          5.309
2513          5.314
2516          5.319
2518          5.324
2521          5.33
2524          5.335
2526          5.34
2528          5.345
2530          5.35
2533          5.355
2535          5.36
2538          5.365
2540          5.369
2543          5.374
2545          5.38
2548          5.386
2550          5.39
2552          5.396
2554          5.4
2557          5.406
2559          5.41
2562          5.415
2564          5.42
2567          5.425
2569          5.43
2572          5.436
2574          5.44
2576          5.446
2578          5.45
2581          5.455
2583          5.46
2586          5.466
2588          5.47
2591          5.475
2594          5.481
2596          5.486
2598          5.491
2600          5.496
2603          5.5
2605          5.506
2607          5.51
2610          5.516
2612          5.52
2615          5.526
2618          5.53
2621          5.537
2622          5.541
2626          5.547
2628          5.551
2629          5.556
2632          5.561
2634          5.566
2637          5.57
2639          5.576
2642          5.58
2645          5.587
2646          5.592
2650          5.597
2652          5.602
2654          5.607
2656          5.611
2659          5.617
2663          5.626
2665          5.63
2669          5.637
2670          5.641
2674          5.647
2676          5.651
2678          5.657
2680          5.661
2683          5.667
2685          5.671
2687          5.676
2690          5.681
2693          5.687
2695          5.692
2698          5.697
2700          5.702
2702          5.707
2704          5.711
2707          5.717
2709          5.721
2712          5.727
2714          5.731
2717          5.738
2719          5.742
2722          5.748
2724          5.753
2726          5.758
2729          5.763
2731          5.768
2734          5.773
2736          5.778
2739          5.783
2742          5.789
2744          5.793
2746          5.799
2748          5.803
2750          5.808
2753          5.813
2755          5.818
2758          5.823
2760          5.828
2763          5.833
2766          5.839
2768          5.844
2770          5.849
2772          5.854
2775          5.859
2777          5.863
2779          5.868
2782          5.873
2785          5.879
2787          5.883
2790          5.889
2793          5.894
2794          5.899
2798          5.904
2799          5.909
2801          5.914
2804          5.919
2806          5.924
2809          5.929
2811          5.933
2814          5.94
2817          5.945
2818          5.95
2822          5.955
2823          5.96
2826          5.965
2828          5.969
2831          5.974
2833          5.979
2836          5.984
2838          5.99
2841          5.996
2842          6.0
2846          6.006
2848          6.01
2850          6.015
2852          6.02
2857          6.029
2859          6.034
2862          6.039
2865          6.045
2867          6.05
2870          6.055
2872          6.06
2874          6.065
2876          6.07
2879          6.075
2881          6.079
2884          6.084
2886          6.089
2889          6.096
2891          6.1
2896          6.106
2899          6.118
2902          6.123
2904          6.128
2906          6.132
2909          6.138
2912          6.143
2914          6.148
2916          6.153
2918          6.158
2921          6.163
2923          6.168
2926          6.173
2928          6.178
2931          6.183
2933          6.188
2936          6.194
2939          6.199
2940          6.203
2944          6.209
2945          6.213
2947          6.218
2950          6.223
2952          6.228
2955          6.233
2957          6.238
2961          6.244
2963          6.249
2965          6.254
2968          6.259
2970          6.264
2972          6.269
2974          6.273
2977          6.279
2979          6.283
2981          6.288
2985          6.294
2987          6.299
2990          6.304
2992          6.309
2994          6.314
2996          6.319
2998          6.324
3001          6.329
3003          6.333
3006          6.339
3009          6.343
3011          6.349
3014          6.354
3016          6.359
3018          6.364
3020          6.369
3023          6.374
3025          6.379
3027          6.384
3030          6.389
3032          6.394
3035          6.4
3038          6.405
3040          6.41
3043          6.417
3045          6.421
3049          6.43
3052          6.435
3054          6.44
3058          6.445
3060          6.451
3062          6.457
3064          6.461
3066          6.466
3069          6.471
3071          6.476
3074          6.481
3076          6.486
3079          6.49
3081          6.496
3084          6.502
3086          6.507
3088          6.511
3092          6.517
3093          6.521
3096          6.527
3098          6.531
3104          6.544
3107          6.55
3110          6.555
3112          6.56
3114          6.565
3116          6.57
3119          6.575
3121          6.58
3124          6.584
3126          6.589
3129          6.594
3131          6.6
3134          6.606
3136          6.61
3138          6.616
3140          6.62
3143          6.626
3145          6.63
3148          6.636
3150          6.64
3153          6.645
3156          6.651
3158          6.656
3160          6.661
3162          6.666
3166          6.671
3167          6.676
3170          6.68
3172          6.686
3174          6.69
3177          6.696
3180          6.701
3183          6.707
3184          6.711
3188          6.717
3190          6.721
3191          6.726
3194          6.731
3196          6.736
3199          6.741
3201          6.746
3204          6.752
3207          6.758
3210          6.763
3212          6.768
3213          6.772
3216          6.778
3218          6.782
3221          6.788
3223          6.792
3226          6.798
3229          6.803
3231          6.808
3234          6.813
3236          6.818
3240          6.823
3242          6.831
3245          6.837
3247          6.842
3250          6.847
3252          6.851
3255          6.858
3258          6.863
3262          6.872
3264          6.877
3266          6.882
3269          6.888
3271          6.892
3274          6.898
3276          6.902
3279          6.908
3282          6.913
3284          6.918
3286          6.923
3288          6.928
3290          6.932
3293          6.938
3295          6.942
3298          6.948
3300          6.952
3303          6.958
3306          6.963
3308          6.968
3310          6.973
3312          6.978
3315          6.983
3317          6.988
3320          6.993
3322          6.999
3325          7.003
3328          7.009
3330          7.014
3332          7.019
3336          7.024
3337          7.029
3339          7.034
3342          7.039
3344          7.044
3347          7.049
3349          7.053
3352          7.06
3354          7.064
3356          7.069
3360          7.074
3361          7.079
3364          7.084
3366          7.089
3368          7.094
3371          7.099
3373          7.104
3376          7.11
3378          7.115
3380          7.12
3384          7.124
3386          7.129
3388          7.134
3390          7.139
3393          7.144
3395          7.149
3398          7.154
3400          7.16
3402          7.166
3404          7.17
3408          7.176
3410          7.18
3412          7.185
3414          7.19
3417          7.195
3419          7.2
3422          7.205
3425          7.211
3426          7.216
3430          7.22
3434          7.229
3436          7.234
3438          7.24
3441          7.244
3443          7.25
3446          7.254
3449          7.261
3451          7.266
3454          7.27
3456          7.276
3458          7.281
3460          7.286
3462          7.29
3465          7.296
3467          7.3
3470          7.306
3473          7.31
3476          7.317
3478          7.321
3480          7.327
3482          7.331
3484          7.336
3487          7.341
3489          7.346
3492          7.351
3494          7.356
3496          7.36
3500          7.367
3502          7.371
3504          7.377
3506          7.381
3510          7.387
3511          7.391
3513          7.396
3516          7.401
3519          7.407
3521          7.411
3524          7.418
3526          7.422
3528          7.427
3530          7.432
3534          7.437
3535          7.442
3538          7.447
3540          7.452
3543          7.457
3545          7.462
3548          7.468
3550          7.473
3552          7.478
3554          7.482
3558          7.488
3560          7.492
3562          7.498
3564          7.502
3567          7.508
3569          7.512
3572          7.518
3574          7.523
3576          7.528
3580          7.533
3582          7.538
3584          7.543
3586          7.548
3589          7.553
3591          7.558
3594          7.563
3597          7.569
3598          7.573
3600          7.578
3604          7.583
3606          7.588
3608          7.593
3610          7.598
3613          7.603
3615          7.608
3618          7.613
3621          7.619
3622          7.624
3628          7.633
3630          7.638
3632          7.643
3634          7.648
3637          7.653
3639          7.658
3642          7.663
3645          7.669
3648          7.674
3650          7.679
3652          7.684
3654          7.689
3657          7.694
3659          7.699
3661          7.704
3664          7.709
3666          7.714
3669          7.72
3672          7.725
3674          7.73
3676          7.735
3678          7.74
3681          7.745
3683          7.75
3686          7.756
3688          7.76
3691          7.766
3694          7.771
3696          7.777
3698          7.781
3700          7.786
3703          7.791
3705          7.796
3708          7.801
3710          7.806
3713          7.81
3715          7.816
3718          7.822
3720          7.827
3722          7.831
3726          7.837
3728          7.841
3730          7.847
3732          7.851
3735          7.857
3737          7.861
3740          7.867
3742          7.872
3744          7.878
3746          7.882
3750          7.888
3752          7.892
3754          7.897
3756          7.902
3759          7.907
3761          7.912
3764          7.917
3767          7.923
3769          7.928
3772          7.933
3774          7.938
3776          7.943
3778          7.948
3781          7.953
3783          7.958
3785          7.962
3788          7.968
3791          7.973
3794          7.979
3796          7.983
3798          7.988
3800          7.993
3802          7.998
3805          8.003
