0          0.02
0          0.025
0          0.03
0          0.035
-2          0.046
-3          0.052
-4          0.059
-5          0.064
-7          0.071
-7          0.075
-10          0.082
-11          0.088
-13          0.093
-15          0.1
-17          0.104
-19          0.111
-21          0.116
-23          0.123
-25          0.129
-27          0.134
-29          0.141
-31          0.145
-33          0.152
-37          0.157
-39          0.163
-41          0.169
-43          0.174
-46          0.181
-47          0.185
-50          0.191
-53          0.196
-55          0.203
-58          0.209
-61          0.214
-63          0.221
-66          0.226
-67          0.232
-71          0.238
-73          0.243
-75          0.249
-78          0.254
-81          0.261
-83          0.265
-86          0.272
-89          0.278
-91          0.283
-93          0.289
-96          0.294
-99          0.301
-101          0.305
-104          0.312
-107          0.318
-109          0.323
-112          0.33
-114          0.334
-117          0.341
-120          0.348
-122          0.353
-125          0.358
-127          0.363
-129          0.369
-133          0.376
-135          0.381
-138          0.386
-139          0.391
-143          0.399
-145          0.403
-147          0.409
-149          0.413
-152          0.419
-154          0.423
-157          0.429
-159          0.433
-161          0.439
-167          0.451
-169          0.455
-171          0.461
-173          0.465
-176          0.471
-178          0.476
-181          0.481
-183          0.486
-185          0.491
-189          0.497
-191          0.502
-193          0.507
-195          0.512
-198          0.517
-200          0.522
-203          0.527
-205          0.532
-207          0.537
-209          0.542
-211          0.549
-215          0.553
-216          0.559
-219          0.564
-221          0.569
-223          0.574
-225          0.579
-228          0.584
-230          0.589
-233          0.594
-235          0.601
-237          0.605
-240          0.611
-242          0.615
-245          0.621
-247          0.625
-249          0.631
-251          0.635
-254          0.641
-256          0.645
-259          0.652
-261          0.656
-263          0.662
-265          0.666
-267          0.672
-270          0.676
-273          0.682
-275          0.686
-278          0.692
-279          0.696
-282          0.703
-285          0.708
-287          0.713
-289          0.718
-291          0.723
-294          0.728
-296          0.733
-299          0.738
-301          0.743
-303          0.748
-306          0.754
-308          0.759
-311          0.764
-313          0.769
-315          0.774
-318          0.78
-320          0.784
-323          0.79
-325          0.794
-327          0.8
-329          0.805
-332          0.811
-333          0.815
-336          0.821
-338          0.825
-341          0.831
-343          0.835
-345          0.841
-350          0.85
-352          0.855
-355          0.861
-357          0.866
-359          0.872
-362          0.876
-364          0.882
-367          0.886
-369          0.892
-371          0.896
-374          0.903
-377          0.907
-379          0.912
-381          0.917
-383          0.923
-386          0.928
-387          0.933
-391          0.938
-392          0.943
-395          0.948
-397          0.953
-399          0.959
-402          0.963
-404          0.969
-407          0.974
-409          0.979
-411          0.984
-413          0.989
-416          0.994
-419          1.0
-421          1.005
-423          1.011
-425          1.015
-428          1.021
-430          1.025
-433          1.031
-434          1.035
-437          1.041
-439          1.045
-442          1.051
-445          1.057
-447          1.062
-449          1.066
-452          1.072
-453          1.076
-456          1.082
-458          1.086
-461          1.092
-463          1.096
-465          1.102
-468          1.108
-471          1.114
-474          1.119
-475          1.124
-479          1.13
-480          1.134
-483          1.14
-485          1.144
-487          1.15
-489          1.154
-492          1.161
-494          1.165
-497          1.171
-499          1.176
-501          1.181
-504          1.186
-506          1.191
-509          1.196
-511          1.201
-513          1.206
-516          1.212
-518          1.217
-521          1.222
-523          1.227
-525          1.232
-527          1.237
-529          1.242
-533          1.251
-536          1.256
-539          1.262
-542          1.267
-543          1.273
-546          1.278
-548          1.283
-551          1.288
-553          1.293
-555          1.298
-557          1.303
-560          1.309
-563          1.314
-565          1.319
-567          1.324
-570          1.329
-572          1.334
-575          1.34
-577          1.344
-579          1.35
-581          1.354
-584          1.361
-586          1.365
-589          1.371
-590          1.376
-593          1.381
-596          1.386
-597          1.391
-600          1.396
-602          1.401
-605          1.406
-607          1.412
-611          1.417
-612          1.422
-615          1.427
-617          1.432
-619          1.437
-621          1.442
-624          1.447
-626          1.452
-629          1.457
-631          1.464
-633          1.469
-636          1.474
-638          1.479
-641          1.484
-643          1.489
-645          1.494
-647          1.499
-650          1.504
-651          1.509
-655          1.515
-657          1.521
-659          1.525
-662          1.531
-663          1.535
-666          1.541
-668          1.545
-671          1.551
-673          1.555
-675          1.561
-678          1.566
-680          1.571
-683          1.576
-685          1.582
-687          1.586
-690          1.592
-692          1.597
-695          1.603
-697          1.608
-700          1.613
-702          1.619
-705          1.624
-707          1.629
-709          1.634
-712          1.64
-716          1.644
-717          1.653
-721          1.659
-723          1.663
-726          1.67
-728          1.675
-731          1.68
-733          1.685
-735          1.69
-737          1.695
-740          1.701
-741          1.705
-744          1.711
-747          1.716
-749          1.721
-751          1.726
-755          1.732
-756          1.736
-758          1.742
-761          1.746
-763          1.752
-765          1.756
-768          1.762
-771          1.768
-773          1.773
-775          1.778
-777          1.783
-780          1.788
-782          1.793
-785          1.798
-787          1.803
-789          1.808
-791          1.813
-795          1.82
-797          1.824
-799          1.83
-801          1.834
-804          1.84
-806          1.844
-809          1.85
-810          1.854
-813          1.86
-815          1.864
-817          1.871
-819          1.875
-822          1.881
-825          1.886
-827          1.891
-830          1.896
-831          1.901
-833          1.906
-836          1.911
-839          1.916
-841          1.922
-843          1.927
-846          1.932
-848          1.937
-851          1.942
-853          1.947
-855          1.952
-858          1.957
-860          1.962
-863          1.967
-865          1.973
-867          1.979
-869          1.983
-872          1.989
-874          1.993
-877          1.999
-879          2.003
-882          2.011
-884          2.015
-887          2.021
-889          2.026
-891          2.031
-894          2.036
-897          2.042
-900          2.051
-903          2.056
-905          2.061
-907          2.066
-910          2.072
-913          2.078
-915          2.083
-918          2.088
-919          2.093
-922          2.098
-924          2.103
-927          2.108
-929          2.114
-931          2.119
-934          2.125
-937          2.131
-939          2.135
-941          2.141
-943          2.145
-946          2.151
-948          2.155
-951          2.161
-953          2.165
-955          2.171
-958          2.176
-961          2.182
-963          2.187
-965          2.192
-967          2.197
-970          2.202
-972          2.207
-975          2.212
-977          2.217
-979          2.222
-993          2.252
-996          2.258
-997          2.263
-1000          2.268
-1002          2.273
-1005          2.279
-1007          2.285
-1010          2.291
-1013          2.296
-1016          2.302
-1019          2.307
-1021          2.312
-1023          2.317
-1025          2.322
-1028          2.329
-1029          2.333
-1032          2.339
-1034          2.343
-1037          2.349
-1039          2.353
-1041          2.359
-1044          2.364
-1046          2.369
-1049          2.374
-1051          2.38
-1053          2.385
-1056          2.39
-1058          2.395
-1061          2.4
-1063          2.405
-1065          2.411
-1067          2.415
-1070          2.421
-1072          2.425
-1075          2.432
-1077          2.437
-1080          2.442
-1084          2.451
-1087          2.456
-1088          2.461
-1091          2.466
-1094          2.472
-1096          2.476
-1099          2.483
-1101          2.488
-1103          2.493
-1106          2.498
-1107          2.503
-1110          2.508
-1112          2.513
-1115          2.518
-1117          2.523
-1119          2.528
-1122          2.534
-1125          2.54
-1127          2.544
-1131          2.552
-1133          2.557
-1135          2.562
-1138          2.567
-1140          2.572
-1143          2.577
-1147          2.587
-1149          2.593
-1151          2.598
-1153          2.603
-1156          2.609
-1158          2.613
-1161          2.619
-1163          2.623
-1165          2.629
-1168          2.634
-1171          2.64
-1173          2.644
-1175          2.65
-1177          2.654
-1180          2.66
-1182          2.664
-1185          2.67
-1187          2.674
-1189          2.68
-1191          2.685
-1194          2.691
-1197          2.696
-1199          2.701
-1201          2.706
-1203          2.711
-1206          2.716
-1208          2.721
-1211          2.726
-1213          2.731
-1216          2.737
-1218          2.742
-1221          2.747
-1222          2.752
-1225          2.757
-1227          2.762
-1229          2.767
-1231          2.772
-1234          2.777
-1237          2.783
-1239          2.789
-1241          2.794
-1243          2.799
-1246          2.803
-1248          2.809
-1251          2.814
-1253          2.819
-1255          2.824
-1257          2.829
-1260          2.835
-1263          2.841
-1265          2.845
-1269          2.854
-1272          2.86
-1273          2.864
-1277          2.87
-1278          2.875
-1281          2.881
-1284          2.886
-1286          2.891
-1289          2.896
-1290          2.902
-1293          2.906
-1295          2.912
-1297          2.916
-1300          2.922
-1302          2.926
-1304          2.932
-1308          2.937
-1309          2.943
-1312          2.947
-1314          2.953
-1317          2.958
-1319          2.963
-1321          2.968
-1323          2.973
-1326          2.978
-1328          2.983
-1331          2.989
-1333          2.994
-1335          2.999
-1338          3.004
-1341          3.009
-1343          3.014
-1345          3.02
-1347          3.024
-1350          3.03
-1352          3.034
-1355          3.041
-1357          3.045
-1359          3.051
-1361          3.055
-1364          3.061
-1365          3.065
-1368          3.071
-1370          3.075
-1373          3.081
-1375          3.086
-1378          3.092
-1380          3.096
-1383          3.102
-1385          3.106
-1387          3.113
-1390          3.118
-1392          3.123
-1395          3.127
-1397          3.132
-1399          3.137
-1402          3.144
-1404          3.149
-1407          3.154
-1409          3.159
-1411          3.164
-1413          3.169
-1416          3.174
-1418          3.179
-1421          3.184
-1423          3.189
-1425          3.195
-1428          3.201
-1430          3.205
-1433          3.211
-1434          3.215
-1437          3.221
-1439          3.225
-1441          3.231
-1443          3.235
-1446          3.241
-1449          3.246
-1453          3.255
-1455          3.261
-1458          3.266
-1460          3.271
-1463          3.276
-1465          3.281
-1467          3.286
-1470          3.292
-1473          3.297
-1475          3.302
-1477          3.307
-1479          3.312
-1482          3.317
-1484          3.323
-1487          3.328
-1489          3.333
-1491          3.337
-1494          3.344
-1496          3.349
-1499          3.354
-1501          3.359
-1503          3.364
-1505          3.369
-1508          3.374
-1511          3.379
-1512          3.384
-1515          3.39
-1517          3.395
-1520          3.401
-1522          3.405
-1525          3.411
-1526          3.415
-1529          3.421
-1531          3.425
-1533          3.431
-1535          3.435
-1538          3.441
-1541          3.447
-1543          3.452
-1545          3.457
-1548          3.462
-1550          3.467
-1553          3.472
-1555          3.477
-1557          3.482
-1559          3.487
-1562          3.492
-1565          3.499
-1567          3.503
-1569          3.509
-1571          3.513
-1574          3.519
-1576          3.523
-1579          3.529
-1580          3.533
-1583          3.539
-1585          3.543
-1589          3.55
-1591          3.555
-1593          3.56
-1595          3.565
-1598          3.57
-1599          3.575
-1603          3.58
-1604          3.585
-1607          3.59
-1610          3.595
-1611          3.601
-1614          3.606
-1616          3.611
-1619          3.616
-1622          3.622
-1623          3.626
-1626          3.632
-1628          3.636
-1631          3.642
-1633          3.648
-1637          3.656
-1640          3.662
-1642          3.667
-1645          3.672
-1647          3.677
-1649          3.682
-1652          3.687
-1654          3.692
-1657          3.699
-1659          3.703
-1661          3.709
-1663          3.713
-1666          3.719
-1669          3.723
-1671          3.729
-1673          3.734
-1676          3.739
-1678          3.744
-1681          3.751
-1682          3.755
-1685          3.761
-1687          3.765
-1690          3.771
-1691          3.775
-1694          3.781
-1696          3.785
-1699          3.791
-1701          3.795
-1704          3.802
-1706          3.806
-1709          3.812
-1711          3.816
-1713          3.822
-1715          3.826
-1718          3.832
-1720          3.836
-1723          3.842
-1725          3.846
-1727          3.853
-1730          3.858
-1732          3.863
-1735          3.868
-1737          3.873
-1739          3.878
-1741          3.883
-1744          3.889
-1746          3.893
-1748          3.899
-1751          3.904
-1754          3.91
-1756          3.914
-1759          3.92
-1761          3.924
-1763          3.93
-1765          3.934
-1768          3.94
-1769          3.944
-1772          3.95
-1775          3.956
-1777          3.961
-1779          3.966
-1781          3.971
-1783          3.976
-1786          3.981
-1789          3.986
-1791          3.991
-1793          3.996
-1795          4.001
-1799          4.007
-1801          4.012
-1803          4.017
-1805          4.022
-1808          4.027
-1810          4.032
-1813          4.037
-1815          4.042
-1817          4.047
-1822          4.058
-1824          4.063
-1827          4.068
-1828          4.073
-1831          4.079
-1833          4.083
-1836          4.089
-1837          4.093
-1840          4.099
-1843          4.103
-1846          4.11
-1847          4.116
-1850          4.121
-1853          4.126
-1855          4.131
-1858          4.136
-1861          4.142
-1863          4.147
-1865          4.152
-1868          4.159
-1869          4.163
-1872          4.169
-1874          4.173
-1877          4.179
-1880          4.183
-1881          4.189
-1884          4.194
-1886          4.199
-1889          4.204
-1891          4.21
-1893          4.215
-1896          4.221
-1898          4.225
-1901          4.231
-1903          4.235
-1905          4.241
-1907          4.245
-1911          4.252
-1913          4.259
-1915          4.263
-1918          4.269
-1920          4.273
-1923          4.279
-1925          4.283
-1927          4.289
-1930          4.294
-1932          4.299
-1939          4.312
-1940          4.316
-1943          4.322
-1945          4.326
-1947          4.332
-1949          4.336
-1952          4.342
-1954          4.347
-1957          4.352
-1959          4.357
-1961          4.363
-1964          4.368
-1966          4.373
-1969          4.379
-1971          4.383
-1973          4.389
-1975          4.393
-1978          4.399
-1981          4.404
-1983          4.409
-1985          4.415
-1988          4.42
-1990          4.425
-1993          4.43
-1994          4.435
-1997          4.44
-1999          4.445
-2002          4.45
-2007          4.46
-2009          4.466
-2011          4.471
-2013          4.476
-2015          4.481
-2018          4.486
-2020          4.491
-2023          4.496
-2025          4.501
-2027          4.506
-2030          4.513
-2033          4.518
-2035          4.523
-2037          4.528
-2039          4.533
-2042          4.538
-2044          4.543
-2047          4.548
-2049          4.553
-2051          4.558
-2054          4.564
-2057          4.57
-2059          4.574
-2061          4.58
-2063          4.584
-2066          4.59
-2068          4.594
-2071          4.6
-2073          4.604
-2075          4.61
-2077          4.615
-2080          4.621
-2081          4.625
-2084          4.631
-2086          4.635
-2089          4.641
-2092          4.646
-2093          4.651
-2096          4.656
-2098          4.661
-2102          4.667
-2104          4.672
-2105          4.677
-2108          4.682
-2110          4.687
-2113          4.692
-2115          4.697
-2117          4.702
-2120          4.707
-2122          4.712
-2125          4.719
-2127          4.723
-2129          4.729
-2131          4.733
-2134          4.739
-2136          4.743
-2139          4.749
-2141          4.753
-2143          4.759
-2146          4.764
-2149          4.771
-2151          4.775
-2153          4.781
-2155          4.785
-2158          4.791
-2159          4.795
-2163          4.801
-2164          4.805
-2167          4.811
-2169          4.815
-2172          4.822
-2175          4.826
-2176          4.832
-2179          4.836
-2182          4.842
-2183          4.846
-2186          4.852
-2190          4.861
-2192          4.865
-2195          4.872
-2197          4.877
-2200          4.882
-2203          4.887
-2205          4.892
-2207          4.897
-2209          4.902
-2212          4.907
-2214          4.912
-2217          4.917
-2219          4.923
-2221          4.929
-2224          4.934
-2226          4.939
-2229          4.944
-2230          4.949
-2233          4.954
-2235          4.959
-2238          4.964
-2241          4.97
-2242          4.975
-2245          4.98
-2247          4.985
-2250          4.99
-2251          4.995
-2254          5.001
-2256          5.005
-2259          5.011
-2261          5.015
-2263          5.021
-2266          5.026
-2269          5.032
-2271          5.036
-2273          5.042
-2275          5.046
-2278          5.052
-2280          5.056
-2283          5.062
-2285          5.067
-2287          5.073
-2290          5.078
-2292          5.083
-2295          5.088
-2297          5.093
-2299          5.098
-2301          5.103
-2304          5.108
-2307          5.114
-2309          5.12
-2311          5.125
-2314          5.131
-2316          5.135
-2319          5.141
-2321          5.145
-2323          5.151
-2325          5.155
-2328          5.161
-2329          5.166
-2332          5.171
-2335          5.176
-2338          5.182
-2340          5.187
-2343          5.192
-2344          5.197
-2347          5.202
-2349          5.207
-2351          5.212
-2353          5.216
-2356          5.222
-2359          5.228
-2361          5.233
-2363          5.239
-2366          5.244
-2368          5.249
-2373          5.254
-2375          5.263
-2377          5.268
-2380          5.273
-2383          5.28
-2385          5.285
-2387          5.29
-2389          5.295
-2392          5.301
-2394          5.305
-2397          5.311
-2399          5.315
-2401          5.321
-2404          5.326
-2406          5.331
-2409          5.336
-2411          5.341
-2413          5.346
-2415          5.351
-2418          5.356
-2419          5.361
-2422          5.366
-2424          5.371
-2428          5.377
-2430          5.382
-2433          5.387
-2434          5.392
-2437          5.397
-2439          5.402
-2441          5.407
-2443          5.412
-2446          5.417
-2448          5.423
-2451          5.429
-2453          5.434
-2455          5.439
-2458          5.444
-2460          5.449
-2463          5.454
-2465          5.459
-2467          5.464
-2469          5.469
-2472          5.474
-2475          5.481
-2477          5.485
-2479          5.491
-2481          5.495
-2484          5.501
-2486          5.505
-2489          5.511
-2490          5.515
-2493          5.521
-2495          5.525
-2497          5.531
-2501          5.536
-2503          5.542
-2505          5.546
-2508          5.552
-2509          5.557
-2513          5.562
-2514          5.567
-2517          5.572
-2519          5.576
-2521          5.583
-2524          5.588
-2526          5.593
-2529          5.598
-2531          5.603
-2533          5.609
-2535          5.613
-2538          5.619
-2540          5.623
-2543          5.629
-2545          5.634
-2548          5.64
-2550          5.644
-2553          5.65
-2555          5.654
-2559          5.664
-2561          5.669
-2564          5.674
-2567          5.68
-2568          5.685
-2571          5.691
-2574          5.696
-2576          5.701
-2579          5.706
-2581          5.711
-2583          5.716
-2585          5.721
-2587          5.726
-2591          5.731
-2593          5.737
-2595          5.742
-2598          5.747
-2599          5.752
-2603          5.757
-2604          5.762
-2607          5.767
-2609          5.772
-2611          5.777
-2613          5.783
-2616          5.789
-2618          5.793
-2621          5.799
-2623          5.803
-2625          5.809
-2628          5.814
-2630          5.819
-2633          5.824
-2635          5.829
-2637          5.835
-2640          5.841
-2642          5.845
-2645          5.851
-2647          5.855
-2649          5.861
-2651          5.865
-2654          5.871
-2656          5.875
-2659          5.881
-2661          5.886
-2664          5.892
-2666          5.896
-2669          5.902
-2670          5.907
-2673          5.912
-2675          5.917
-2678          5.922
-2679          5.927
-2682          5.932
-2685          5.938
-2687          5.943
-2689          5.948
-2691          5.953
-2694          5.958
-2696          5.963
-2699          5.969
-2701          5.973
-2703          5.979
-2705          5.983
-2709          5.99
-2711          5.995
-2713          6.0
-2715          6.004
-2718          6.01
-2720          6.015
-2723          6.02
-2725          6.025
-2727          6.03
-2729          6.035
-2732          6.041
-2735          6.046
-2737          6.051
-2741          6.056
-2743          6.065
-2745          6.071
-2747          6.075
-2750          6.081
-2752          6.085
-2756          6.092
-2757          6.097
-2760          6.102
-2762          6.107
-2765          6.113
-2768          6.118
-2769          6.123
-2772          6.128
-2774          6.133
-2777          6.138
-2779          6.144
-2781          6.149
-2784          6.154
-2786          6.159
-2789          6.164
-2791          6.169
-2793          6.174
-2795          6.179
-2798          6.184
-2801          6.19
-2803          6.195
-2805          6.201
-2807          6.205
-2810          6.211
-2812          6.215
-2815          6.221
-2816          6.225
-2819          6.231
-2821          6.235
-2824          6.242
-2827          6.246
-2829          6.252
-2831          6.256
-2834          6.262
-2835          6.267
-2838          6.272
-2840          6.277
-2843          6.282
-2845          6.286
-2847          6.293
-2850          6.298
-2852          6.303
-2856          6.31
-2857          6.315
-2860          6.321
-2862          6.325
-2865          6.331
-2867          6.335
-2869          6.341
-2873          6.346
-2875          6.352
-2881          6.364
-2883          6.369
-2885          6.374
-2888          6.38
-2890          6.384
-2893          6.39
-2895          6.395
-2897          6.401
-2899          6.405
-2902          6.411
-2903          6.415
-2906          6.421
-2908          6.425
-2911          6.431
-2913          6.435
-2915          6.441
-2918          6.447
-2921          6.452
-2923          6.457
-2927          6.466
-2929          6.471
-2932          6.476
-2935          6.482
-2937          6.486
-2939          6.492
-2942          6.498
-2944          6.503
-2947          6.508
-2949          6.513
-2951          6.518
-2953          6.523
-2956          6.528
-2958          6.533
-2961          6.538
-2963          6.543
-2965          6.549
-2968          6.554
-2971          6.56
-2973          6.564
-2975          6.57
-2977          6.574
-2980          6.58
-2981          6.584
-2985          6.59
-2987          6.595
-2989          6.601
-2992          6.606
-2993          6.611
-2996          6.616
-2998          6.621
-3001          6.626
-3003          6.631
-3005          6.636
-3007          6.641
-3011          6.648
-3013          6.653
-3015          6.658
-3017          6.663
-3020          6.668
-3022          6.673
-3025          6.678
-3027          6.683
-3029          6.689
-3031          6.693
-3035          6.7
-3037          6.704
-3039          6.71
-3041          6.714
-3044          6.72
-3046          6.724
-3049          6.73
-3050          6.735
-3053          6.74
-3055          6.745
-3058          6.751
-3061          6.756
-3063          6.761
-3065          6.766
-3067          6.771
-3069          6.776
-3071          6.781
-3074          6.786
-3076          6.791
-3079          6.796
-3082          6.802
-3085          6.807
-3086          6.812
-3089          6.817
-3091          6.822
-3093          6.827
-3095          6.832
-3098          6.837
-3100          6.842
-3103          6.847
-3105          6.853
-3109          6.859
-3112          6.868
-3114          6.873
-3117          6.879
-3118          6.883
-3121          6.889
-3124          6.894
-3125          6.899
-3129          6.905
-3131          6.911
-3133          6.915
-3136          6.921
-3137          6.925
-3140          6.931
-3142          6.935
-3145          6.941
-3147          6.945
-3149          6.951
-3152          6.956
-3154          6.962
-3157          6.966
-3159          6.972
-3161          6.976
-3164          6.982
-3166          6.987
-3169          6.992
-3171          6.997
-3173          7.002
-3176          7.008
-3178          7.013
-3181          7.018
-3183          7.023
-3185          7.028
-3187          7.033
-3190          7.038
-3191          7.043
-3195          7.048
-3197          7.054
-3200          7.06
-3202          7.064
-3205          7.07
-3207          7.074
-3209          7.08
-3211          7.084
-3214          7.09
-3215          7.094
-3218          7.1
-3220          7.105
-3223          7.111
-3226          7.116
-3229          7.122
-3230          7.126
-3233          7.132
-3235          7.136
-3237          7.142
-3239          7.146
-3242          7.152
-3245          7.158
-3247          7.163
-3249          7.168
-3251          7.173
-3254          7.178
-3256          7.183
-3259          7.188
-3261          7.193
-3263          7.198
-3265          7.203
-3269          7.21
-3271          7.214
-3273          7.22
-3275          7.224
-3279          7.23
-3281          7.239
-3284          7.244
-3286          7.249
-3289          7.254
-3293          7.26
-3295          7.269
-3298          7.274
-3301          7.28
-3303          7.284
-3305          7.29
-3307          7.295
-3310          7.3
-3312          7.305
-3315          7.311
-3317          7.316
-3319          7.321
-3322          7.326
-3324          7.331
-3327          7.336
-3329          7.341
-3331          7.346
-3333          7.351
-3335          7.356
-3338          7.362
-3341          7.367
-3343          7.372
-3346          7.377
-3347          7.382
-3351          7.387
-3352          7.392
-3355          7.397
-3357          7.403
-3359          7.408
-3362          7.414
-3364          7.419
-3367          7.423
-3369          7.429
-3371          7.434
-3373          7.439
-3376          7.444
-3378          7.449
-3381          7.453
-3383          7.459
-3385          7.465
-3388          7.47
-3390          7.475
-3393          7.48
-3395          7.485
-3397          7.49
-3399          7.495
-3402          7.501
-3403          7.505
-3406          7.511
-3409          7.516
-3412          7.522
-3413          7.527
-3417          7.532
-3418          7.536
-3421          7.542
-3423          7.546
-3425          7.552
-3427          7.557
-3430          7.563
-3433          7.568
-3435          7.573
-3437          7.578
-3439          7.583
-3446          7.589
-3449          7.603
-3452          7.611
-3455          7.617
-3457          7.623
-3461          7.63
-3463          7.635
-3466          7.641
-3468          7.645
-3471          7.653
-3474          7.659
-3479          7.669
-3481          7.674
-3484          7.681
-3486          7.685
-3489          7.691
-3493          7.699
-3494          7.703
-3497          7.709
-3500          7.714
-3503          7.723
-3506          7.728
-3508          7.733
-3511          7.738
-3515          7.744
-3517          7.751
-3519          7.756
-3521          7.761
-3525          7.768
-3527          7.775
-3530          7.78
-3532          7.785
-3535          7.791
-3537          7.796
-3540          7.802
-3543          7.807
-3546          7.815
-3549          7.821
-3551          7.826
-3553          7.831
-3557          7.839
-3559          7.843
-3561          7.849
-3565          7.856
-3567          7.861
-3571          7.866
-3572          7.873
-3576          7.88
-3578          7.884
-3581          7.893
-3584          7.898
-3586          7.903
-3589          7.908
-3591          7.913
-3594          7.921
-3596          7.925
-3600          7.933
-3603          7.939
-3605          7.944
-3607          7.949
-3610          7.955
-3613          7.961
-3615          7.966
-3619          7.973
-3622          7.98
-3625          7.987
-3627          7.992
-3629          7.997
-3632          8.002
