0          0.02
0          0.025
0          0.03
0          0.035
-1          0.041
-1          0.049
-3          0.057
-3          0.063
-4          0.068
-5          0.075
-6          0.08
-7          0.086
-9          0.092
-10          0.098
-11          0.103
-12          0.108
-13          0.113
-15          0.121
-16          0.126
-18          0.131
-19          0.138
-21          0.143
-22          0.148
-23          0.154
-25          0.159
-27          0.166
-28          0.172
-29          0.176
-31          0.182
-33          0.188
-35          0.194
-36          0.2
-38          0.205
-39          0.212
-42          0.218
-43          0.223
-44          0.228
-46          0.233
-47          0.24
-49          0.244
-51          0.251
-52          0.256
-54          0.262
-56          0.267
-57          0.273
-59          0.28
-61          0.284
-63          0.291
-64          0.296
-66          0.302
-67          0.307
-69          0.313
-71          0.32
-72          0.324
-75          0.331
-77          0.338
-78          0.343
-79          0.348
-81          0.353
-83          0.36
-84          0.364
-86          0.371
-88          0.375
-89          0.382
-91          0.387
-93          0.393
-95          0.399
-96          0.404
-99          0.411
-99          0.415
-101          0.421
-103          0.425
-105          0.431
-105          0.435
-107          0.441
-109          0.446
-111          0.451
-113          0.461
-115          0.466
-116          0.472
-117          0.476
-119          0.482
-121          0.486
-122          0.492
-123          0.496
-125          0.502
-126          0.507
-129          0.513
-130          0.518
-132          0.523
-133          0.528
-135          0.533
-136          0.538
-138          0.543
-139          0.548
-141          0.553
-142          0.558
-144          0.564
-145          0.57
-147          0.574
-149          0.58
-149          0.584
-151          0.59
-153          0.595
-155          0.6
-156          0.605
-157          0.61
-159          0.616
-161          0.622
-162          0.626
-164          0.632
-165          0.636
-167          0.642
-168          0.646
-170          0.652
-171          0.656
-173          0.663
-175          0.667
-177          0.673
-178          0.678
-179          0.683
-181          0.688
-183          0.693
-184          0.698
-185          0.703
-187          0.708
-189          0.714
-190          0.72
-191          0.724
-193          0.73
-194          0.734
-196          0.74
-197          0.744
-199          0.75
-200          0.754
-202          0.76
-204          0.766
-206          0.771
-207          0.776
-209          0.781
-210          0.786
-212          0.791
-213          0.796
-215          0.802
-216          0.806
-218          0.812
-219          0.817
-221          0.823
-223          0.827
-224          0.833
-225          0.837
-227          0.843
-229          0.847
-230          0.853
-233          0.862
-235          0.868
-236          0.873
-237          0.878
-239          0.884
-241          0.888
-242          0.894
-244          0.898
-245          0.903
-247          0.908
-248          0.913
-250          0.92
-251          0.925
-253          0.93
-255          0.935
-256          0.941
-258          0.945
-259          0.951
-261          0.955
-262          0.961
-264          0.965
-265          0.972
-267          0.976
-269          0.982
-269          0.986
-271          0.992
-273          0.997
-275          1.002
-276          1.007
-277          1.012
-279          1.017
-281          1.023
-282          1.028
-284          1.033
-285          1.038
-287          1.043
-288          1.048
-290          1.053
-291          1.058
-293          1.063
-295          1.068
-296          1.074
-298          1.08
-299          1.084
-301          1.091
-303          1.095
-304          1.101
-305          1.106
-307          1.111
-309          1.116
-310          1.122
-311          1.127
-313          1.132
-314          1.137
-316          1.142
-317          1.147
-319          1.152
-320          1.157
-322          1.162
-323          1.167
-326          1.173
-327          1.178
-329          1.183
-330          1.188
-332          1.194
-333          1.2
-335          1.204
-337          1.21
-338          1.214
-339          1.219
-341          1.225
-343          1.231
-344          1.235
-346          1.241
-347          1.245
-349          1.251
-350          1.255
-353          1.264
-355          1.27
-356          1.276
-358          1.282
-359          1.286
-361          1.292
-362          1.297
-364          1.302
-365          1.307
-367          1.312
-368          1.317
-371          1.322
-372          1.328
-373          1.333
-375          1.338
-377          1.343
-378          1.348
-379          1.353
-381          1.358
-383          1.363
-383          1.368
-385          1.373
-387          1.38
-388          1.384
-390          1.39
-391          1.394
-393          1.4
-395          1.404
-396          1.41
-397          1.414
-399          1.42
-401          1.426
-403          1.431
-404          1.436
-406          1.441
-407          1.446
-409          1.452
-410          1.456
-411          1.462
-413          1.466
-415          1.472
-417          1.478
-418          1.483
-419          1.488
-421          1.493
-423          1.498
-424          1.503
-425          1.508
-427          1.513
-428          1.518
-430          1.523
-432          1.53
-433          1.534
-435          1.54
-436          1.544
-438          1.55
-439          1.554
-441          1.56
-442          1.564
-444          1.57
-445          1.574
-447          1.581
-449          1.586
-451          1.591
-451          1.596
-453          1.601
-455          1.606
-456          1.611
-457          1.616
-459          1.621
-461          1.626
-462          1.632
-464          1.637
-465          1.642
-467          1.647
-468          1.653
-470          1.657
-473          1.666
-474          1.672
-475          1.677
-478          1.683
-479          1.688
-481          1.693
-482          1.698
-484          1.703
-485          1.708
-487          1.714
-489          1.719
-490          1.724
-491          1.728
-493          1.735
-495          1.74
-496          1.745
-497          1.75
-499          1.755
-501          1.76
-502          1.765
-503          1.771
-505          1.775
-507          1.782
-508          1.786
-510          1.792
-511          1.796
-513          1.802
-514          1.806
-516          1.812
-517          1.816
-519          1.822
-520          1.826
-522          1.833
-524          1.838
-525          1.843
-527          1.848
-529          1.853
-529          1.858
-531          1.863
-533          1.868
-534          1.873
-535          1.878
-537          1.884
-539          1.89
-541          1.894
-542          1.9
-543          1.904
-545          1.91
-546          1.914
-548          1.92
-549          1.924
-551          1.93
-553          1.935
-555          1.941
-556          1.946
-557          1.951
-559          1.956
-561          1.961
-562          1.966
-563          1.971
-565          1.976
-567          1.981
-568          1.987
-569          1.992
-571          1.997
-573          2.002
-575          2.009
-576          2.014
-578          2.019
-579          2.024
-581          2.029
-583          2.034
-584          2.04
-585          2.045
-587          2.05
-589          2.055
-591          2.063
-593          2.07
-595          2.075
-596          2.08
-597          2.085
-599          2.092
-601          2.096
-602          2.102
-603          2.107
-605          2.112
-607          2.117
-608          2.122
-609          2.127
-611          2.132
-613          2.138
-615          2.143
-616          2.148
-618          2.153
-619          2.158
-621          2.163
-622          2.168
-624          2.173
-625          2.178
-627          2.183
-629          2.19
-630          2.195
-631          2.201
-633          2.205
-635          2.211
-636          2.215
-637          2.221
-639          2.225
-641          2.231
-651          2.266
-653          2.272
-654          2.276
-656          2.282
-657          2.286
-659          2.293
-661          2.3
-663          2.305
-665          2.311
-666          2.316
-668          2.321
-669          2.326
-671          2.331
-672          2.336
-674          2.342
-675          2.347
-677          2.352
-679          2.357
-680          2.363
-681          2.367
-683          2.373
-685          2.377
-686          2.383
-687          2.387
-689          2.394
-691          2.399
-693          2.404
-694          2.409
-695          2.414
-697          2.419
-698          2.424
-700          2.429
-701          2.434
-703          2.439
-705          2.445
-706          2.45
-708          2.455
-710          2.46
-712          2.469
-713          2.474
-715          2.48
-716          2.484
-718          2.49
-720          2.496
-721          2.502
-723          2.506
-725          2.512
-726          2.516
-727          2.522
-729          2.526
-731          2.531
-732          2.536
-733          2.542
-735          2.547
-737          2.553
-738          2.557
-739          2.563
-741          2.567
-743          2.573
-744          2.577
-745          2.583
-747          2.587
-748          2.593
-751          2.598
-752          2.604
-754          2.608
-755          2.614
-757          2.618
-758          2.624
-760          2.629
-761          2.634
-763          2.639
-765          2.644
-766          2.65
-767          2.655
-769          2.66
-771          2.665
-771          2.671
-773          2.675
-775          2.681
-777          2.685
-777          2.691
-779          2.695
-781          2.702
-783          2.706
-784          2.712
-785          2.716
-787          2.722
-789          2.726
-790          2.732
-791          2.736
-793          2.742
-795          2.747
-797          2.753
-798          2.758
-800          2.763
-801          2.768
-802          2.773
-804          2.778
-806          2.783
-807          2.788
-809          2.793
-811          2.8
-812          2.804
-813          2.81
-815          2.814
-816          2.82
-817          2.824
-819          2.829
-821          2.834
-822          2.839
-823          2.844
-825          2.851
-827          2.855
-828          2.861
-831          2.87
-833          2.874
-834          2.88
-836          2.885
-837          2.89
-839          2.895
-841          2.902
-842          2.906
-844          2.912
-845          2.916
-847          2.922
-848          2.926
-850          2.932
-851          2.936
-853          2.942
-854          2.946
-856          2.953
-857          2.957
-859          2.963
-861          2.968
-862          2.973
-863          2.978
-865          2.983
-866          2.988
-867          2.993
-869          2.998
-871          3.004
-873          3.009
-874          3.014
-876          3.019
-877          3.024
-879          3.03
-880          3.034
-882          3.04
-883          3.044
-885          3.049
-887          3.055
-888          3.061
-890          3.065
-891          3.071
-893          3.075
-894          3.081
-895          3.085
-897          3.091
-899          3.095
-901          3.101
-902          3.107
-903          3.112
-905          3.117
-907          3.122
-907          3.127
-909          3.132
-911          3.137
-912          3.142
-914          3.147
-916          3.152
-917          3.158
-919          3.163
-920          3.168
-922          3.173
-923          3.178
-925          3.183
-926          3.188
-929          3.198
-932          3.207
-934          3.214
-936          3.223
-938          3.227
-940          3.233
-941          3.241
-943          3.245
-945          3.252
-947          3.257
-950          3.267
-952          3.274
-953          3.28
-955          3.287
-957          3.292
-959          3.297
-960          3.303
-963          3.311
-964          3.316
-966          3.321
-969          3.328
-969          3.334
-971          3.338
-973          3.344
-975          3.351
-977          3.357
-978          3.362
-980          3.367
-981          3.375
-983          3.38
-985          3.385
-986          3.391
-989          3.4
-991          3.404
-993          3.411
-995          3.417
-997          3.424
-999          3.432
-1000          3.436
-1002          3.442
-1003          3.447
-1005          3.453
-1007          3.46
-1010          3.468
-1012          3.473
-1013          3.481
-1015          3.486
-1017          3.491
-1019          3.498
-1020          3.503
-1022          3.508
-1023          3.514
-1025          3.52
-1028          3.528
-1029          3.534
-1031          3.539
-1033          3.546
-1035          3.552
-1036          3.556
-1037          3.563
-1040          3.57
-1041          3.575
-1043          3.58
-1046          3.585
-1048          3.596
-1049          3.602
-1052          3.608
-1053          3.615
-1055          3.62
-1057          3.627
-1059          3.633
-1060          3.638
-1062          3.643
-1065          3.656
-1069          3.663
-1071          3.674
-1073          3.682
-1075          3.687
-1078          3.697
-1080          3.705
-1082          3.71
-1083          3.716
-1085          3.723
-1089          3.733
-1090          3.738
-1093          3.746
-1094          3.752
-1096          3.757
-1099          3.763
-1100          3.772
-1101          3.777
-1103          3.783
-1105          3.79
-1107          3.795
-1109          3.8
-1110          3.805
-1113          3.813
-1115          3.822
-1116          3.826
-1118          3.832
-1119          3.836
-1121          3.842
-1123          3.847
-1124          3.852
-1126          3.857
-1127          3.863
-1129          3.868
-1131          3.874
-1132          3.878
-1133          3.884
-1135          3.888
-1137          3.894
-1138          3.898
-1139          3.904
-1141          3.908
-1143          3.913
-1144          3.92
-1146          3.925
-1147          3.93
-1149          3.935
-1150          3.94
-1152          3.945
-1153          3.95
-1155          3.955
-1156          3.96
-1158          3.965
-1160          3.971
-1161          3.976
-1163          3.982
-1164          3.986
-1166          3.992
-1167          3.996
-1169          4.002
-1170          4.006
-1172          4.012
-1173          4.016
-1175          4.023
-1177          4.027
-1177          4.033
-1180          4.04
-1181          4.044
-1183          4.05
-1185          4.055
-1186          4.06
-1188          4.065
-1191          4.075
-1192          4.081
-1194          4.085
-1195          4.091
-1197          4.096
-1199          4.101
-1200          4.106
-1201          4.111
-1203          4.116
-1204          4.122
-1206          4.127
-1207          4.132
-1209          4.137
-1210          4.143
-1212          4.147
-1213          4.153
-1215          4.157
-1217          4.163
-1218          4.167
-1220          4.174
-1222          4.179
-1223          4.184
-1225          4.189
-1227          4.195
-1227          4.2
-1229          4.205
-1231          4.21
-1233          4.215
-1234          4.22
-1235          4.226
-1237          4.232
-1239          4.236
-1240          4.242
-1241          4.246
-1243          4.252
-1244          4.256
-1247          4.262
-1248          4.268
-1250          4.274
-1251          4.28
-1253          4.284
-1255          4.29
-1256          4.294
-1257          4.3
-1259          4.304
-1261          4.31
-1263          4.319
-1265          4.325
-1267          4.331
-1268          4.335
-1269          4.341
-1271          4.345
-1272          4.351
-1274          4.355
-1276          4.361
-1277          4.365
-1279          4.371
-1280          4.376
-1282          4.382
-1283          4.387
-1285          4.392
-1286          4.397
-1288          4.402
-1289          4.407
-1291          4.412
-1293          4.417
-1294          4.422
-1295          4.428
-1297          4.433
-1299          4.438
-1300          4.443
-1301          4.448
-1303          4.453
-1305          4.458
-1306          4.463
-1311          4.478
-1312          4.484
-1315          4.491
-1316          4.496
-1317          4.503
-1322          4.516
-1323          4.522
-1326          4.53
-1327          4.534
-1329          4.54
-1331          4.545
-1332          4.55
-1334          4.555
-1335          4.56
-1337          4.565
-1338          4.57
-1339          4.575
-1341          4.582
-1343          4.586
-1344          4.592
-1345          4.596
-1347          4.602
-1349          4.607
-1350          4.612
-1351          4.617
-1353          4.622
-1355          4.627
-1357          4.633
-1358          4.638
-1360          4.643
-1361          4.648
-1363          4.653
-1364          4.658
-1366          4.663
-1367          4.668
-1369          4.673
-1371          4.678
-1372          4.684
-1373          4.69
-1375          4.694
-1377          4.7
-1377          4.704
-1379          4.71
-1381          4.714
-1383          4.72
-1384          4.724
-1386          4.73
-1387          4.736
-1389          4.741
-1390          4.746
-1392          4.751
-1393          4.756
-1395          4.761
-1396          4.766
-1398          4.771
-1399          4.776
-1401          4.782
-1403          4.787
-1404          4.793
-1406          4.797
-1407          4.803
-1409          4.807
-1410          4.813
-1412          4.817
-1413          4.823
-1415          4.827
-1416          4.834
-1418          4.839
-1419          4.844
-1421          4.85
-1422          4.854
-1424          4.859
-1425          4.864
-1428          4.872
-1429          4.878
-1431          4.884
-1433          4.89
-1435          4.895
-1436          4.9
-1438          4.905
-1439          4.911
-1441          4.915
-1442          4.921
-1443          4.925
-1445          4.931
-1447          4.936
-1449          4.942
-1450          4.946
-1451          4.952
-1453          4.956
-1455          4.962
-1456          4.967
-1457          4.972
-1459          4.977
-1461          4.982
-1462          4.988
-1464          4.993
-1467          4.998
-1468          5.007
-1469          5.013
-1471          5.018
-1473          5.023
-1474          5.028
-1476          5.033
-1478          5.04
-1479          5.044
-1481          5.05
-1482          5.054
-1483          5.06
-1485          5.064
-1487          5.07
-1488          5.074
-1489          5.08
-1491          5.084
-1493          5.091
-1494          5.096
-1496          5.101
-1497          5.106
-1499          5.111
-1500          5.116
-1502          5.122
-1503          5.126
-1505          5.132
-1507          5.136
-1508          5.143
-1510          5.147
-1511          5.153
-1513          5.157
-1514          5.163
-1516          5.167
-1517          5.173
-1519          5.177
-1520          5.183
-1522          5.188
-1523          5.194
-1525          5.2
-1527          5.204
-1528          5.21
-1529          5.214
-1531          5.22
-1533          5.225
-1534          5.23
-1536          5.235
-1538          5.242
-1539          5.246
-1541          5.252
-1542          5.256
-1544          5.262
-1545          5.266
-1548          5.275
-1550          5.281
-1551          5.286
-1553          5.292
-1555          5.297
-1556          5.303
-1557          5.307
-1559          5.313
-1561          5.318
-1562          5.323
-1563          5.328
-1565          5.333
-1566          5.338
-1568          5.344
-1570          5.35
-1571          5.354
-1573          5.36
-1574          5.364
-1576          5.37
-1577          5.375
-1579          5.38
-1580          5.385
-1582          5.39
-1584          5.396
-1585          5.401
-1587          5.406
-1589          5.411
-1589          5.416
-1591          5.422
-1593          5.426
-1595          5.432
-1595          5.436
-1597          5.442
-1599          5.447
-1601          5.453
-1602          5.457
-1603          5.463
-1605          5.467
-1606          5.473
-1608          5.477
-1610          5.483
-1611          5.488
-1613          5.494
-1615          5.499
-1616          5.504
-1617          5.509
-1619          5.514
-1621          5.519
-1622          5.524
-1624          5.529
-1625          5.534
-1627          5.539
-1629          5.545
-1629          5.55
-1631          5.555
-1633          5.56
-1634          5.565
-1635          5.57
-1637          5.575
-1639          5.58
-1640          5.585
-1641          5.59
-1643          5.596
-1645          5.602
-1646          5.606
-1648          5.612
-1649          5.617
-1651          5.622
-1652          5.627
-1654          5.632
-1655          5.637
-1657          5.642
-1659          5.648
-1661          5.653
-1662          5.658
-1663          5.663
-1665          5.668
-1668          5.677
-1669          5.683
-1671          5.687
-1672          5.693
-1674          5.698
-1675          5.704
-1677          5.709
-1679          5.714
-1680          5.719
-1681          5.724
-1683          5.73
-1684          5.734
-1686          5.74
-1687          5.744
-1690          5.751
-1691          5.755
-1693          5.761
-1694          5.765
-1696          5.771
-1697          5.775
-1699          5.781
-1700          5.786
-1702          5.791
-1703          5.796
-1705          5.802
-1706          5.807
-1707          5.812
-1709          5.817
-1711          5.822
-1712          5.827
-1713          5.832
-1715          5.837
-1717          5.842
-1719          5.847
-1720          5.853
-1721          5.858
-1723          5.863
-1724          5.868
-1726          5.873
-1727          5.878
-1729          5.883
-1730          5.888
-1732          5.893
-1733          5.898
-1735          5.904
-1737          5.91
-1738          5.914
-1740          5.92
-1741          5.924
-1743          5.93
-1744          5.934
-1746          5.94
-1747          5.945
-1749          5.95
-1751          5.956
-1752          5.961
-1753          5.966
-1755          5.971
-1757          5.976
-1758          5.982
-1759          5.986
-1761          5.992
-1763          5.996
-1764          6.003
-1766          6.007
-1767          6.013
-1769          6.018
-1771          6.023
-1772          6.028
-1774          6.033
-1775          6.038
-1777          6.043
-1778          6.048
-1780          6.054
-1781          6.06
-1783          6.064
-1785          6.07
-1787          6.078
-1789          6.084
-1791          6.089
-1792          6.094
-1793          6.099
-1795          6.105
-1797          6.111
-1798          6.115
-1799          6.121
-1801          6.125
-1803          6.131
-1804          6.137
-1806          6.142
-1808          6.147
-1809          6.152
-1811          6.158
-1813          6.163
-1814          6.168
-1815          6.173
-1817          6.178
-1819          6.183
-1820          6.188
-1821          6.194
-1823          6.199
-1825          6.205
-1826          6.211
-1828          6.215
-1829          6.221
-1831          6.225
-1832          6.231
-1834          6.235
-1835          6.241
-1837          6.245
-1838          6.251
-1840          6.256
-1842          6.262
-1843          6.267
-1845          6.272
-1846          6.277
-1848          6.282
-1849          6.287
-1851          6.292
-1852          6.297
-1854          6.302
-1855          6.308
-1857          6.313
-1859          6.318
-1860          6.323
-1861          6.328
-1863          6.333
-1865          6.338
-1866          6.343
-1867          6.348
-1869          6.353
-1871          6.36
-1872          6.364
-1874          6.37
-1875          6.374
-1877          6.379
-1878          6.384
-1880          6.39
-1881          6.394
-1883          6.4
-1884          6.404
-1887          6.411
-1888          6.416
-1889          6.421
-1891          6.426
-1893          6.431
-1893          6.436
-1895          6.441
-1897          6.446
-1898          6.451
-1899          6.456
-1901          6.462
-1903          6.467
-1904          6.472
-1907          6.482
-1909          6.486
-1910          6.492
-1911          6.497
-1913          6.502
-1915          6.507
-1917          6.514
-1919          6.52
-1920          6.525
-1921          6.53
-1923          6.535
-1925          6.54
-1926          6.545
-1927          6.55
-1929          6.555
-1931          6.56
-1932          6.566
-1934          6.572
-1938          6.584
-1939          6.589
-1941          6.594
-1943          6.6
-1943          6.604
-1945          6.61
-1947          6.615
-1949          6.621
-1950          6.625
-1952          6.631
-1953          6.635
-1955          6.641
-1956          6.645
-1958          6.651
-1959          6.656
-1961          6.661
-1962          6.667
-1964          6.672
-1965          6.677
-1967          6.682
-1969          6.687
-1970          6.692
-1971          6.697
-1973          6.702
-1975          6.707
-1976          6.712
-1977          6.718
-1979          6.723
-1981          6.728
-1983          6.733
-1984          6.738
-1985          6.744
-1987          6.748
-1988          6.753
-1990          6.758
-1991          6.763
-1993          6.77
-1994          6.774
-1996          6.78
-1997          6.785
-1999          6.79
-2000          6.795
-2002          6.8
-2004          6.805
-2005          6.81
-2007          6.816
-2009          6.822
-2010          6.826
-2011          6.832
-2013          6.836
-2015          6.842
-2016          6.846
-2017          6.852
-2019          6.856
-2021          6.862
-2022          6.867
-2023          6.873
-2027          6.882
-2028          6.887
-2029          6.892
-2031          6.897
-2033          6.903
-2034          6.907
-2035          6.913
-2038          6.919
-2039          6.924
-2041          6.929
-2042          6.934
-2044          6.939
-2045          6.944
-2047          6.949
-2048          6.954
-2050          6.959
-2051          6.964
-2053          6.97
-2055          6.975
-2056          6.98
-2057          6.985
-2059          6.991
-2061          6.995
-2061          7.001
-2063          7.005
-2065          7.011
-2066          7.015
-2068          7.022
-2069          7.026
-2071          7.032
-2072          7.036
-2074          7.042
-2075          7.046
-2077          7.052
-2078          7.056
-2080          7.062
-2081          7.066
-2083          7.073
-2085          7.078
-2086          7.083
-2088          7.088
-2089          7.093
-2091          7.098
-2093          7.103
-2094          7.108
-2095          7.113
-2097          7.118
-2099          7.124
-2100          7.129
-2101          7.134
-2103          7.14
-2105          7.144
-2106          7.15
-2107          7.154
-2109          7.159
-2111          7.164
-2112          7.17
-2114          7.175
-2116          7.181
-2117          7.185
-2119          7.191
-2120          7.196
-2122          7.202
-2123          7.206
-2125          7.212
-2126          7.216
-2128          7.223
-2129          7.228
-2131          7.233
-2133          7.238
-2134          7.243
-2135          7.248
-2137          7.253
-2138          7.258
-2140          7.263
-2141          7.268
-2143          7.274
-2146          7.283
-2147          7.288
-2149          7.294
-2151          7.298
-2152          7.304
-2154          7.309
-2155          7.314
-2157          7.319
-2159          7.325
-2160          7.33
-2161          7.335
-2163          7.34
-2165          7.345
-2166          7.351
-2167          7.355
-2169          7.361
-2171          7.365
-2172          7.371
-2173          7.376
-2175          7.381
-2177          7.386
-2179          7.392
-2179          7.396
-2181          7.402
-2183          7.406
-2184          7.412
-2185          7.416
-2187          7.422
-2189          7.427
-2191          7.433
-2192          7.438
-2194          7.443
-2195          7.448
-2197          7.453
-2198          7.458
-2200          7.463
-2201          7.468
-2203          7.473
-2205          7.48
-2206          7.484
-2207          7.49
-2209          7.494
-2211          7.499
-2211          7.504
-2213          7.51
-2215          7.514
-2217          7.52
-2218          7.524
-2219          7.531
-2221          7.535
-2223          7.541
-2224          7.545
-2225          7.551
-2227          7.555
-2229          7.561
-2230          7.566
-2232          7.571
-2233          7.575
-2235          7.582
-2236          7.587
-2238          7.592
-2239          7.597
-2241          7.602
-2243          7.607
-2244          7.612
-2246          7.617
-2247          7.622
-2249          7.627
-2251          7.633
-2252          7.638
-2253          7.643
-2255          7.648
-2256          7.653
-2257          7.658
-2259          7.663
-2261          7.668
-2262          7.673
-2265          7.682
-2267          7.688
-2269          7.694
-2270          7.698
-2271          7.704
-2273          7.709
-2274          7.714
-2276          7.72
-2277          7.724
-2279          7.73
-2281          7.735
-2283          7.741
-2284          7.745
-2285          7.751
-2287          7.755
-2289          7.761
-2290          7.766
-2291          7.771
-2293          7.776
-2295          7.782
-2296          7.787
-2298          7.792
-2299          7.797
-2301          7.802
-2302          7.807
-2303          7.812
-2305          7.817
-2307          7.822
-2308          7.827
-2312          7.84
-2313          7.846
-2315          7.852
-2317          7.856
-2319          7.862
-2320          7.867
-2323          7.875
-2324          7.881
-2325          7.887
-2327          7.892
-2329          7.897
-2330          7.903
-2332          7.907
-2333          7.913
-2335          7.917
-2336          7.923
-2338          7.927
-2340          7.933
-2341          7.938
-2343          7.944
-2345          7.949
-2346          7.954
-2347          7.959
-2349          7.964
-2351          7.969
-2352          7.974
-2353          7.979
-2355          7.985
-2357          7.991
-2358          7.995
-2359          8.001
