0          0.019
0          0.024
0          0.03
0          0.035
0          0.041
-1          0.048
-1          0.053
-2          0.058
-2          0.063
-4          0.071
-4          0.076
-5          0.081
-6          0.088
-6          0.093
-7          0.098
-8          0.103
-9          0.11
-10          0.115
-12          0.121
-12          0.126
-13          0.132
-14          0.137
-16          0.143
-17          0.15
-18          0.155
-19          0.161
-20          0.166
-21          0.172
-22          0.177
-24          0.183
-25          0.19
-26          0.194
-27          0.202
-28          0.207
-29          0.212
-30          0.217
-32          0.223
-33          0.23
-34          0.236
-36          0.241
-37          0.248
-38          0.253
-39          0.258
-42          0.267
-42          0.274
-44          0.281
-45          0.285
-46          0.292
-47          0.297
-49          0.303
-50          0.309
-51          0.314
-52          0.321
-54          0.325
-55          0.332
-56          0.337
-57          0.343
-59          0.35
-60          0.355
-61          0.361
-62          0.365
-64          0.372
-64          0.377
-66          0.383
-68          0.39
-68          0.394
-70          0.401
-71          0.406
-72          0.411
-74          0.417
-75          0.423
-76          0.431
-78          0.435
-79          0.441
-80          0.446
-81          0.452
-82          0.457
-83          0.462
-84          0.467
-86          0.472
-86          0.477
-88          0.482
-88          0.487
-90          0.493
-90          0.497
-92          0.503
-93          0.508
-94          0.513
-95          0.518
-96          0.523
-98          0.528
-99          0.533
-100          0.538
-101          0.543
-102          0.548
-103          0.554
-104          0.56
-105          0.564
-106          0.57
-108          0.575
-109          0.58
-110          0.585
-111          0.59
-112          0.595
-113          0.6
-114          0.606
-116          0.611
-116          0.616
-118          0.622
-119          0.626
-120          0.632
-121          0.636
-122          0.642
-123          0.646
-124          0.652
-126          0.657
-126          0.663
-129          0.672
-130          0.677
-131          0.682
-132          0.687
-133          0.693
-134          0.697
-136          0.703
-136          0.708
-138          0.713
-139          0.718
-140          0.723
-141          0.728
-142          0.733
-143          0.738
-144          0.743
-145          0.748
-146          0.753
-148          0.76
-149          0.764
-150          0.77
-151          0.775
-152          0.78
-153          0.784
-154          0.79
-155          0.795
-156          0.8
-158          0.806
-159          0.811
-160          0.816
-162          0.821
-162          0.826
-164          0.831
-164          0.836
-166          0.841
-167          0.846
-168          0.851
-169          0.857
-170          0.863
-172          0.867
-172          0.873
-174          0.878
-174          0.883
-176          0.888
-176          0.893
-178          0.898
-179          0.903
-180          0.909
-182          0.914
-183          0.919
-184          0.924
-185          0.93
-186          0.934
-187          0.94
-188          0.944
-189          0.949
-190          0.954
-192          0.961
-193          0.965
-194          0.971
-195          0.975
-196          0.981
-197          0.985
-198          0.991
-199          0.996
-200          1.001
-202          1.006
-203          1.012
-204          1.017
-205          1.022
-206          1.027
-207          1.032
-208          1.037
-210          1.043
-210          1.047
-212          1.053
-212          1.057
-214          1.063
-216          1.073
-217          1.077
-218          1.083
-219          1.088
-220          1.093
-222          1.098
-223          1.103
-224          1.108
-225          1.114
-226          1.12
-227          1.125
-228          1.13
-229          1.135
-231          1.14
-232          1.145
-233          1.15
-234          1.155
-236          1.16
-236          1.166
-238          1.171
-238          1.176
-240          1.181
-241          1.186
-242          1.192
-243          1.196
-244          1.202
-245          1.206
-246          1.213
-248          1.217
-248          1.223
-250          1.227
-251          1.233
-252          1.238
-253          1.243
-254          1.248
-256          1.253
-256          1.258
-258          1.265
-259          1.27
-260          1.275
-261          1.28
-262          1.285
-263          1.291
-264          1.295
-266          1.301
-267          1.305
-268          1.311
-269          1.316
-270          1.322
-271          1.326
-272          1.332
-273          1.336
-274          1.342
-276          1.347
-277          1.352
-278          1.357
-279          1.362
-280          1.367
-281          1.373
-282          1.377
-284          1.383
-285          1.387
-286          1.393
-287          1.398
-288          1.403
-289          1.408
-290          1.413
-292          1.419
-292          1.424
-294          1.429
-294          1.434
-296          1.439
-297          1.444
-298          1.449
-299          1.454
-300          1.459
-301          1.464
-303          1.474
-305          1.48
-306          1.484
-307          1.49
-308          1.495
-309          1.5
-310          1.505
-311          1.51
-312          1.515
-314          1.522
-314          1.526
-316          1.532
-317          1.536
-318          1.541
-319          1.546
-320          1.551
-321          1.556
-322          1.562
-323          1.566
-325          1.573
-326          1.577
-327          1.583
-328          1.587
-329          1.593
-330          1.597
-331          1.603
-332          1.607
-334          1.613
-335          1.617
-336          1.624
-337          1.628
-338          1.634
-340          1.638
-340          1.644
-342          1.649
-342          1.654
-344          1.659
-344          1.664
-346          1.67
-347          1.675
-348          1.681
-350          1.685
-350          1.691
-352          1.695
-352          1.701
-354          1.705
-355          1.711
-356          1.715
-358          1.722
-358          1.727
-360          1.732
-360          1.737
-362          1.742
-362          1.747
-364          1.752
-365          1.757
-366          1.762
-367          1.767
-368          1.773
-370          1.778
-370          1.783
-372          1.788
-372          1.793
-374          1.798
-375          1.803
-376          1.808
-378          1.813
-378          1.818
-380          1.824
-381          1.83
-382          1.834
-383          1.84
-384          1.844
-385          1.85
-386          1.854
-387          1.86
-388          1.864
-390          1.875
-392          1.88
-392          1.885
-394          1.891
-395          1.895
-396          1.901
-397          1.905
-399          1.911
-400          1.916
-401          1.921
-402          1.927
-403          1.932
-404          1.937
-405          1.943
-406          1.947
-407          1.953
-408          1.957
-410          1.963
-411          1.967
-412          1.973
-413          1.978
-414          1.983
-415          1.988
-416          1.993
-417          1.998
-418          2.003
-420          2.011
-421          2.015
-422          2.021
-424          2.026
-425          2.032
-426          2.036
-427          2.042
-428          2.047
-429          2.052
-430          2.057
-431          2.062
-432          2.067
-434          2.072
-435          2.078
-436          2.083
-437          2.089
-438          2.094
-440          2.099
-440          2.104
-442          2.109
-442          2.114
-444          2.119
-445          2.124
-446          2.13
-447          2.135
-448          2.14
-450          2.145
-450          2.15
-452          2.155
-452          2.161
-454          2.165
-455          2.171
-456          2.175
-457          2.182
-458          2.187
-460          2.192
-460          2.197
-462          2.202
-462          2.207
-464          2.212
-465          2.217
-466          2.222
-467          2.227
-468          2.233
-475          2.262
-476          2.267
-477          2.275
-479          2.282
-481          2.288
-482          2.294
-483          2.302
-484          2.307
-486          2.313
-487          2.317
-488          2.323
-489          2.328
-490          2.334
-492          2.34
-492          2.344
-494          2.35
-495          2.354
-496          2.359
-497          2.364
-498          2.37
-499          2.374
-500          2.38
-502          2.386
-503          2.391
-504          2.396
-505          2.401
-506          2.406
-507          2.411
-508          2.415
-509          2.421
-510          2.426
-512          2.433
-512          2.437
-514          2.443
-515          2.447
-516          2.453
-517          2.457
-518          2.463
-520          2.467
-520          2.473
-522          2.477
-523          2.484
-524          2.488
-525          2.494
-526          2.498
-527          2.504
-528          2.508
-529          2.514
-531          2.518
-532          2.524
-532          2.528
-534          2.535
-535          2.54
-536          2.545
-537          2.55
-538          2.555
-539          2.56
-541          2.565
-542          2.571
-543          2.575
-544          2.581
-545          2.586
-546          2.592
-547          2.596
-548          2.602
-550          2.607
-551          2.612
-552          2.617
-553          2.622
-554          2.627
-555          2.632
-556          2.638
-557          2.643
-558          2.648
-559          2.653
-560          2.658
-562          2.663
-563          2.668
-565          2.677
-566          2.683
-567          2.688
-568          2.694
-570          2.699
-571          2.704
-572          2.709
-573          2.714
-574          2.719
-575          2.724
-576          2.73
-577          2.734
-578          2.741
-580          2.745
-581          2.751
-582          2.755
-583          2.761
-584          2.765
-585          2.771
-586          2.775
-587          2.781
-588          2.785
-590          2.792
-591          2.797
-592          2.802
-593          2.807
-594          2.812
-595          2.817
-596          2.822
-597          2.827
-598          2.832
-600          2.837
-601          2.843
-602          2.848
-603          2.853
-604          2.858
-606          2.863
-606          2.868
-608          2.873
-608          2.878
-610          2.883
-611          2.888
-612          2.894
-613          2.9
-614          2.904
-616          2.91
-616          2.915
-618          2.92
-618          2.924
-620          2.93
-621          2.934
-622          2.941
-623          2.945
-624          2.951
-626          2.956
-627          2.961
-628          2.966
-629          2.971
-630          2.976
-631          2.981
-632          2.986
-633          2.993
-634          2.997
-636          3.002
-636          3.007
-638          3.012
-638          3.017
-640          3.023
-641          3.027
-642          3.033
-644          3.037
-645          3.043
-646          3.048
-647          3.053
-648          3.058
-649          3.063
-650          3.068
-652          3.077
-653          3.083
-654          3.088
-656          3.094
-657          3.1
-658          3.104
-659          3.11
-660          3.114
-661          3.12
-662          3.124
-664          3.13
-664          3.134
-666          3.14
-667          3.146
-668          3.151
-669          3.156
-670          3.161
-671          3.166
-672          3.171
-673          3.175
-674          3.181
-676          3.185
-676          3.191
-678          3.197
-679          3.202
-680          3.207
-681          3.213
-682          3.217
-683          3.223
-684          3.227
-686          3.233
-687          3.238
-688          3.243
-690          3.25
-690          3.254
-692          3.26
-692          3.264
-694          3.27
-695          3.274
-696          3.28
-697          3.284
-698          3.29
-699          3.295
-700          3.301
-702          3.306
-703          3.311
-704          3.316
-705          3.321
-706          3.326
-707          3.331
-708          3.336
-709          3.341
-710          3.347
-712          3.352
-712          3.357
-714          3.363
-714          3.367
-716          3.373
-717          3.377
-718          3.383
-719          3.387
-720          3.393
-722          3.398
-723          3.404
-724          3.408
-725          3.413
-726          3.418
-727          3.423
-728          3.428
-729          3.433
-730          3.438
-732          3.444
-733          3.45
-734          3.455
-735          3.46
-736          3.465
-737          3.47
-739          3.48
-740          3.484
-742          3.49
-742          3.495
-744          3.502
-745          3.506
-746          3.512
-747          3.516
-748          3.522
-749          3.526
-750          3.532
-751          3.536
-753          3.542
-754          3.546
-755          3.553
-756          3.557
-757          3.563
-758          3.567
-759          3.573
-760          3.577
-762          3.583
-763          3.587
-764          3.593
-765          3.597
-766          3.604
-768          3.609
-768          3.614
-770          3.619
-770          3.624
-772          3.629
-773          3.634
-774          3.64
-775          3.644
-776          3.65
-777          3.655
-778          3.661
-780          3.665
-780          3.671
-782          3.675
-783          3.681
-784          3.685
-785          3.691
-786          3.695
-787          3.701
-788          3.707
-790          3.712
-790          3.717
-792          3.722
-792          3.726
-794          3.732
-795          3.737
-796          3.742
-797          3.747
-799          3.752
-800          3.758
-801          3.763
-802          3.768
-803          3.773
-804          3.778
-805          3.783
-806          3.788
-808          3.793
-808          3.798
-810          3.803
-811          3.81
-812          3.814
-813          3.82
-814          3.824
-815          3.83
-816          3.834
-817          3.84
-818          3.844
-820          3.85
-821          3.856
-822          3.861
-823          3.866
-824          3.871
-826          3.881
-827          3.885
-828          3.891
-830          3.896
-831          3.901
-832          3.907
-833          3.913
-834          3.917
-835          3.923
-836          3.927
-837          3.933
-839          3.937
-840          3.943
-841          3.947
-842          3.953
-843          3.958
-844          3.964
-846          3.968
-846          3.974
-848          3.978
-848          3.984
-850          3.989
-851          3.994
-852          4.0
-853          4.004
-854          4.011
-856          4.015
-856          4.021
-858          4.025
-858          4.031
-860          4.035
-861          4.041
-862          4.045
-863          4.051
-864          4.055
-866          4.062
-866          4.067
-868          4.072
-868          4.077
-870          4.082
-871          4.087
-872          4.092
-873          4.097
-874          4.102
-875          4.107
-877          4.113
-878          4.118
-879          4.123
-880          4.128
-881          4.133
-882          4.138
-883          4.143
-884          4.148
-886          4.153
-886          4.158
-888          4.164
-889          4.17
-890          4.174
-891          4.18
-892          4.184
-893          4.19
-894          4.194
-895          4.2
-896          4.204
-898          4.21
-899          4.215
-900          4.221
-901          4.225
-902          4.231
-903          4.236
-904          4.242
-906          4.246
-907          4.252
-908          4.257
-909          4.264
-910          4.27
-912          4.274
-914          4.284
-915          4.288
-916          4.294
-917          4.299
-918          4.304
-919          4.309
-920          4.315
-921          4.321
-922          4.325
-924          4.331
-925          4.335
-926          4.341
-927          4.345
-928          4.351
-929          4.355
-930          4.361
-932          4.367
-933          4.372
-934          4.377
-935          4.382
-936          4.387
-937          4.392
-938          4.397
-939          4.402
-940          4.407
-941          4.412
-944          4.426
-946          4.431
-946          4.436
-948          4.441
-949          4.446
-950          4.451
-951          4.456
-952          4.462
-954          4.467
-954          4.473
-956          4.477
-956          4.483
-958          4.487
-959          4.493
-960          4.497
-961          4.503
-962          4.507
-963          4.513
-965          4.519
-966          4.524
-967          4.529
-968          4.534
-969          4.539
-970          4.544
-971          4.549
-972          4.554
-974          4.559
-974          4.564
-976          4.57
-976          4.575
-978          4.58
-979          4.585
-980          4.591
-981          4.596
-982          4.602
-984          4.606
-985          4.612
-986          4.617
-987          4.623
-988          4.627
-989          4.633
-990          4.637
-991          4.643
-992          4.648
-994          4.653
-994          4.658
-996          4.663
-997          4.668
-998          4.674
-1000          4.683
-1001          4.688
-1002          4.693
-1004          4.698
-1005          4.704
-1006          4.708
-1007          4.714
-1008          4.718
-1009          4.725
-1010          4.73
-1011          4.735
-1012          4.74
-1013          4.745
-1014          4.75
-1016          4.755
-1017          4.76
-1018          4.765
-1019          4.772
-1020          4.776
-1022          4.782
-1022          4.786
-1024          4.792
-1024          4.796
-1026          4.802
-1027          4.806
-1028          4.812
-1029          4.817
-1030          4.823
-1032          4.828
-1032          4.833
-1034          4.838
-1035          4.843
-1036          4.848
-1037          4.853
-1038          4.858
-1039          4.863
-1040          4.868
-1042          4.874
-1043          4.88
-1044          4.885
-1045          4.89
-1046          4.895
-1047          4.9
-1048          4.905
-1049          4.91
-1050          4.915
-1052          4.92
-1053          4.926
-1054          4.932
-1055          4.936
-1056          4.942
-1057          4.946
-1058          4.952
-1059          4.957
-1060          4.962
-1061          4.966
-1063          4.972
-1064          4.977
-1065          4.983
-1066          4.987
-1067          4.993
-1068          4.998
-1069          5.003
-1070          5.008
-1072          5.013
-1073          5.018
-1074          5.023
-1075          5.03
-1076          5.034
-1078          5.04
-1078          5.044
-1080          5.05
-1080          5.054
-1082          5.06
-1082          5.065
-1084          5.07
-1086          5.075
-1087          5.085
-1088          5.09
-1090          5.095
-1090          5.1
-1092          5.105
-1092          5.111
-1094          5.115
-1095          5.121
-1096          5.126
-1098          5.132
-1098          5.137
-1100          5.142
-1100          5.147
-1102          5.152
-1102          5.157
-1104          5.162
-1105          5.167
-1106          5.172
-1107          5.178
-1108          5.183
-1110          5.188
-1111          5.193
-1112          5.198
-1113          5.203
-1114          5.208
-1115          5.213
-1116          5.218
-1117          5.223
-1118          5.23
-1121          5.24
-1123          5.249
-1124          5.254
-1126          5.263
-1127          5.27
-1129          5.277
-1130          5.284
-1132          5.288
-1132          5.294
-1134          5.302
-1135          5.306
-1136          5.312
-1137          5.316
-1138          5.323
-1140          5.328
-1142          5.335
-1143          5.342
-1144          5.347
-1146          5.357
-1148          5.365
-1149          5.371
-1150          5.375
-1152          5.381
-1153          5.389
-1154          5.394
-1155          5.399
-1156          5.404
-1158          5.411
-1159          5.416
-1160          5.422
-1161          5.426
-1163          5.436
-1165          5.443
-1166          5.45
-1168          5.457
-1169          5.463
-1170          5.467
-1171          5.473
-1174          5.485
-1175          5.49
-1176          5.495
-1177          5.5
-1180          5.513
-1181          5.518
-1182          5.526
-1184          5.531
-1185          5.537
-1186          5.543
-1188          5.55
-1189          5.555
-1190          5.56
-1192          5.565
-1193          5.573
-1194          5.58
-1196          5.586
-1197          5.591
-1198          5.596
-1199          5.603
-1201          5.607
-1202          5.614
-1203          5.62
-1204          5.625
-1206          5.636
-1208          5.643
-1210          5.647
-1210          5.654
-1212          5.661
-1213          5.665
-1214          5.672
-1215          5.677
-1220          5.695
-1221          5.705
-1222          5.711
-1224          5.718
-1226          5.724
-1227          5.733
-1229          5.74
-1231          5.747
-1232          5.754
-1233          5.759
-1234          5.767
-1236          5.773
-1238          5.78
-1238          5.785
-1240          5.793
-1242          5.797
-1243          5.806
-1244          5.812
-1246          5.819
-1247          5.824
-1248          5.831
-1250          5.835
-1252          5.848
-1254          5.853
-1254          5.858
-1256          5.865
-1258          5.873
-1259          5.877
-1260          5.887
-1263          5.893
-1264          5.901
-1265          5.906
-1266          5.911
-1268          5.917
-1269          5.925
-1270          5.931
-1272          5.935
-1273          5.942
-1274          5.948
-1275          5.954
-1276          5.959
-1278          5.964
-1279          5.972
-1280          5.977
-1281          5.982
-1282          5.987
-1284          5.994
-1285          6.0
-1286          6.007
-1288          6.013
-1289          6.017
-1290          6.023
-1292          6.03
-1293          6.035
-1294          6.04
-1295          6.046
-1296          6.053
-1297          6.057
-1299          6.063
-1300          6.07
-1302          6.077
-1303          6.083
-1305          6.092
-1306          6.097
-1307          6.103
-1309          6.111
-1310          6.117
-1312          6.123
-1314          6.129
-1314          6.134
-1316          6.141
-1317          6.147
-1318          6.153
-1320          6.158
-1321          6.166
-1322          6.173
-1324          6.177
-1325          6.184
-1326          6.19
-1328          6.196
-1329          6.203
-1330          6.207
-1332          6.214
-1333          6.22
-1334          6.225
-1336          6.235
-1337          6.24
-1338          6.246
-1340          6.253
-1341          6.257
-1342          6.264
-1344          6.27
-1344          6.275
-1347          6.285
-1349          6.295
-1350          6.303
-1352          6.307
-1353          6.314
-1354          6.321
-1356          6.325
-1357          6.332
-1358          6.337
-1362          6.351
-1364          6.362
-1364          6.366
-1366          6.372
-1368          6.378
-1369          6.387
-1370          6.392
-1371          6.398
-1374          6.405
-1375          6.414
-1376          6.419
-1378          6.427
-1380          6.433
-1380          6.441
-1383          6.448
-1384          6.454
-1385          6.459
-1386          6.464
-1388          6.472
-1388          6.477
-1390          6.482
-1390          6.487
-1392          6.495
-1394          6.503
-1395          6.508
-1396          6.513
-1397          6.518
-1398          6.524
-1400          6.53
-1401          6.534
-1402          6.54
-1403          6.544
-1404          6.55
-1406          6.555
-1406          6.561
-1408          6.565
-1409          6.571
-1410          6.575
-1411          6.581
-1412          6.585
-1413          6.591
-1414          6.596
-1416          6.602
-1416          6.607
-1418          6.612
-1418          6.617
-1420          6.622
-1421          6.627
-1422          6.632
-1423          6.637
-1424          6.642
-1425          6.647
-1427          6.653
-1428          6.658
-1429          6.663
-1430          6.668
-1431          6.673
-1432          6.678
-1434          6.687
-1435          6.693
-1436          6.697
-1438          6.704
-1439          6.709
-1440          6.714
-1441          6.72
-1442          6.724
-1443          6.73
-1444          6.734
-1447          6.747
-1448          6.753
-1450          6.758
-1450          6.764
-1452          6.768
-1453          6.774
-1454          6.778
-1455          6.784
-1456          6.788
-1457          6.794
-1458          6.798
-1459          6.804
-1460          6.81
-1462          6.815
-1463          6.821
-1464          6.827
-1465          6.832
-1466          6.837
-1468          6.843
-1469          6.847
-1470          6.853
-1471          6.858
-1472          6.864
-1474          6.869
-1474          6.874
-1476          6.879
-1476          6.884
-1478          6.889
-1479          6.894
-1480          6.899
-1481          6.904
-1482          6.91
-1483          6.915
-1484          6.92
-1486          6.925
-1486          6.931
-1488          6.935
-1489          6.941
-1490          6.945
-1491          6.951
-1492          6.955
-1494          6.962
-1494          6.967
-1496          6.972
-1496          6.977
-1498          6.982
-1498          6.987
-1500          6.992
-1501          6.997
-1502          7.002
-1504          7.007
-1505          7.013
-1506          7.018
-1507          7.023
-1508          7.028
-1509          7.033
-1510          7.038
-1511          7.043
-1512          7.048
-1514          7.053
-1515          7.06
-1516          7.064
-1517          7.07
-1518          7.074
-1519          7.08
-1521          7.088
-1522          7.094
-1523          7.1
-1524          7.105
-1526          7.112
-1527          7.116
-1528          7.122
-1529          7.126
-1530          7.132
-1531          7.136
-1532          7.142
-1534          7.146
-1534          7.152
-1536          7.156
-1537          7.163
-1538          7.167
-1539          7.173
-1540          7.177
-1541          7.183
-1542          7.187
-1543          7.193
-1544          7.197
-1546          7.203
-1547          7.207
-1548          7.214
-1549          7.218
-1550          7.224
-1552          7.228
-1552          7.235
-1554          7.24
-1554          7.245
-1556          7.25
-1557          7.255
-1558          7.26
-1559          7.266
-1560          7.271
-1562          7.276
-1563          7.282
-1564          7.286
-1565          7.292
-1566          7.296
-1567          7.302
-1568          7.307
-1569          7.312
-1570          7.317
-1572          7.323
-1573          7.327
-1574          7.333
-1575          7.337
-1576          7.343
-1577          7.348
-1578          7.353
-1579          7.358
-1580          7.363
-1582          7.369
-1583          7.374
-1584          7.379
-1585          7.384
-1586          7.389
-1587          7.394
-1588          7.399
-1589          7.404
-1590          7.41
-1592          7.415
-1592          7.421
-1594          7.425
-1595          7.431
-1596          7.435
-1597          7.441
-1598          7.445
-1599          7.451
-1600          7.455
-1602          7.461
-1603          7.467
-1604          7.472
-1605          7.477
-1606          7.482
-1608          7.491
-1609          7.496
-1610          7.502
-1611          7.506
-1612          7.512
-1614          7.517
-1615          7.523
-1616          7.528
-1617          7.533
-1618          7.538
-1619          7.543
-1620          7.548
-1621          7.553
-1622          7.558
-1624          7.563
-1625          7.569
-1626          7.574
-1627          7.579
-1628          7.584
-1630          7.589
-1630          7.594
-1632          7.599
-1632          7.604
-1634          7.609
-1635          7.614
-1636          7.62
-1637          7.625
-1638          7.63
-1640          7.635
-1640          7.641
-1642          7.645
-1642          7.651
-1644          7.655
-1644          7.661
-1646          7.665
-1647          7.672
-1648          7.677
-1650          7.682
-1650          7.687
-1652          7.692
-1652          7.697
-1654          7.702
-1654          7.707
-1656          7.712
-1657          7.717
-1658          7.723
-1659          7.728
-1660          7.733
-1662          7.738
-1662          7.743
-1664          7.748
-1665          7.753
-1666          7.758
-1667          7.763
-1668          7.768
-1669          7.774
-1670          7.78
-1672          7.784
-1673          7.79
-1674          7.794
-1675          7.8
-1676          7.804
-1677          7.81
-1678          7.814
-1679          7.82
-1680          7.825
-1682          7.831
-1683          7.835
-1684          7.841
-1685          7.845
-1686          7.851
-1687          7.855
-1688          7.861
-1689          7.865
-1690          7.871
-1692          7.877
-1693          7.882
-1695          7.891
-1696          7.896
-1697          7.902
-1698          7.906
-1699          7.912
-1700          7.916
-1702          7.922
-1703          7.927
-1704          7.933
-1705          7.937
-1706          7.943
-1707          7.948
-1708          7.953
-1709          7.958
-1710          7.963
-1711          7.968
-1712          7.974
-1714          7.979
-1715          7.984
-1716          7.989
-1719          8.001
