0          0.02
0          0.025
0          0.03
0          0.036
0          0.044
0          0.048
-1          0.054
-1          0.06
-2          0.066
-2          0.07
-3          0.08
-3          0.086
-4          0.093
-4          0.098
-5          0.105
-6          0.109
-6          0.115
-7          0.122
-8          0.127
-8          0.133
-9          0.138
-10          0.145
-10          0.149
-11          0.155
-12          0.162
-12          0.166
-13          0.173
-14          0.177
-15          0.185
-16          0.19
-16          0.195
-17          0.2
-18          0.206
-18          0.213
-19          0.217
-20          0.224
-20          0.229
-21          0.235
-22          0.24
-23          0.246
-24          0.253
-24          0.257
-25          0.264
-26          0.269
-27          0.275
-28          0.282
-28          0.287
-29          0.294
-30          0.298
-31          0.305
-32          0.309
-32          0.316
-33          0.322
-34          0.327
-35          0.333
-35          0.338
-36          0.345
-37          0.349
-38          0.356
-39          0.362
-39          0.367
-40          0.373
-41          0.38
-42          0.385
-42          0.39
-43          0.395
-44          0.4
-44          0.406
-46          0.411
-46          0.416
-47          0.421
-47          0.426
-48          0.431
-49          0.436
-50          0.441
-50          0.446
-51          0.452
-52          0.457
-52          0.463
-53          0.467
-54          0.475
-55          0.482
-56          0.487
-56          0.492
-57          0.497
-58          0.504
-59          0.508
-60          0.514
-60          0.518
-61          0.524
-61          0.528
-62          0.534
-63          0.539
-64          0.545
-64          0.549
-65          0.556
-66          0.56
-66          0.566
-67          0.571
-68          0.576
-69          0.581
-69          0.586
-70          0.591
-70          0.596
-72          0.601
-72          0.607
-73          0.612
-74          0.617
-74          0.623
-75          0.627
-76          0.633
-76          0.637
-77          0.643
-78          0.647
-78          0.653
-79          0.659
-80          0.664
-80          0.669
-82          0.674
-82          0.679
-83          0.684
-83          0.689
-84          0.694
-85          0.699
-86          0.704
-86          0.71
-87          0.715
-88          0.72
-88          0.725
-89          0.73
-90          0.735
-90          0.74
-91          0.745
-92          0.75
-92          0.755
-93          0.762
-94          0.767
-95          0.772
-95          0.777
-96          0.782
-96          0.787
-98          0.792
-98          0.797
-99          0.802
-100          0.807
-100          0.813
-101          0.818
-102          0.823
-102          0.828
-103          0.833
-104          0.838
-104          0.843
-105          0.848
-106          0.853
-106          0.859
-108          0.865
-108          0.869
-109          0.879
-110          0.884
-111          0.889
-112          0.895
-112          0.899
-113          0.905
-114          0.91
-114          0.916
-115          0.92
-116          0.926
-116          0.931
-117          0.936
-118          0.941
-118          0.946
-120          0.951
-120          0.956
-121          0.962
-121          0.967
-122          0.972
-123          0.977
-124          0.982
-124          0.987
-125          0.993
-126          0.997
-126          1.003
-127          1.007
-128          1.014
-128          1.019
-129          1.024
-130          1.029
-131          1.034
-131          1.039
-132          1.044
-132          1.049
-134          1.054
-134          1.059
-135          1.065
-136          1.07
-136          1.075
-137          1.079
-138          1.085
-138          1.089
-139          1.095
-140          1.1
-140          1.105
-141          1.11
-142          1.116
-143          1.121
-143          1.126
-144          1.131
-145          1.136
-146          1.142
-146          1.146
-147          1.151
-148          1.156
-148          1.161
-149          1.167
-150          1.173
-150          1.177
-151          1.183
-152          1.187
-152          1.193
-153          1.197
-154          1.203
-154          1.207
-155          1.213
-156          1.219
-157          1.224
-157          1.229
-158          1.234
-159          1.239
-160          1.244
-160          1.249
-161          1.254
-162          1.259
-162          1.265
-163          1.27
-164          1.28
-165          1.285
-166          1.29
-166          1.296
-167          1.3
-168          1.306
-169          1.31
-169          1.317
-170          1.322
-171          1.327
-172          1.332
-172          1.337
-173          1.342
-174          1.347
-174          1.353
-175          1.357
-176          1.363
-176          1.369
-177          1.374
-178          1.379
-179          1.384
-179          1.389
-180          1.398
-182          1.404
-182          1.408
-183          1.414
-184          1.419
-184          1.425
-185          1.429
-186          1.435
-186          1.44
-187          1.445
-188          1.45
-188          1.455
-189          1.46
-190          1.465
-191          1.471
-191          1.476
-192          1.481
-192          1.486
-194          1.491
-194          1.496
-195          1.501
-196          1.506
-196          1.511
-197          1.516
-198          1.522
-198          1.527
-199          1.533
-200          1.537
-200          1.543
-201          1.547
-202          1.553
-202          1.557
-203          1.563
-204          1.567
-205          1.574
-205          1.578
-206          1.584
-207          1.589
-208          1.594
-208          1.599
-209          1.604
-210          1.609
-210          1.614
-211          1.619
-212          1.625
-212          1.629
-213          1.635
-214          1.639
-214          1.645
-215          1.65
-216          1.655
-216          1.66
-217          1.665
-218          1.67
-219          1.68
-220          1.685
-220          1.69
-222          1.696
-222          1.7
-223          1.706
-224          1.711
-224          1.716
-225          1.721
-226          1.727
-226          1.732
-227          1.737
-228          1.742
-228          1.747
-230          1.752
-231          1.765
-232          1.771
-232          1.777
-234          1.783
-234          1.79
-235          1.795
-236          1.8
-236          1.805
-237          1.81
-238          1.816
-238          1.82
-239          1.827
-240          1.833
-241          1.837
-242          1.843
-242          1.847
-243          1.853
-244          1.857
-244          1.863
-245          1.867
-246          1.873
-246          1.878
-247          1.884
-248          1.889
-249          1.894
-249          1.899
-250          1.904
-250          1.909
-252          1.914
-252          1.919
-253          1.924
-254          1.93
-254          1.935
-255          1.94
-256          1.945
-256          1.95
-257          1.955
-258          1.96
-258          1.965
-259          1.97
-260          1.975
-261          1.982
-261          1.986
-262          1.992
-263          1.996
-264          2.002
-264          2.008
-265          2.014
-266          2.019
-266          2.024
-267          2.029
-268          2.035
-269          2.039
-269          2.045
-270          2.05
-271          2.055
-272          2.06
-272          2.065
-273          2.07
-274          2.075
-275          2.085
-276          2.09
-276          2.096
-277          2.1
-278          2.106
-279          2.111
-279          2.116
-280          2.121
-280          2.126
-281          2.133
-282          2.137
-283          2.143
-284          2.147
-284          2.153
-285          2.157
-286          2.163
-286          2.167
-287          2.173
-288          2.177
-288          2.184
-289          2.189
-290          2.194
-290          2.199
-291          2.204
-292          2.209
-293          2.214
-293          2.219
-294          2.224
-294          2.229
-296          2.235
-296          2.24
-297          2.245
-298          2.25
-298          2.255
-299          2.26
-300          2.265
-300          2.27
-302          2.286
-303          2.29
-304          2.296
-304          2.3
-305          2.306
-306          2.311
-307          2.316
-308          2.321
-308          2.326
-309          2.331
-309          2.337
-310          2.342
-311          2.347
-312          2.352
-312          2.357
-313          2.362
-314          2.367
-314          2.373
-315          2.377
-316          2.383
-316          2.389
-318          2.394
-318          2.399
-319          2.404
-319          2.409
-320          2.414
-321          2.419
-322          2.424
-322          2.429
-323          2.435
-324          2.44
-324          2.445
-325          2.45
-326          2.455
-326          2.46
-327          2.465
-328          2.47
-328          2.475
-330          2.485
-331          2.491
-331          2.496
-332          2.501
-333          2.506
-334          2.511
-334          2.516
-335          2.522
-336          2.526
-336          2.531
-337          2.536
-338          2.543
-338          2.547
-339          2.553
-340          2.557
-341          2.563
-341          2.568
-342          2.573
-342          2.578
-343          2.583
-344          2.589
-345          2.594
-346          2.599
-346          2.604
-347          2.609
-348          2.615
-348          2.619
-349          2.625
-350          2.629
-350          2.635
-351          2.64
-352          2.645
-352          2.65
-353          2.655
-354          2.66
-355          2.665
-355          2.67
-356          2.675
-356          2.68
-358          2.685
-358          2.692
-359          2.697
-360          2.702
-360          2.707
-361          2.712
-362          2.717
-362          2.722
-363          2.727
-364          2.732
-364          2.737
-366          2.743
-366          2.748
-367          2.753
-367          2.758
-368          2.763
-369          2.768
-370          2.774
-370          2.778
-371          2.784
-372          2.788
-372          2.795
-373          2.799
-374          2.805
-374          2.809
-375          2.815
-376          2.819
-376          2.825
-377          2.83
-378          2.835
-378          2.84
-379          2.846
-380          2.851
-381          2.856
-382          2.861
-382          2.866
-383          2.871
-384          2.876
-385          2.885
-386          2.89
-386          2.896
-387          2.902
-388          2.907
-388          2.912
-389          2.917
-390          2.922
-390          2.927
-391          2.932
-392          2.937
-392          2.942
-394          2.948
-394          2.953
-395          2.958
-396          2.964
-396          2.968
-397          2.974
-398          2.978
-398          2.984
-399          2.988
-400          2.994
-400          2.999
-401          3.005
-402          3.009
-402          3.015
-403          3.019
-404          3.025
-405          3.03
-405          3.035
-406          3.04
-407          3.047
-408          3.052
-408          3.057
-409          3.062
-410          3.067
-410          3.072
-411          3.077
-412          3.082
-413          3.087
-413          3.093
-414          3.098
-415          3.104
-416          3.108
-416          3.114
-417          3.118
-418          3.124
-418          3.128
-419          3.134
-420          3.138
-420          3.144
-421          3.149
-422          3.155
-422          3.159
-423          3.165
-424          3.169
-424          3.175
-425          3.179
-426          3.185
-426          3.189
-427          3.195
-428          3.2
-429          3.206
-430          3.211
-430          3.216
-431          3.221
-432          3.226
-432          3.231
-433          3.236
-434          3.241
-434          3.246
-435          3.252
-436          3.257
-436          3.262
-438          3.267
-438          3.273
-439          3.278
-440          3.287
-441          3.293
-442          3.297
-442          3.304
-443          3.309
-444          3.314
-444          3.319
-445          3.325
-446          3.329
-446          3.335
-447          3.339
-448          3.345
-448          3.349
-450          3.356
-450          3.36
-451          3.366
-451          3.37
-452          3.376
-453          3.38
-454          3.386
-454          3.39
-455          3.396
-456          3.402
-456          3.407
-457          3.412
-458          3.417
-458          3.422
-459          3.427
-460          3.432
-460          3.437
-461          3.442
-462          3.447
-463          3.454
-464          3.458
-464          3.464
-465          3.468
-466          3.474
-466          3.479
-467          3.484
-468          3.489
-468          3.494
-469          3.499
-470          3.505
-470          3.51
-471          3.515
-472          3.52
-472          3.525
-473          3.53
-474          3.535
-475          3.54
-475          3.545
-476          3.55
-477          3.556
-478          3.561
-478          3.566
-479          3.571
-480          3.576
-480          3.581
-481          3.586
-482          3.591
-482          3.596
-483          3.601
-484          3.607
-484          3.613
-486          3.617
-486          3.623
-487          3.628
-488          3.633
-488          3.638
-489          3.643
-490          3.648
-490          3.653
-491          3.659
-492          3.664
-492          3.669
-493          3.674
-494          3.679
-495          3.688
-496          3.694
-496          3.698
-497          3.704
-498          3.709
-498          3.715
-500          3.719
-500          3.725
-501          3.729
-501          3.735
-502          3.74
-503          3.745
-504          3.75
-504          3.755
-505          3.762
-506          3.766
-506          3.772
-507          3.776
-508          3.782
-508          3.786
-509          3.792
-510          3.796
-511          3.802
-511          3.806
-512          3.813
-513          3.817
-514          3.823
-514          3.827
-515          3.833
-516          3.837
-516          3.843
-517          3.847
-518          3.853
-518          3.857
-519          3.864
-520          3.869
-520          3.874
-521          3.879
-522          3.884
-522          3.889
-523          3.894
-524          3.899
-525          3.904
-526          3.909
-526          3.915
-527          3.92
-528          3.925
-528          3.93
-529          3.935
-530          3.94
-530          3.945
-531          3.95
-532          3.955
-533          3.962
-533          3.966
-534          3.972
-534          3.976
-536          3.982
-536          3.986
-537          3.992
-538          3.997
-538          4.002
-539          4.007
-540          4.013
-540          4.018
-541          4.023
-542          4.028
-542          4.033
-543          4.038
-544          4.043
-544          4.048
-545          4.053
-546          4.058
-546          4.065
-547          4.069
-548          4.075
-548          4.079
-550          4.089
-551          4.094
-551          4.099
-552          4.105
-552          4.109
-554          4.115
-554          4.12
-555          4.126
-556          4.13
-556          4.136
-557          4.14
-558          4.146
-558          4.15
-559          4.156
-560          4.16
-561          4.167
-562          4.172
-562          4.177
-563          4.182
-564          4.187
-564          4.192
-565          4.197
-566          4.202
-566          4.207
-567          4.212
-568          4.218
-568          4.224
-569          4.228
-570          4.234
-570          4.239
-571          4.244
-572          4.249
-572          4.254
-573          4.259
-574          4.264
-575          4.27
-576          4.275
-576          4.283
-577          4.287
-578          4.293
-579          4.297
-579          4.303
-580          4.307
-581          4.313
-582          4.319
-582          4.324
-583          4.329
-584          4.334
-584          4.339
-585          4.344
-586          4.349
-586          4.354
-587          4.359
-588          4.364
-589          4.37
-589          4.375
-590          4.38
-591          4.385
-591          4.39
-592          4.395
-593          4.4
-594          4.405
-594          4.41
-595          4.415
-596          4.422
-596          4.426
-598          4.439
-599          4.445
-600          4.449
-600          4.455
-601          4.459
-602          4.465
-602          4.469
-603          4.476
-604          4.48
-605          4.49
-606          4.495
-606          4.5
-608          4.505
-608          4.51
-609          4.516
-610          4.522
-610          4.527
-611          4.532
-612          4.537
-612          4.542
-613          4.547
-614          4.552
-614          4.557
-615          4.562
-616          4.567
-616          4.573
-617          4.578
-618          4.584
-618          4.588
-619          4.594
-620          4.598
-621          4.604
-621          4.608
-622          4.614
-622          4.618
-624          4.625
-624          4.629
-625          4.635
-626          4.639
-626          4.645
-627          4.65
-628          4.655
-628          4.66
-629          4.665
-630          4.67
-631          4.676
-632          4.681
-632          4.686
-633          4.691
-633          4.696
-634          4.701
-635          4.706
-636          4.711
-636          4.716
-637          4.721
-638          4.727
-638          4.733
-639          4.737
-640          4.743
-640          4.747
-641          4.753
-642          4.757
-642          4.763
-643          4.767
-644          4.773
-644          4.779
-645          4.784
-646          4.789
-647          4.794
-647          4.799
-648          4.804
-648          4.809
-650          4.814
-650          4.819
-651          4.824
-652          4.83
-652          4.835
-653          4.84
-654          4.845
-654          4.85
-655          4.855
-656          4.86
-656          4.865
-657          4.87
-658          4.875
-659          4.882
-660          4.89
-661          4.895
-661          4.9
-662          4.906
-663          4.91
-664          4.916
-664          4.921
-665          4.926
-666          4.932
-666          4.937
-667          4.942
-668          4.947
-668          4.953
-669          4.957
-670          4.963
-670          4.967
-671          4.973
-672          4.977
-673          4.984
-673          4.989
-674          4.994
-675          4.999
-676          5.004
-676          5.009
-677          5.014
-678          5.019
-678          5.024
-679          5.029
-680          5.035
-680          5.04
-681          5.045
-682          5.05
-683          5.055
-683          5.06
-684          5.065
-685          5.07
-686          5.075
-686          5.082
-687          5.086
-688          5.092
-688          5.096
-689          5.102
-690          5.106
-690          5.112
-691          5.116
-692          5.122
-692          5.126
-693          5.133
-694          5.138
-695          5.143
-695          5.148
-696          5.153
-697          5.158
-698          5.163
-698          5.168
-699          5.173
-700          5.178
-700          5.185
-701          5.189
-702          5.195
-702          5.199
-703          5.205
-704          5.209
-704          5.215
-705          5.219
-706          5.225
-706          5.229
-708          5.235
-708          5.24
-709          5.246
-709          5.25
-710          5.256
-711          5.26
-712          5.266
-712          5.27
-713          5.276
-714          5.282
-715          5.291
-716          5.297
-716          5.303
-717          5.307
-718          5.313
-718          5.318
-720          5.323
-720          5.328
-720          5.333
-721          5.339
-722          5.344
-723          5.349
-724          5.354
-724          5.359
-725          5.365
-726          5.369
-726          5.375
-727          5.379
-728          5.385
-728          5.39
-729          5.396
-730          5.401
-731          5.406
-732          5.411
-732          5.416
-733          5.421
-734          5.426
-734          5.432
-735          5.437
-736          5.443
-736          5.447
-737          5.453
-738          5.457
-738          5.463
-739          5.467
-740          5.473
-740          5.477
-741          5.483
-742          5.489
-743          5.494
-743          5.499
-744          5.504
-744          5.509
-746          5.514
-746          5.519
-747          5.524
-747          5.529
-748          5.534
-749          5.54
-750          5.545
-750          5.55
-751          5.556
-752          5.562
-753          5.567
-754          5.572
-754          5.577
-755          5.582
-756          5.587
-756          5.593
-757          5.598
-758          5.603
-758          5.608
-759          5.613
-760          5.618
-760          5.623
-761          5.628
-762          5.633
-762          5.638
-763          5.644
-764          5.649
-764          5.654
-765          5.659
-766          5.665
-766          5.669
-767          5.675
-768          5.679
-769          5.685
-770          5.695
-771          5.699
-772          5.705
-772          5.709
-773          5.715
-774          5.72
-774          5.725
-775          5.73
-776          5.735
-777          5.74
-777          5.746
-778          5.752
-779          5.756
-780          5.762
-780          5.766
-781          5.772
-782          5.776
-782          5.781
-783          5.786
-784          5.792
-784          5.797
-785          5.803
-786          5.807
-786          5.813
-787          5.818
-788          5.823
-788          5.828
-789          5.833
-790          5.838
-791          5.844
-791          5.849
-792          5.854
-792          5.859
-794          5.864
-794          5.869
-795          5.874
-796          5.879
-796          5.884
-797          5.889
-798          5.895
-798          5.9
-799          5.905
-800          5.91
-800          5.915
-801          5.92
-802          5.925
-802          5.93
-803          5.935
-804          5.94
-805          5.947
-806          5.952
-806          5.957
-807          5.962
-808          5.967
-808          5.972
-809          5.977
-810          5.982
-810          5.987
-811          5.992
-812          5.998
-812          6.004
-813          6.008
-814          6.014
-814          6.018
-815          6.024
-816          6.029
-817          6.034
-817          6.039
-818          6.044
-819          6.049
-820          6.055
-820          6.059
-821          6.065
-822          6.069
-822          6.075
-823          6.08
-824          6.085
-825          6.092
-826          6.1
-826          6.106
-828          6.111
-828          6.116
-829          6.121
-829          6.126
-830          6.132
-831          6.136
-832          6.142
-832          6.146
-833          6.153
-834          6.157
-834          6.163
-835          6.167
-836          6.173
-836          6.177
-837          6.183
-838          6.187
-838          6.193
-839          6.197
-840          6.204
-840          6.209
-842          6.214
-842          6.219
-843          6.224
-843          6.229
-844          6.234
-844          6.239
-846          6.244
-846          6.25
-847          6.255
-848          6.26
-848          6.265
-849          6.27
-850          6.276
-851          6.282
-851          6.286
-852          6.292
-852          6.296
-854          6.303
-854          6.307
-855          6.313
-856          6.317
-856          6.323
-857          6.327
-858          6.333
-858          6.338
-859          6.343
-860          6.348
-860          6.354
-861          6.359
-862          6.364
-862          6.369
-863          6.374
-864          6.379
-864          6.384
-865          6.389
-866          6.398
-867          6.405
-868          6.409
-869          6.415
-869          6.419
-870          6.425
-871          6.429
-872          6.436
-872          6.441
-873          6.446
-874          6.452
-875          6.458
-876          6.463
-876          6.468
-877          6.473
-878          6.478
-878          6.483
-879          6.488
-880          6.495
-881          6.502
-882          6.508
-882          6.514
-883          6.519
-884          6.524
-884          6.529
-885          6.534
-886          6.539
-886          6.544
-887          6.549
-888          6.555
-888          6.56
-890          6.565
-890          6.57
-891          6.575
-892          6.58
-892          6.585
-893          6.59
-895          6.604
-896          6.609
-896          6.615
-897          6.619
-898          6.625
-898          6.63
-899          6.635
-900          6.64
-900          6.645
-901          6.65
-902          6.655
-903          6.661
-903          6.666
-904          6.672
-904          6.676
-905          6.682
-906          6.686
-907          6.692
-907          6.696
-908          6.702
-909          6.706
-910          6.713
-910          6.717
-911          6.723
-912          6.728
-912          6.733
-913          6.738
-914          6.743
-914          6.748
-915          6.753
-916          6.759
-916          6.764
-917          6.769
-918          6.774
-918          6.779
-919          6.784
-920          6.789
-921          6.794
-921          6.799
-922          6.805
-923          6.81
-924          6.815
-924          6.82
-925          6.825
-926          6.83
-926          6.835
-927          6.84
-928          6.845
-928          6.85
-929          6.855
-930          6.862
-930          6.867
-931          6.872
-932          6.877
-933          6.882
-933          6.887
-934          6.895
-936          6.901
-936          6.906
-937          6.913
-938          6.917
-938          6.923
-939          6.928
-940          6.933
-940          6.938
-941          6.943
-942          6.948
-942          6.953
-943          6.958
-944          6.964
-944          6.969
-946          6.974
-946          6.979
-947          6.985
-948          6.989
-948          6.995
-949          6.999
-950          7.005
-950          7.009
-951          7.015
-952          7.02
-952          7.025
-953          7.03
-954          7.035
-954          7.04
-955          7.045
-956          7.05
-956          7.055
-957          7.06
-958          7.066
-958          7.072
-959          7.076
-960          7.082
-960          7.086
-961          7.092
-962          7.096
-963          7.102
-963          7.107
-964          7.112
-965          7.118
-966          7.123
-966          7.128
-967          7.134
-968          7.138
-969          7.144
-969          7.148
-970          7.154
-970          7.158
-971          7.164
-972          7.169
-973          7.175
-974          7.179
-974          7.185
-975          7.189
-976          7.195
-976          7.2
-977          7.205
-978          7.21
-978          7.215
-979          7.221
-980          7.226
-980          7.231
-981          7.236
-982          7.241
-982          7.246
-983          7.252
-984          7.256
-984          7.262
-986          7.266
-986          7.273
-987          7.278
-988          7.284
-988          7.289
-990          7.297
-990          7.303
-991          7.308
-992          7.313
-992          7.319
-993          7.325
-994          7.329
-994          7.335
-996          7.339
-996          7.345
-997          7.349
-997          7.355
-998          7.359
-999          7.365
-1000          7.37
-1000          7.376
-1001          7.381
-1002          7.386
-1002          7.391
-1003          7.396
-1004          7.401
-1004          7.406
-1005          7.412
-1006          7.416
-1006          7.423
-1008          7.427
-1008          7.433
-1009          7.437
-1009          7.443
-1010          7.447
-1011          7.453
-1012          7.457
-1012          7.463
-1013          7.468
-1014          7.474
-1014          7.479
-1015          7.484
-1016          7.489
-1016          7.494
-1017          7.499
-1018          7.504
-1018          7.509
-1020          7.522
-1021          7.527
-1022          7.533
-1022          7.537
-1023          7.544
-1024          7.551
-1025          7.556
-1026          7.561
-1026          7.566
-1027          7.572
-1028          7.577
-1028          7.583
-1029          7.588
-1030          7.593
-1030          7.598
-1031          7.603
-1032          7.607
-1032          7.613
-1034          7.617
-1034          7.624
-1035          7.629
-1036          7.634
-1036          7.639
-1037          7.644
-1038          7.649
-1038          7.654
-1039          7.659
-1040          7.664
-1040          7.669
-1042          7.675
-1042          7.68
-1042          7.685
-1043          7.69
-1045          7.699
-1045          7.705
-1046          7.709
-1046          7.715
-1048          7.72
-1048          7.726
-1049          7.732
-1050          7.736
-1050          7.742
-1051          7.746
-1052          7.752
-1052          7.756
-1053          7.762
-1054          7.767
-1054          7.772
-1055          7.778
-1056          7.783
-1057          7.788
-1058          7.793
-1058          7.798
-1059          7.803
-1060          7.808
-1060          7.813
-1061          7.818
-1062          7.823
-1062          7.829
-1063          7.834
-1064          7.839
-1064          7.844
-1065          7.849
-1066          7.854
-1066          7.859
-1067          7.864
-1068          7.869
-1068          7.874
-1069          7.88
-1070          7.885
-1071          7.89
-1072          7.896
-1072          7.9
-1073          7.906
-1073          7.91
-1074          7.916
-1075          7.92
-1076          7.926
-1076          7.932
-1077          7.937
-1078          7.942
-1078          7.947
-1079          7.952
-1080          7.957
-1080          7.962
-1081          7.967
-1082          7.972
-1082          7.977
-1084          7.984
-1084          7.988
-1085          7.994
-1086          7.998
-1086          8.004
