0          0.018
0          0.023
0          0.029
0          0.034
0          0.04
2          0.047
2          0.052
3          0.057
5          0.064
6          0.07
7          0.074
8          0.08
10          0.087
11          0.091
13          0.097
14          0.101
16          0.109
17          0.114
19          0.119
20          0.124
22          0.13
25          0.134
26          0.141
28          0.147
30          0.152
33          0.158
34          0.163
36          0.169
39          0.176
41          0.181
43          0.186
44          0.191
46          0.197
48          0.202
51          0.208
53          0.213
56          0.223
60          0.229
62          0.235
63          0.241
66          0.246
68          0.253
70          0.258
72          0.263
74          0.268
76          0.273
78          0.28
80          0.285
82          0.29
85          0.294
87          0.301
89          0.307
90          0.312
94          0.318
95          0.323
98          0.329
99          0.334
102          0.34
105          0.345
106          0.351
109          0.357
111          0.362
114          0.369
115          0.373
117          0.38
120          0.385
122          0.39
124          0.395
126          0.4
128          0.405
129          0.41
132          0.415
133          0.42
136          0.425
137          0.43
140          0.436
142          0.441
144          0.445
146          0.451
148          0.457
150          0.461
152          0.467
154          0.471
156          0.476
158          0.481
160          0.487
162          0.492
164          0.498
166          0.502
168          0.507
170          0.512
172          0.517
174          0.522
176          0.527
178          0.532
180          0.538
182          0.543
184          0.548
186          0.553
188          0.558
190          0.562
192          0.568
194          0.572
196          0.578
197          0.582
200          0.588
202          0.593
204          0.598
206          0.603
208          0.608
210          0.613
213          0.621
215          0.628
218          0.632
220          0.639
222          0.644
224          0.649
226          0.654
228          0.659
230          0.664
232          0.669
234          0.674
236          0.679
238          0.683
240          0.69
242          0.694
244          0.7
246          0.704
248          0.71
250          0.714
252          0.72
254          0.724
256          0.73
257          0.734
260          0.74
262          0.745
264          0.75
266          0.755
268          0.76
270          0.765
272          0.77
274          0.775
276          0.78
278          0.785
280          0.791
283          0.797
284          0.801
287          0.807
288          0.811
290          0.817
292          0.821
294          0.826
296          0.831
298          0.835
300          0.842
302          0.847
304          0.852
306          0.857
308          0.861
310          0.867
312          0.871
314          0.877
316          0.881
318          0.887
321          0.891
322          0.898
325          0.902
326          0.908
328          0.912
330          0.917
332          0.922
334          0.927
336          0.932
338          0.937
340          0.942
343          0.948
344          0.953
347          0.958
348          0.963
351          0.968
352          0.973
354          0.978
356          0.982
358          0.988
360          0.992
363          0.999
364          1.003
367          1.009
368          1.013
372          1.023
375          1.028
376          1.033
378          1.038
380          1.043
382          1.049
384          1.054
386          1.059
388          1.064
390          1.069
392          1.073
394          1.079
396          1.083
398          1.089
400          1.093
402          1.1
404          1.104
406          1.109
408          1.114
410          1.119
412          1.124
414          1.129
416          1.134
418          1.139
420          1.144
422          1.15
424          1.154
426          1.16
428          1.164
430          1.17
432          1.174
434          1.179
436          1.184
438          1.189
440          1.194
442          1.2
444          1.204
446          1.21
448          1.214
450          1.22
452          1.224
454          1.23
456          1.234
458          1.24
460          1.244
463          1.25
464          1.255
467          1.26
468          1.265
471          1.27
472          1.275
474          1.28
476          1.285
478          1.29
480          1.295
482          1.301
485          1.305
487          1.311
488          1.315
491          1.321
492          1.325
494          1.33
496          1.335
498          1.34
500          1.345
502          1.351
505          1.356
506          1.361
509          1.366
510          1.371
513          1.375
514          1.381
517          1.385
518          1.391
520          1.395
522          1.402
525          1.407
526          1.412
529          1.417
533          1.425
534          1.431
537          1.435
538          1.441
541          1.445
542          1.452
545          1.457
546          1.462
548          1.467
550          1.471
552          1.477
554          1.481
557          1.486
558          1.491
560          1.496
562          1.501
564          1.508
567          1.512
568          1.517
570          1.522
572          1.527
574          1.532
576          1.537
578          1.542
580          1.547
583          1.552
585          1.558
587          1.563
589          1.568
591          1.572
592          1.578
595          1.582
596          1.588
599          1.592
600          1.597
602          1.602
605          1.608
607          1.613
609          1.618
611          1.623
613          1.628
615          1.633
616          1.638
618          1.642
620          1.648
622          1.652
625          1.659
626          1.663
629          1.669
630          1.673
633          1.679
634          1.683
637          1.688
638          1.693
641          1.698
642          1.703
645          1.709
646          1.714
649          1.719
650          1.723
653          1.729
654          1.733
657          1.739
658          1.743
661          1.748
662          1.753
664          1.759
666          1.764
668          1.769
670          1.774
672          1.779
674          1.783
677          1.789
679          1.794
681          1.8
683          1.804
685          1.811
688          1.815
690          1.824
692          1.83
695          1.834
696          1.84
699          1.844
700          1.85
703          1.854
705          1.861
708          1.865
709          1.871
711          1.875
713          1.88
715          1.885
717          1.89
719          1.895
720          1.9
723          1.905
725          1.911
728          1.916
729          1.921
732          1.926
733          1.931
735          1.936
737          1.941
738          1.945
741          1.95
742          1.955
745          1.961
747          1.967
749          1.971
751          1.976
753          1.981
755          1.986
757          1.991
759          1.995
761          2.001
763          2.005
766          2.013
768          2.019
770          2.023
772          2.028
774          2.033
776          2.038
778          2.043
780          2.048
782          2.053
784          2.058
786          2.064
788          2.069
789          2.074
792          2.079
794          2.084
796          2.089
798          2.093
800          2.099
802          2.104
804          2.109
806          2.114
808          2.12
810          2.124
812          2.13
813          2.134
816          2.139
817          2.144
820          2.149
821          2.154
824          2.159
826          2.164
828          2.17
830          2.174
832          2.18
834          2.184
836          2.19
838          2.194
840          2.2
842          2.204
844          2.21
846          2.215
848          2.22
852          2.23
854          2.234
856          2.24
858          2.244
860          2.25
862          2.254
864          2.26
866          2.264
868          2.27
870          2.275
872          2.28
874          2.285
876          2.29
878          2.294
886          2.318
889          2.322
890          2.328
893          2.332
894          2.337
897          2.342
898          2.348
900          2.352
902          2.357
904          2.362
907          2.368
909          2.372
910          2.378
913          2.382
914          2.388
917          2.392
918          2.397
921          2.402
922          2.407
924          2.412
927          2.417
929          2.423
931          2.428
932          2.433
935          2.438
936          2.443
938          2.448
940          2.452
942          2.458
944          2.462
947          2.468
948          2.473
951          2.479
952          2.483
955          2.488
956          2.493
959          2.498
960          2.503
963          2.508
964          2.513
967          2.518
968          2.524
971          2.529
972          2.534
975          2.539
976          2.543
979          2.549
980          2.553
983          2.559
984          2.563
987          2.569
988          2.574
991          2.58
993          2.584
995          2.59
996          2.594
999          2.599
1000          2.604
1002          2.609
1004          2.614
1006          2.619
1010          2.629
1012          2.634
1014          2.639
1016          2.644
1018          2.649
1020          2.654
1022          2.659
1024          2.664
1026          2.669
1029          2.674
1030          2.68
1033          2.684
1034          2.69
1037          2.694
1038          2.7
1041          2.704
1042          2.71
1045          2.714
1046          2.72
1049          2.725
1051          2.73
1052          2.735
1054          2.74
1056          2.745
1058          2.75
1061          2.754
1062          2.76
1065          2.764
1066          2.77
1068          2.775
1071          2.78
1072          2.785
1075          2.791
1077          2.796
1079          2.801
1081          2.805
1083          2.811
1084          2.815
1087          2.821
1089          2.827
1091          2.832
1093          2.837
1095          2.842
1097          2.847
1099          2.851
1101          2.857
1103          2.861
1105          2.866
1107          2.871
1109          2.877
1112          2.884
1116          2.89
1117          2.897
1121          2.907
1126          2.919
1127          2.923
1130          2.93
1132          2.934
1134          2.94
1136          2.944
1138          2.95
1140          2.954
1142          2.96
1144          2.965
1146          2.97
1148          2.974
1150          2.981
1153          2.985
1154          2.991
1156          2.995
1158          3.001
1160          3.005
1162          3.01
1164          3.015
1166          3.02
1170          3.03
1172          3.035
1174          3.04
1176          3.045
1178          3.05
1180          3.055
1182          3.06
1184          3.065
1186          3.07
1188          3.075
1190          3.081
1192          3.086
1194          3.091
1196          3.096
1198          3.101
1200          3.105
1202          3.111
1204          3.115
1206          3.121
1208          3.125
1210          3.132
1212          3.137
1214          3.141
1216          3.147
1218          3.151
1220          3.156
1222          3.161
1224          3.166
1226          3.171
1228          3.175
1230          3.182
1232          3.187
1234          3.192
1236          3.197
1238          3.201
1240          3.207
1242          3.211
1244          3.217
1246          3.221
1248          3.227
1250          3.232
1252          3.237
1254          3.242
1256          3.247
1258          3.252
1260          3.257
1262          3.262
1264          3.267
1266          3.272
1268          3.277
1270          3.281
1272          3.288
1274          3.292
1276          3.298
1278          3.302
1280          3.308
1282          3.312
1284          3.318
1286          3.322
1288          3.327
1290          3.332
1292          3.338
1294          3.343
1297          3.348
1298          3.353
1300          3.358
1302          3.363
1305          3.368
1306          3.373
1308          3.378
1310          3.383
1312          3.389
1314          3.394
1316          3.399
1318          3.403
1320          3.409
1322          3.413
1324          3.419
1326          3.423
1330          3.433
1332          3.439
1334          3.444
1336          3.449
1338          3.454
1340          3.459
1342          3.464
1344          3.469
1346          3.474
1348          3.479
1350          3.484
1352          3.49
1355          3.494
1356          3.5
1358          3.504
1360          3.51
1362          3.514
1364          3.52
1366          3.524
1368          3.53
1370          3.534
1373          3.54
1374          3.545
1377          3.55
1378          3.555
1380          3.56
1382          3.565
1384          3.57
1386          3.574
1388          3.58
1390          3.584
1393          3.59
1394          3.595
1397          3.6
1398          3.605
1401          3.61
1402          3.615
1405          3.62
1406          3.625
1408          3.63
1410          3.635
1412          3.641
1415          3.646
1416          3.651
1419          3.655
1420          3.661
1423          3.665
1424          3.671
1426          3.675
1428          3.68
1430          3.685
1432          3.691
1435          3.697
1436          3.701
1439          3.706
1440          3.711
1443          3.716
1444          3.721
1447          3.726
1448          3.731
1451          3.735
1452          3.742
1455          3.747
1456          3.752
1458          3.757
1460          3.762
1462          3.767
1464          3.771
1466          3.777
1468          3.781
1470          3.787
1476          3.801
1478          3.806
1480          3.812
1482          3.818
1485          3.823
1488          3.832
1490          3.837
1494          3.843
1496          3.851
1498          3.856
1500          3.861
1502          3.866
1504          3.871
1506          3.876
1508          3.881
1510          3.886
1512          3.891
1514          3.897
1516          3.902
1518          3.907
1520          3.912
1522          3.917
1524          3.922
1526          3.927
1528          3.932
1530          3.937
1532          3.941
1534          3.948
1536          3.952
1538          3.957
1540          3.962
1542          3.968
1544          3.972
1546          3.977
1548          3.982
1550          3.987
1552          3.992
1555          3.998
1556          4.003
1559          4.008
1560          4.013
1563          4.018
1564          4.023
1566          4.028
1568          4.032
1570          4.038
1572          4.042
1574          4.049
1576          4.053
1578          4.059
1580          4.063
1582          4.068
1584          4.073
1586          4.078
1588          4.083
1590          4.088
1592          4.093
1594          4.099
1596          4.104
1598          4.109
1600          4.113
1602          4.119
1604          4.123
1606          4.129
1608          4.133
1610          4.139
1612          4.143
1614          4.15
1616          4.154
1618          4.159
1620          4.164
1622          4.169
1624          4.174
1626          4.179
1628          4.184
1630          4.189
1632          4.193
1634          4.2
1636          4.204
1638          4.21
1640          4.214
1642          4.22
1644          4.224
1648          4.233
1650          4.239
1652          4.243
1654          4.25
1656          4.254
1658          4.26
1660          4.264
1662          4.27
1664          4.274
1666          4.28
1668          4.284
1670          4.29
1672          4.294
1674          4.3
1676          4.305
1678          4.31
1681          4.317
1682          4.322
1685          4.327
1686          4.332
1689          4.337
1690          4.341
1693          4.347
1695          4.352
1697          4.358
1699          4.362
1701          4.368
1703          4.372
1704          4.377
1707          4.382
1708          4.387
1711          4.392
1712          4.397
1715          4.403
1718          4.408
1719          4.413
1721          4.418
1723          4.423
1725          4.428
1727          4.433
1729          4.438
1731          4.443
1732          4.448
1735          4.454
1737          4.459
1739          4.464
1741          4.469
1746          4.481
1748          4.486
1750          4.491
1752          4.495
1754          4.501
1756          4.507
1758          4.512
1760          4.517
1762          4.522
1764          4.527
1766          4.532
1768          4.537
1770          4.541
1772          4.547
1774          4.551
1776          4.558
1778          4.562
1780          4.568
1782          4.572
1784          4.578
1786          4.582
1788          4.588
1790          4.592
1792          4.597
1794          4.602
1796          4.608
1798          4.613
1800          4.618
1802          4.623
1805          4.631
1808          4.638
1810          4.642
1812          4.648
1814          4.653
1816          4.659
1818          4.664
1820          4.669
1822          4.674
1824          4.679
1826          4.684
1828          4.689
1830          4.693
1832          4.699
1834          4.703
1836          4.71
1838          4.714
1840          4.719
1842          4.724
1844          4.729
1846          4.734
1848          4.739
1850          4.744
1852          4.749
1854          4.754
1856          4.76
1858          4.764
1860          4.77
1862          4.774
1864          4.78
1866          4.784
1869          4.79
1870          4.795
1872          4.8
1874          4.805
1877          4.811
1879          4.817
1880          4.821
1883          4.826
1884          4.831
1887          4.835
1888          4.841
1890          4.845
1892          4.85
1894          4.855
1896          4.861
1899          4.867
1900          4.871
1903          4.877
1904          4.881
1907          4.886
1908          4.891
1911          4.896
1912          4.901
1914          4.905
1917          4.912
1918          4.918
1921          4.922
1922          4.928
1925          4.932
1926          4.938
1928          4.942
1930          4.947
1932          4.952
1934          4.957
1937          4.963
1939          4.968
1941          4.973
1943          4.978
1945          4.983
1947          4.988
1949          4.993
1950          4.998
1953          5.002
1954          5.008
1957          5.013
1959          5.018
1960          5.023
1964          5.028
1966          5.037
1968          5.042
1970          5.048
1972          5.052
1974          5.058
1976          5.064
1979          5.069
1980          5.073
1983          5.079
1984          5.083
1987          5.089
1988          5.093
1991          5.099
1992          5.103
1995          5.108
1996          5.114
1999          5.119
2000          5.124
2003          5.129
2004          5.134
2007          5.139
2008          5.144
2010          5.149
2012          5.153
2014          5.159
2017          5.164
2018          5.17
2021          5.174
2022          5.18
2025          5.184
2026          5.19
2028          5.194
2030          5.2
2032          5.204
2034          5.209
2037          5.214
2039          5.22
2041          5.225
2042          5.23
2045          5.235
2046          5.24
2049          5.244
2050          5.25
2053          5.254
2054          5.26
2056          5.264
2059          5.27
2060          5.275
2063          5.28
2064          5.285
2067          5.29
2068          5.295
2071          5.3
2072          5.305
2074          5.31
2076          5.315
2079          5.321
2081          5.325
2083          5.331
2084          5.335
2087          5.341
2088          5.345
2091          5.35
2092          5.355
2095          5.36
2096          5.365
2099          5.371
2101          5.376
2102          5.381
2105          5.386
2106          5.391
2109          5.395
2110          5.401
2113          5.405
2114          5.411
2116          5.415
2118          5.421
2121          5.427
2125          5.435
2126          5.441
2129          5.445
2130          5.451
2132          5.455
2134          5.461
2137          5.466
2139          5.473
2142          5.478
2143          5.483
2146          5.488
2147          5.492
2148          5.498
2151          5.502
2152          5.508
2155          5.512
2156          5.517
2159          5.523
2161          5.529
2163          5.533
2165          5.539
2167          5.543
2169          5.548
2171          5.553
2173          5.559
2175          5.563
2177          5.568
2179          5.574
2181          5.58
2183          5.584
2185          5.589
2186          5.594
2189          5.599
2190          5.604
2193          5.609
2194          5.613
2197          5.619
2199          5.624
2201          5.63
2203          5.634
2205          5.64
2207          5.644
2209          5.65
2210          5.654
2213          5.66
2214          5.664
2217          5.669
2219          5.675
2221          5.68
2223          5.685
2226          5.69
2227          5.695
2230          5.7
2231          5.705
2232          5.71
2235          5.715
2237          5.72
2240          5.725
2242          5.731
2243          5.735
2245          5.74
2247          5.745
2249          5.75
2251          5.755
2253          5.76
2255          5.765
2257          5.77
2260          5.777
2261          5.781
2264          5.786
2265          5.792
2268          5.797
2269          5.802
2272          5.807
2273          5.811
2276          5.817
2277          5.821
2280          5.828
2284          5.837
2285          5.842
2288          5.847
2289          5.852
2292          5.857
2293          5.862
2295          5.867
2297          5.871
2300          5.878
2302          5.883
2303          5.888
2306          5.892
2307          5.898
2310          5.902
2311          5.907
2313          5.912
2315          5.917
2317          5.922
2320          5.928
2322          5.933
2324          5.938
2326          5.943
2328          5.948
2330          5.953
2332          5.958
2334          5.963
2335          5.968
2338          5.972
2340          5.979
2341          5.984
2344          5.989
2345          5.993
2348          5.999
2349          6.003
2352          6.009
2353          6.013
2356          6.019
2357          6.023
2360          6.029
2361          6.034
2364          6.039
2365          6.044
2368          6.049
2369          6.053
2371          6.059
2373          6.064
2375          6.069
2377          6.073
2379          6.08
2382          6.084
2383          6.09
2385          6.094
2387          6.099
2389          6.104
2391          6.109
2393          6.114
2395          6.119
2396          6.124
2399          6.129
2402          6.134
2403          6.14
2406          6.144
2407          6.15
2410          6.154
2411          6.16
2412          6.164
2415          6.169
2416          6.174
2419          6.179
2421          6.185
2423          6.19
2425          6.195
2427          6.2
2429          6.204
2431          6.21
2433          6.214
2435          6.22
2437          6.224
2439          6.23
2443          6.24
2445          6.244
2446          6.25
2449          6.254
2450          6.26
2453          6.264
2454          6.27
2457          6.274
2458          6.28
2461          6.285
2463          6.29
2465          6.295
2467          6.3
2469          6.305
2471          6.31
2473          6.315
2474          6.32
2477          6.325
2478          6.33
2482          6.335
2483          6.341
2486          6.345
2487          6.351
2488          6.355
2491          6.36
2492          6.365
2495          6.37
2496          6.375
2499          6.38
2501          6.386
2503          6.391
2505          6.396
2507          6.401
2508          6.405
2511          6.41
2512          6.415
2515          6.421
2516          6.425
2519          6.43
2521          6.437
2523          6.441
2525          6.446
2527          6.451
2529          6.456
2531          6.461
2533          6.465
2534          6.471
2537          6.475
2539          6.482
2542          6.489
2543          6.493
2546          6.499
2547          6.503
2550          6.508
2551          6.513
2554          6.518
2555          6.523
2557          6.528
2559          6.532
2562          6.539
2563          6.543
2566          6.549
2567          6.553
2570          6.559
2571          6.563
2574          6.568
2575          6.573
2578          6.578
2579          6.583
2582          6.589
2583          6.594
2588          6.607
2590          6.611
2592          6.617
2594          6.621
2596          6.627
2598          6.631
2602          6.641
2604          6.647
2606          6.651
2608          6.657
2610          6.661
2612          6.667
2614          6.671
2616          6.677
2618          6.681
2620          6.686
2622          6.692
2624          6.697
2626          6.702
2628          6.707
2630          6.712
2632          6.717
2634          6.722
2636          6.727
2638          6.732
2640          6.737
2642          6.743
2644          6.748
2646          6.752
2648          6.758
2650          6.762
2652          6.768
2654          6.772
2656          6.777
2658          6.782
2660          6.787
2662          6.794
2664          6.799
2666          6.804
2668          6.809
2670          6.814
2672          6.819
2674          6.823
2676          6.829
2678          6.833
2680          6.839
2683          6.844
2684          6.85
2687          6.854
2688          6.86
2691          6.864
2692          6.87
2694          6.874
2696          6.879
2698          6.884
2700          6.889
2703          6.895
2704          6.9
2706          6.905
2708          6.91
2710          6.914
2712          6.92
2714          6.924
2716          6.93
2718          6.934
2720          6.94
2722          6.945
2725          6.95
2726          6.955
2729          6.96
2730          6.965
2732          6.97
2734          6.974
2736          6.98
2738          6.984
2740          6.99
2743          6.995
2745          7.001
2746          7.005
2748          7.01
2750          7.015
2752          7.02
2754          7.025
2756          7.03
2760          7.038
2761          7.044
2764          7.05
2766          7.055
2768          7.06
2770          7.065
2772          7.07
2774          7.075
2776          7.08
2778          7.085
2780          7.09
2782          7.095
2784          7.101
2786          7.105
2788          7.11
2790          7.115
2792          7.12
2794          7.125
2796          7.13
2798          7.135
2800          7.14
2802          7.145
2804          7.151
2806          7.157
2808          7.161
2810          7.166
2812          7.171
2814          7.176
2816          7.181
2818          7.185
2820          7.19
2822          7.195
2824          7.201
2826          7.207
2828          7.211
2830          7.217
2832          7.221
2834          7.226
2836          7.231
2838          7.235
2840          7.241
2841          7.245
2844          7.252
2846          7.257
2848          7.262
2850          7.267
2852          7.272
2854          7.277
2856          7.281
2858          7.287
2860          7.291
2862          7.296
2864          7.302
2866          7.307
2868          7.312
2870          7.317
2872          7.322
2874          7.327
2875          7.332
2878          7.337
2879          7.342
2882          7.347
2884          7.353
2886          7.358
2888          7.362
2890          7.368
2892          7.372
2894          7.378
2896          7.382
2898          7.388
2900          7.392
2902          7.398
2904          7.403
2906          7.408
2908          7.413
2910          7.418
2912          7.423
2914          7.428
2916          7.432
2919          7.44
2921          7.447
2924          7.452
2926          7.458
2928          7.463
2930          7.468
2932          7.473
2933          7.478
2936          7.482
2937          7.488
2940          7.492
2941          7.497
2944          7.502
2946          7.509
2948          7.513
2950          7.519
2952          7.523
2954          7.529
2956          7.533
2958          7.538
2960          7.543
2962          7.548
2964          7.553
2966          7.559
2967          7.564
2970          7.569
2971          7.574
2974          7.579
2975          7.583
2978          7.589
2979          7.593
2982          7.599
2983          7.603
2986          7.609
2987          7.614
2990          7.619
2991          7.624
2994          7.629
2995          7.634
2998          7.639
2999          7.644
3002          7.649
3003          7.654
3006          7.66
3008          7.664
3010          7.67
3012          7.674
3013          7.68
3016          7.684
3017          7.69
3020          7.694
3021          7.7
3023          7.704
3026          7.71
3028          7.715
3029          7.72
3032          7.725
3033          7.73
3036          7.734
3037          7.74
3040          7.744
3041          7.75
3044          7.754
3046          7.76
3048          7.765
3050          7.771
3052          7.775
3054          7.78
3056          7.785
3058          7.791
3060          7.797
3062          7.801
3064          7.807
3066          7.812
3068          7.817
3070          7.822
3072          7.827
3074          7.832
3077          7.84
3080          7.845
3082          7.851
3084          7.855
3086          7.862
3088          7.867
3090          7.872
3092          7.877
3093          7.882
3096          7.887
3097          7.892
3100          7.897
3101          7.902
3104          7.907
3108          7.917
3109          7.921
3112          7.927
3113          7.931
3116          7.936
3117          7.941
3120          7.946
3121          7.951
3124          7.956
3125          7.961
3128          7.967
3129          7.972
3132          7.977
3133          7.982
3136          7.988
3138          7.993
3139          7.998
3142          8.002
