0          0.02
0          0.025
0          0.03
1          0.035
2          0.043
4          0.048
5          0.053
7          0.06
9          0.065
10          0.069
13          0.075
16          0.081
19          0.086
21          0.091
24          0.096
29          0.104
31          0.109
35          0.114
37          0.118
41          0.125
44          0.13
48          0.136
53          0.14
56          0.146
60          0.153
63          0.157
69          0.164
72          0.169
76          0.175
79          0.18
84          0.186
90          0.19
93          0.197
99          0.204
102          0.209
107          0.214
110          0.218
114          0.225
118          0.23
122          0.236
129          0.241
132          0.247
137          0.253
140          0.258
146          0.264
150          0.269
154          0.275
158          0.28
164          0.286
169          0.292
172          0.297
177          0.303
182          0.308
187          0.314
190          0.319
195          0.325
202          0.333
205          0.337
210          0.343
213          0.347
220          0.354
223          0.358
231          0.369
238          0.374
242          0.381
246          0.386
250          0.391
254          0.396
260          0.403
263          0.408
268          0.413
271          0.417
276          0.423
280          0.427
284          0.433
288          0.437
293          0.442
296          0.447
301          0.453
304          0.458
309          0.463
313          0.468
318          0.473
321          0.478
326          0.483
329          0.488
334          0.493
338          0.497
344          0.504
348          0.508
351          0.514
356          0.518
359          0.524
364          0.528
368          0.534
372          0.538
376          0.543
379          0.548
386          0.554
389          0.559
394          0.564
398          0.569
402          0.574
406          0.58
411          0.586
416          0.59
419          0.596
426          0.601
429          0.606
432          0.611
438          0.616
441          0.621
446          0.626
449          0.631
454          0.636
458          0.641
462          0.646
468          0.651
471          0.657
476          0.661
479          0.667
484          0.671
488          0.676
491          0.681
496          0.686
499          0.691
504          0.696
508          0.701
512          0.707
517          0.712
521          0.717
526          0.722
529          0.727
534          0.731
538          0.736
541          0.741
546          0.747
549          0.751
554          0.757
559          0.763
567          0.772
570          0.777
576          0.781
579          0.787
584          0.792
588          0.797
592          0.801
596          0.808
601          0.813
604          0.818
609          0.823
612          0.828
617          0.833
621          0.837
626          0.843
629          0.847
634          0.853
639          0.858
642          0.863
646          0.868
651          0.873
654          0.878
659          0.883
664          0.888
667          0.893
671          0.898
676          0.903
681          0.909
686          0.914
689          0.919
694          0.924
698          0.928
701          0.934
706          0.938
709          0.944
714          0.948
717          0.954
722          0.959
728          0.965
731          0.969
736          0.974
739          0.979
744          0.984
747          0.989
752          0.994
756          0.998
760          1.004
764          1.01
769          1.015
772          1.019
778          1.025
780          1.029
786          1.034
789          1.039
794          1.044
798          1.049
802          1.054
806          1.06
810          1.065
814          1.07
819          1.075
822          1.08
827          1.085
830          1.089
836          1.095
839          1.099
844          1.104
847          1.11
852          1.115
856          1.12
860          1.125
864          1.13
869          1.135
872          1.14
877          1.145
880          1.15
886          1.155
890          1.16
897          1.166
902          1.175
906          1.18
910          1.186
914          1.19
919          1.195
922          1.2
927          1.205
932          1.21
936          1.216
940          1.22
944          1.226
949          1.23
952          1.236
957          1.24
960          1.246
966          1.25
969          1.256
974          1.26
979          1.266
982          1.271
987          1.276
990          1.281
996          1.286
999          1.291
1002          1.296
1007          1.3
1010          1.306
1016          1.31
1020          1.317
1025          1.321
1029          1.326
1032          1.331
1037          1.336
1040          1.341
1045          1.346
1048          1.351
1052          1.356
1057          1.36
1062          1.367
1067          1.371
1070          1.377
1075          1.381
1078          1.386
1082          1.391
1087          1.397
1092          1.401
1095          1.406
1098          1.411
1104          1.417
1108          1.423
1112          1.427
1117          1.433
1120          1.437
1125          1.442
1128          1.447
1134          1.452
1137          1.457
1142          1.461
1145          1.468
1150          1.473
1154          1.477
1158          1.483
1162          1.487
1167          1.493
1170          1.497
1175          1.503
1178          1.507
1184          1.512
1188          1.518
1192          1.523
1197          1.528
1200          1.533
1204          1.538
1208          1.543
1213          1.548
1216          1.553
1220          1.558
1225          1.563
1233          1.573
1238          1.579
1243          1.585
1246          1.589
1252          1.595
1255          1.6
1260          1.605
1263          1.61
1268          1.615
1273          1.62
1277          1.626
1282          1.63
1285          1.635
1288          1.64
1293          1.645
1296          1.65
1302          1.655
1305          1.66
1310          1.665
1315          1.671
1320          1.676
1323          1.681
1326          1.686
1332          1.691
1335          1.696
1340          1.7
1343          1.706
1348          1.71
1352          1.716
1356          1.721
1361          1.726
1365          1.731
1370          1.736
1373          1.741
1378          1.746
1381          1.751
1386          1.756
1390          1.761
1393          1.766
1400          1.771
1403          1.777
1408          1.781
1411          1.787
1416          1.791
1420          1.797
1423          1.801
1428          1.806
1431          1.811
1436          1.816
1441          1.823
1444          1.827
1450          1.832
1453          1.837
1458          1.841
1461          1.847
1466          1.852
1470          1.857
1474          1.861
1478          1.867
1483          1.873
1486          1.877
1491          1.883
1494          1.887
1500          1.892
1503          1.897
1508          1.902
1511          1.907
1516          1.912
1519          1.917
1524          1.923
1529          1.928
1532          1.933
1536          1.938
1541          1.943
1544          1.948
1549          1.953
1552          1.957
1558          1.963
1561          1.968
1569          1.978
1574          1.983
1578          1.988
1582          1.993
1586          1.998
1591          2.003
1596          2.009
1601          2.015
1604          2.019
1609          2.026
1614          2.03
1618          2.036
1622          2.04
1626          2.046
1631          2.05
1634          2.056
1639          2.06
1642          2.066
1646          2.07
1652          2.076
1656          2.081
1661          2.086
1664          2.091
1669          2.096
1672          2.101
1676          2.106
1680          2.11
1684          2.116
1689          2.12
1694          2.127
1699          2.131
1702          2.136
1706          2.141
1710          2.147
1714          2.151
1719          2.156
1722          2.161
1727          2.166
1730          2.171
1736          2.177
1740          2.183
1744          2.187
1748          2.192
1752          2.197
1757          2.202
1760          2.207
1765          2.212
1768          2.217
1774          2.221
1777          2.227
1782          2.233
1807          2.261
1810          2.267
1815          2.272
1818          2.277
1824          2.283
1827          2.288
1834          2.295
1838          2.301
1843          2.306
1848          2.311
1852          2.316
1857          2.322
1860          2.327
1865          2.333
1870          2.338
1873          2.343
1877          2.348
1882          2.353
1885          2.358
1890          2.363
1893          2.367
1902          2.377
1906          2.383
1910          2.388
1915          2.393
1920          2.398
1923          2.403
1926          2.408
1932          2.413
1935          2.418
1940          2.423
1943          2.427
1950          2.434
1953          2.438
1958          2.444
1961          2.448
1964          2.454
1970          2.458
1973          2.464
1978          2.468
1981          2.473
1984          2.478
1991          2.484
1994          2.489
2000          2.494
2003          2.498
2008          2.504
2011          2.508
2014          2.514
2020          2.518
2023          2.524
2028          2.528
2033          2.534
2036          2.539
2041          2.544
2044          2.549
2050          2.554
2052          2.559
2058          2.564
2061          2.569
2066          2.574
2070          2.58
2074          2.586
2079          2.59
2082          2.596
2088          2.6
2091          2.606
2094          2.61
2099          2.615
2102          2.62
2108          2.625
2111          2.63
2116          2.636
2121          2.64
2124          2.646
2129          2.65
2132          2.656
2138          2.66
2141          2.666
2144          2.67
2149          2.675
2152          2.68
2159          2.685
2162          2.691
2171          2.7
2174          2.706
2179          2.71
2182          2.716
2188          2.72
2191          2.725
2194          2.73
2199          2.735
2204          2.741
2209          2.746
2212          2.751
2216          2.756
2220          2.76
2224          2.766
2232          2.77
2236          2.78
2240          2.785
2246          2.791
2250          2.796
2254          2.801
2259          2.806
2262          2.811
2267          2.816
2270          2.821
2276          2.826
2279          2.831
2282          2.836
2289          2.842
2292          2.847
2297          2.851
2300          2.856
2304          2.861
2309          2.866
2312          2.871
2317          2.876
2320          2.881
2325          2.886
2330          2.892
2334          2.897
2338          2.902
2342          2.907
2347          2.911
2350          2.916
2354          2.921
2359          2.926
2362          2.931
2367          2.936
2372          2.943
2375          2.947
2380          2.953
2384          2.957
2388          2.963
2392          2.967
2397          2.972
2400          2.977
2405          2.982
2408          2.987
2413          2.993
2416          2.998
2422          3.003
2425          3.008
2430          3.013
2434          3.017
2438          3.023
2442          3.027
2446          3.032
2450          3.037
2455          3.043
2460          3.048
2463          3.053
2466          3.058
2472          3.063
2475          3.068
2480          3.073
2483          3.077
2488          3.083
2492          3.087
2498          3.094
2502          3.099
2506          3.105
2510          3.109
2515          3.115
2518          3.119
2523          3.125
2526          3.129
2532          3.134
2534          3.139
2540          3.145
2543          3.15
2548          3.155
2551          3.16
2556          3.165
2560          3.17
2568          3.178
2573          3.184
2576          3.188
2581          3.194
2584          3.2
2590          3.205
2593          3.21
2598          3.215
2601          3.22
2606          3.225
2609          3.23
2614          3.235
2618          3.24
2623          3.245
2628          3.25
2631          3.256
2636          3.26
2639          3.266
2644          3.27
2648          3.275
2651          3.28
2656          3.285
2659          3.29
2664          3.295
2669          3.301
2672          3.306
2678          3.311
2681          3.316
2686          3.32
2689          3.326
2694          3.33
2698          3.336
2702          3.34
2706          3.346
2710          3.351
2716          3.356
2719          3.361
2724          3.366
2727          3.371
2730          3.376
2736          3.38
2739          3.386
2744          3.39
2747          3.396
2754          3.401
2757          3.407
2762          3.411
2766          3.416
2769          3.421
2774          3.426
2777          3.431
2782          3.436
2786          3.441
2790          3.446
2795          3.452
2798          3.457
2804          3.462
2807          3.467
2812          3.472
2815          3.477
2820          3.482
2824          3.487
2828          3.491
2832          3.496
2837          3.503
2840          3.507
2845          3.513
2848          3.517
2854          3.522
2857          3.527
2862          3.532
2865          3.537
2870          3.542
2874          3.547
2878          3.553
2882          3.558
2887          3.563
2890          3.567
2898          3.576
2903          3.583
2907          3.587
2912          3.593
2915          3.597
2922          3.604
2925          3.608
2928          3.614
2933          3.618
2936          3.624
2942          3.628
2945          3.633
2950          3.638
2953          3.643
2958          3.648
2963          3.654
2966          3.659
2972          3.664
2975          3.669
2980          3.674
2983          3.678
2986          3.684
2991          3.688
2994          3.694
3000          3.698
3005          3.705
3008          3.71
3013          3.715
3016          3.719
3021          3.725
3024          3.729
3030          3.735
3033          3.739
3038          3.744
3041          3.749
3046          3.755
3050          3.76
3054          3.765
3058          3.77
3063          3.775
3066          3.78
3071          3.785
3074          3.789
3080          3.795
3082          3.799
3088          3.805
3091          3.81
3096          3.816
3099          3.82
3104          3.826
3109          3.83
3112          3.835
3116          3.84
3121          3.845
3124          3.85
3129          3.855
3134          3.861
3138          3.866
3142          3.871
3146          3.876
3151          3.88
3154          3.886
3159          3.89
3162          3.896
3167          3.9
3172          3.906
3176          3.911
3180          3.916
3184          3.921
3189          3.926
3192          3.931
3197          3.936
3200          3.941
3206          3.946
3209          3.951
3212          3.956
3219          3.961
3222          3.966
3225          3.971
3234          3.98
3237          3.986
3242          3.99
3245          3.996
3250          4.0
3254          4.006
3260          4.012
3264          4.017
3268          4.021
3272          4.027
3277          4.031
3280          4.036
3283          4.041
3288          4.046
3292          4.051
3297          4.056
3302          4.062
3305          4.067
3310          4.072
3313          4.077
3318          4.081
3322          4.087
3326          4.091
3330          4.096
3333          4.101
3338          4.106
3343          4.113
3346          4.117
3351          4.122
3354          4.127
3360          4.132
3363          4.137
3368          4.141
3371          4.147
3376          4.151
3380          4.156
3384          4.163
3388          4.167
3393          4.173
3396          4.177
3401          4.182
3404          4.187
3410          4.192
3413          4.197
3418          4.202
3421          4.207
3426          4.213
3429          4.217
3434          4.223
3438          4.227
3442          4.233
3446          4.237
3451          4.242
3454          4.247
3459          4.252
3464          4.257
3469          4.265
3472          4.27
3478          4.275
3481          4.279
3486          4.285
3489          4.289
3494          4.294
3497          4.299
3502          4.304
3506          4.309
3511          4.315
3514          4.32
3519          4.325
3522          4.33
3527          4.335
3530          4.34
3536          4.345
3539          4.35
3544          4.355
3547          4.359
3552          4.366
3557          4.37
3564          4.38
3575          4.393
3579          4.398
3584          4.403
3587          4.408
3592          4.413
3597          4.419
3602          4.424
3605          4.429
3610          4.434
3614          4.438
3618          4.444
3622          4.448
3625          4.454
3630          4.458
3634          4.463
3638          4.469
3643          4.475
3646          4.479
3652          4.485
3655          4.489
3660          4.494
3663          4.499
3668          4.504
3672          4.509
3676          4.514
3680          4.52
3685          4.525
3688          4.53
3693          4.535
3696          4.54
3702          4.545
3705          4.55
3710          4.555
3713          4.56
3718          4.565
3723          4.57
3728          4.576
3731          4.581
3736          4.586
3740          4.591
3744          4.596
3748          4.601
3753          4.606
3756          4.611
3760          4.616
3766          4.622
3770          4.627
3774          4.631
3778          4.636
3781          4.641
3786          4.646
3789          4.651
3794          4.656
3798          4.661
3802          4.666
3808          4.673
3811          4.677
3816          4.683
3819          4.687
3824          4.692
3827          4.697
3832          4.701
3836          4.707
3840          4.711
3844          4.716
3849          4.723
3852          4.727
3857          4.733
3860          4.737
3866          4.743
3869          4.747
3874          4.752
3877          4.757
3882          4.761
3885          4.766
3890          4.773
3899          4.782
3902          4.787
3907          4.793
3910          4.797
3915          4.803
3918          4.807
3924          4.813
3927          4.817
3932          4.823
3935          4.828
3940          4.833
3944          4.838
3948          4.843
3952          4.848
3957          4.853
3960          4.857
3965          4.863
3968          4.867
3973          4.874
3978          4.878
3982          4.883
3986          4.888
3990          4.893
3993          4.898
3998          4.903
4003          4.908
4006          4.913
4010          4.918
4016          4.924
4020          4.929
4025          4.934
4028          4.938
4031          4.944
4036          4.948
4040          4.953
4044          4.958
4048          4.963
4053          4.968
4058          4.973
4061          4.979
4066          4.984
4069          4.989
4074          4.994
4078          4.998
4081          5.004
4086          5.008
4089          5.014
4094          5.018
4098          5.023
4102          5.029
4108          5.035
4111          5.039
4116          5.044
4119          5.049
4124          5.054
4128          5.059
4132          5.064
4136          5.068
4139          5.074
4144          5.079
4149          5.085
4152          5.089
4157          5.095
4160          5.099
4166          5.105
4169          5.109
4174          5.114
4177          5.119
4182          5.124
4186          5.13
4190          5.135
4194          5.14
4198          5.145
4202          5.15
4207          5.155
4210          5.16
4215          5.165
4218          5.17
4224          5.175
4232          5.185
4235          5.189
4240          5.195
4243          5.199
4248          5.205
4252          5.209
4257          5.215
4260          5.219
4265          5.225
4270          5.23
4273          5.236
4278          5.24
4282          5.245
4285          5.25
4290          5.255
4293          5.26
4298          5.265
4302          5.27
4306          5.275
4311          5.28
4314          5.286
4320          5.29
4323          5.296
4328          5.3
4331          5.306
4336          5.31
4340          5.316
4344          5.32
4348          5.326
4353          5.331
4358          5.336
4361          5.341
4366          5.346
4369          5.351
4373          5.356
4378          5.36
4381          5.366
4386          5.37
4389          5.376
4394          5.381
4399          5.386
4402          5.391
4407          5.396
4410          5.401
4416          5.406
4419          5.411
4424          5.416
4427          5.421
4432          5.426
4437          5.432
4440          5.437
4446          5.441
4449          5.447
4454          5.451
4457          5.457
4462          5.461
4465          5.466
4469          5.471
4474          5.476
4478          5.481
4482          5.487
4487          5.492
4490          5.497
4495          5.502
4498          5.507
4503          5.512
4506          5.517
4512          5.521
4515          5.526
4518          5.531
4523          5.537
4528          5.543
4532          5.547
4536          5.552
4540          5.557
4545          5.562
4548          5.567
4553          5.573
4560          5.578
4566          5.588
4570          5.593
4574          5.598
4580          5.603
4583          5.609
4588          5.614
4591          5.619
4596          5.624
4600          5.629
4604          5.634
4608          5.64
4613          5.645
4616          5.65
4621          5.655
4624          5.66
4629          5.665
4632          5.669
4638          5.675
4641          5.679
4646          5.685
4651          5.69
4656          5.696
4659          5.701
4662          5.706
4668          5.711
4671          5.716
4676          5.72
4679          5.726
4684          5.73
4689          5.736
4692          5.741
4697          5.747
4702          5.751
4706          5.756
4709          5.761
4714          5.766
4717          5.771
4722          5.776
4726          5.781
4730          5.786
4736          5.792
4739          5.797
4744          5.801
4747          5.807
4752          5.811
4755          5.817
4760          5.822
4764          5.827
4768          5.831
4772          5.837
4777          5.843
4780          5.847
4785          5.853
4788          5.857
4793          5.863
4797          5.867
4802          5.873
4805          5.877
4810          5.883
4813          5.887
4818          5.893
4822          5.898
4826          5.903
4830          5.908
4835          5.913
4838          5.918
4843          5.923
4846          5.928
4851          5.933
4855          5.938
4861          5.944
4864          5.949
4870          5.954
4873          5.958
4876          5.964
4881          5.968
4884          5.974
4889          5.978
4896          5.987
4903          5.994
4906          5.999
4911          6.004
4914          6.009
4919          6.014
4922          6.019
4926          6.024
4931          6.028
4934          6.034
4939          6.038
4944          6.045
4947          6.049
4952          6.055
4956          6.059
4960          6.065
4964          6.069
4969          6.075
4972          6.079
4977          6.084
4980          6.089
4985          6.096
4990          6.1
4994          6.106
4999          6.11
5002          6.116
5007          6.12
5010          6.125
5014          6.13
5018          6.135
5022          6.14
5027          6.146
5032          6.15
5035          6.156
5040          6.16
5043          6.166
5048          6.17
5052          6.176
5056          6.18
5060          6.186
5065          6.19
5070          6.196
5073          6.201
5078          6.206
5081          6.211
5086          6.216
5090          6.221
5094          6.226
5098          6.231
5101          6.236
5106          6.241
5111          6.247
5116          6.252
5119          6.257
5124          6.261
5128          6.267
5131          6.271
5136          6.276
5139          6.281
5144          6.286
5148          6.291
5152          6.297
5157          6.303
5160          6.307
5166          6.312
5169          6.317
5174          6.322
5177          6.327
5182          6.331
5186          6.337
5190          6.341
5194          6.348
5198          6.353
5202          6.358
5207          6.363
5210          6.367
5215          6.373
5218          6.377
5227          6.386
5232          6.393
5237          6.399
5242          6.405
5245          6.41
5250          6.415
5253          6.42
5258          6.425
5262          6.429
5266          6.435
5270          6.439
5275          6.445
5280          6.45
5283          6.456
5288          6.46
5292          6.466
5296          6.47
5300          6.476
5303          6.48
5308          6.485
5311          6.49
5316          6.495
5321          6.501
5333          6.514
5336          6.518
5341          6.524
5344          6.528
5348          6.534
5353          6.538
5356          6.544
5361          6.548
5366          6.555
5369          6.559
5374          6.564
5378          6.569
5382          6.574
5386          6.58
5391          6.585
5394          6.59
5399          6.595
5402          6.6
5408          6.606
5412          6.61
5416          6.616
5420          6.62
5424          6.626
5429          6.63
5432          6.636
5437          6.64
5440          6.646
5446          6.65
5450          6.656
5454          6.661
5459          6.666
5462          6.671
5465          6.676
5470          6.681
5474          6.686
5478          6.69
5482          6.696
5487          6.7
5492          6.707
5497          6.711
5500          6.716
5504          6.721
5508          6.726
5512          6.731
5516          6.736
5520          6.741
5525          6.746
5528          6.751
5533          6.757
5538          6.761
5542          6.767
5546          6.771
5550          6.776
5556          6.781
5561          6.79
5564          6.796
5570          6.8
5574          6.806
5578          6.811
5583          6.816
5586          6.821
5591          6.826
5594          6.831
5600          6.836
5603          6.841
5608          6.846
5611          6.851
5616          6.857
5621          6.862
5624          6.867
5629          6.872
5632          6.877
5638          6.881
5641          6.887
5646          6.891
5649          6.896
5652          6.901
5657          6.907
5662          6.913
5666          6.917
5670          6.922
5674          6.927
5679          6.932
5682          6.937
5687          6.941
5690          6.947
5696          6.951
5699          6.956
5704          6.963
5707          6.967
5712          6.972
5716          6.977
5720          6.982
5724          6.987
5728          6.992
5732          6.997
5737          7.001
5740          7.007
5745          7.013
5748          7.018
5753          7.023
5757          7.028
5762          7.033
5765          7.037
5770          7.043
5773          7.047
5778          7.053
5782          7.057
5786          7.063
5792          7.068
5795          7.074
5800          7.078
5803          7.083
5806          7.088
5811          7.093
5815          7.098
5820          7.103
5823          7.107
5830          7.114
5833          7.118
5838          7.124
5841          7.128
5844          7.134
5849          7.138
5852          7.144
5858          7.148
5861          7.153
5864          7.158
5871          7.164
5874          7.169
5879          7.174
5882          7.179
5891          7.188
5894          7.193
5899          7.198
5902          7.203
5907          7.208
5912          7.215
5916          7.219
5920          7.225
5924          7.229
5929          7.234
5932          7.239
5937          7.244
5940          7.249
5945          7.254
5948          7.259
5954          7.265
5957          7.27
5962          7.275
5965          7.28
5970          7.285
5974          7.289
5978          7.295
5982          7.299
5987          7.305
5990          7.309
5995          7.316
6000          7.32
6004          7.326
6007          7.33
6012          7.335
6015          7.34
6020          7.345
6023          7.35
6028          7.355
6032          7.36
6036          7.366
6041          7.37
6045          7.376
6050          7.38
6053          7.386
6058          7.39
6061          7.396
6066          7.4
6070          7.405
6073          7.41
6080          7.416
6082          7.421
6088          7.426
6091          7.431
6094          7.436
6099          7.441
6102          7.446
6108          7.45
6111          7.456
6116          7.46
6121          7.466
6124          7.471
6129          7.476
6132          7.481
6137          7.486
6140          7.491
6146          7.496
6149          7.501
6154          7.506
6157          7.511
6162          7.517
6167          7.522
6170          7.527
6175          7.531
6178          7.537
6184          7.541
6187          7.547
6192          7.551
6195          7.556
6198          7.561
6204          7.566
6208          7.572
6212          7.578
6220          7.583
6225          7.592
6228          7.597
6233          7.601
6236          7.607
6242          7.612
6246          7.617
6250          7.623
6253          7.628
6258          7.633
6263          7.638
6266          7.643
6270          7.648
6274          7.653
6278          7.658
6283          7.663
6288          7.668
6293          7.674
6296          7.679
6301          7.684
6304          7.688
6311          7.694
6316          7.703
6319          7.708
6324          7.713
6328          7.718
6334          7.724
6338          7.729
6342          7.734
6346          7.739
6350          7.744
6354          7.748
6357          7.754
6362          7.758
6366          7.763
6370          7.768
6376          7.775
6379          7.779
6384          7.785
6387          7.789
6392          7.794
6395          7.799
6400          7.804
6404          7.809
6408          7.814
6412          7.818
6417          7.825
6420          7.829
6425          7.835
6428          7.839
6433          7.845
6436          7.849
6442          7.854
6445          7.859
6450          7.864
6453          7.869
6458          7.875
6462          7.88
6466          7.885
6470          7.89
6474          7.895
6478          7.9
6483          7.905
6486          7.91
6491          7.915
6494          7.92
6500          7.926
6504          7.93
6508          7.936
6513          7.94
6516          7.946
6521          7.95
6524          7.956
6528          7.96
6533          7.966
6538          7.97
6542          7.976
6546          7.981
6554          7.99
6558          7.996
6562          8.0
