0          0.024
0          0.03
0          0.034
0          0.04
2          0.045
3          0.051
4          0.058
5          0.062
8          0.069
9          0.073
11          0.08
13          0.084
15          0.09
18          0.095
20          0.101
24          0.109
26          0.113
29          0.119
31          0.123
34          0.129
37          0.136
40          0.141
42          0.146
47          0.151
49          0.158
52          0.163
55          0.168
59          0.173
62          0.18
65          0.185
68          0.19
70          0.194
75          0.201
78          0.207
81          0.212
84          0.218
87          0.222
92          0.229
94          0.234
98          0.24
100          0.245
106          0.251
109          0.258
112          0.262
116          0.268
120          0.273
123          0.28
128          0.286
131          0.291
135          0.296
137          0.301
141          0.306
145          0.314
149          0.319
151          0.324
155          0.329
159          0.336
163          0.341
166          0.345
169          0.351
173          0.358
177          0.363
180          0.368
184          0.373
188          0.38
194          0.39
196          0.394
202          0.401
204          0.405
208          0.412
212          0.416
215          0.422
218          0.427
221          0.431
225          0.436
228          0.441
232          0.446
234          0.451
237          0.456
241          0.462
244          0.467
247          0.472
251          0.477
254          0.482
258          0.486
260          0.491
264          0.496
267          0.501
269          0.506
273          0.512
277          0.518
280          0.522
284          0.528
286          0.532
290          0.537
293          0.542
296          0.547
299          0.552
303          0.557
307          0.563
310          0.568
312          0.572
316          0.578
319          0.582
322          0.588
325          0.592
329          0.598
332          0.602
336          0.608
340          0.613
342          0.618
346          0.623
349          0.628
353          0.633
355          0.638
359          0.643
362          0.648
366          0.653
368          0.658
376          0.67
381          0.677
384          0.682
389          0.691
394          0.698
400          0.705
404          0.711
408          0.717
410          0.722
415          0.73
418          0.734
422          0.74
424          0.744
428          0.75
436          0.761
442          0.771
446          0.776
450          0.785
457          0.794
461          0.8
466          0.807
468          0.812
472          0.818
478          0.825
483          0.831
487          0.839
490          0.843
494          0.85
498          0.856
502          0.864
506          0.87
510          0.875
516          0.883
521          0.891
528          0.904
535          0.911
539          0.92
544          0.926
547          0.932
552          0.94
557          0.948
560          0.953
564          0.958
566          0.962
574          0.974
580          0.984
584          0.99
590          0.998
594          1.003
598          1.01
601          1.016
609          1.026
612          1.032
617          1.039
622          1.047
625          1.052
630          1.059
632          1.064
638          1.072
643          1.08
646          1.084
650          1.089
652          1.094
658          1.104
662          1.11
666          1.115
670          1.122
674          1.128
679          1.135
682          1.14
685          1.144
688          1.15
699          1.166
703          1.171
707          1.178
713          1.185
717          1.195
724          1.203
726          1.208
730          1.213
734          1.219
741          1.229
744          1.235
747          1.241
752          1.248
756          1.253
760          1.26
763          1.264
769          1.273
773          1.28
777          1.285
781          1.291
786          1.3
792          1.308
794          1.312
799          1.319
802          1.324
808          1.333
812          1.339
815          1.343
817          1.348
821          1.353
824          1.358
828          1.363
830          1.368
834          1.373
838          1.379
841          1.384
845          1.389
847          1.393
851          1.399
854          1.403
856          1.408
860          1.413
864          1.419
867          1.423
871          1.43
873          1.434
878          1.44
880          1.444
884          1.45
886          1.454
890          1.459
893          1.464
897          1.469
900          1.474
904          1.48
906          1.484
910          1.49
912          1.494
916          1.5
920          1.506
924          1.511
927          1.516
931          1.521
933          1.525
937          1.532
941          1.536
944          1.541
948          1.546
950          1.551
954          1.556
957          1.561
959          1.566
963          1.571
966          1.576
970          1.582
976          1.591
979          1.596
983          1.601
985          1.606
989          1.611
992          1.616
996          1.621
998          1.626
1002          1.632
1006          1.637
1009          1.642
1012          1.647
1015          1.651
1019          1.656
1022          1.662
1026          1.667
1028          1.672
1032          1.678
1036          1.683
1040          1.689
1042          1.693
1045          1.698
1049          1.703
1052          1.708
1056          1.713
1058          1.718
1061          1.722
1065          1.728
1068          1.734
1073          1.739
1075          1.743
1079          1.749
1082          1.753
1084          1.758
1088          1.763
1091          1.768
1095          1.773
1097          1.778
1101          1.784
1105          1.79
1108          1.794
1112          1.799
1114          1.804
1118          1.81
1121          1.814
1124          1.819
1127          1.824
1131          1.829
1134          1.835
1138          1.84
1140          1.844
1144          1.85
1147          1.854
1151          1.86
1153          1.864
1157          1.87
1160          1.874
1164          1.88
1168          1.885
1170          1.89
1174          1.895
1177          1.9
1179          1.905
1183          1.91
1186          1.915
1190          1.92
1192          1.924
1196          1.93
1200          1.934
1204          1.941
1206          1.945
1209          1.951
1213          1.955
1216          1.96
1220          1.965
1222          1.97
1226          1.975
1229          1.98
1235          1.985
1239          1.995
1242          2.0
1246          2.005
1248          2.01
1254          2.017
1256          2.022
1260          2.027
1262          2.032
1266          2.037
1270          2.043
1273          2.048
1276          2.052
1280          2.058
1282          2.062
1286          2.068
1288          2.072
1292          2.078
1295          2.082
1300          2.087
1303          2.093
1306          2.098
1310          2.103
1312          2.108
1316          2.113
1318          2.118
1321          2.122
1325          2.128
1328          2.132
1332          2.138
1336          2.143
1340          2.149
1342          2.153
1344          2.159
1348          2.163
1351          2.168
1355          2.173
1358          2.178
1362          2.183
1364          2.188
1368          2.194
1372          2.199
1374          2.204
1378          2.209
1381          2.214
1385          2.219
1388          2.224
1392          2.229
1394          2.233
1398          2.239
1400          2.244
1404          2.25
1407          2.254
1411          2.26
1414          2.264
1418          2.27
1420          2.274
1424          2.279
1427          2.284
1431          2.289
1433          2.295
1437          2.3
1440          2.304
1444          2.31
1446          2.314
1450          2.32
1453          2.324
1457          2.33
1459          2.334
1463          2.34
1467          2.345
1470          2.35
1474          2.355
1476          2.36
1480          2.365
1483          2.37
1485          2.374
1489          2.38
1492          2.384
1498          2.394
1502          2.4
1505          2.405
1509          2.41
1513          2.415
1515          2.42
1519          2.425
1528          2.439
1531          2.443
1535          2.45
1538          2.454
1542          2.46
1544          2.464
1548          2.47
1550          2.474
1554          2.48
1557          2.484
1561          2.489
1564          2.494
1568          2.5
1570          2.505
1574          2.51
1577          2.515
1581          2.52
1583          2.524
1587          2.53
1591          2.535
1594          2.54
1598          2.545
1602          2.551
1604          2.556
1608          2.561
1610          2.566
1614          2.571
1617          2.576
1621          2.581
1624          2.586
1628          2.591
1632          2.596
1634          2.602
1638          2.607
1640          2.612
1644          2.616
1647          2.621
1650          2.626
1654          2.631
1656          2.636
1660          2.641
1662          2.646
1666          2.652
1670          2.657
1673          2.663
1677          2.668
1680          2.672
1684          2.678
1686          2.682
1690          2.688
1692          2.692
1696          2.698
1700          2.703
1703          2.708
1707          2.713
1710          2.718
1713          2.723
1716          2.728
1718          2.732
1722          2.738
1725          2.742
1729          2.748
1733          2.753
1737          2.759
1740          2.763
1744          2.769
1746          2.773
1748          2.778
1752          2.783
1758          2.791
1762          2.798
1766          2.803
1770          2.809
1772          2.813
1777          2.822
1784          2.832
1788          2.837
1790          2.842
1794          2.846
1797          2.853
1800          2.858
1803          2.862
1807          2.868
1810          2.872
1814          2.878
1816          2.882
1820          2.888
1823          2.892
1826          2.898
1830          2.903
1833          2.908
1837          2.913
1840          2.918
1842          2.922
1846          2.928
1849          2.933
1852          2.938
1855          2.942
1859          2.948
1863          2.953
1867          2.959
1870          2.963
1872          2.968
1876          2.973
1878          2.978
1882          2.983
1886          2.989
1889          2.993
1892          2.998
1896          3.004
1900          3.009
1902          3.014
1906          3.019
1909          3.024
1913          3.029
1915          3.033
1919          3.039
1922          3.043
1926          3.049
1928          3.053
1932          3.06
1935          3.064
1939          3.07
1941          3.074
1945          3.079
1948          3.084
1952          3.089
1954          3.094
1958          3.099
1961          3.103
1965          3.11
1967          3.114
1971          3.12
1974          3.124
1978          3.13
1980          3.134
1984          3.14
1987          3.144
1991          3.149
1993          3.154
1997          3.16
2000          3.164
2004          3.17
2006          3.174
2010          3.18
2013          3.184
2019          3.193
2023          3.199
2026          3.204
2030          3.21
2032          3.215
2036          3.22
2039          3.225
2043          3.23
2046          3.235
2049          3.24
2053          3.245
2056          3.25
2058          3.255
2064          3.261
2066          3.265
2069          3.271
2072          3.275
2075          3.28
2079          3.285
2082          3.29
2086          3.295
2088          3.3
2092          3.305
2096          3.311
2099          3.316
2102          3.321
2105          3.325
2108          3.331
2112          3.335
2114          3.34
2118          3.345
2121          3.351
2125          3.355
2129          3.361
2132          3.366
2135          3.371
2139          3.376
2142          3.381
2144          3.386
2148          3.391
2151          3.396
2155          3.401
2157          3.405
2161          3.412
2165          3.417
2168          3.422
2172          3.426
2174          3.431
2178          3.436
2181          3.441
2183          3.446
2187          3.451
2190          3.456
2194          3.462
2198          3.467
2200          3.472
2204          3.477
2207          3.482
2210          3.487
2213          3.491
2217          3.496
2220          3.501
2224          3.506
2226          3.512
2230          3.517
2233          3.522
2236          3.527
2239          3.532
2243          3.537
2246          3.542
2250          3.547
2252          3.552
2256          3.556
2259          3.561
2262          3.568
2265          3.572
2269          3.578
2272          3.582
2276          3.588
2282          3.595
2285          3.602
2289          3.606
2291          3.612
2295          3.618
2299          3.623
2302          3.628
2306          3.633
2308          3.638
2312          3.643
2314          3.648
2318          3.653
2321          3.658
2325          3.664
2329          3.67
2332          3.674
2336          3.68
2338          3.684
2342          3.69
2345          3.694
2349          3.7
2351          3.704
2355          3.71
2359          3.714
2362          3.72
2366          3.725
2368          3.73
2372          3.735
2374          3.74
2377          3.744
2381          3.75
2384          3.754
2388          3.76
2390          3.764
2394          3.771
2398          3.775
2400          3.781
2404          3.785
2407          3.791
2411          3.795
2414          3.8
2418          3.805
2420          3.81
2424          3.815
2428          3.821
2430          3.826
2434          3.831
2437          3.836
2441          3.841
2444          3.846
2446          3.851
2450          3.855
2452          3.861
2456          3.865
2460          3.871
2463          3.876
2467          3.881
2470          3.886
2474          3.891
2476          3.896
2480          3.901
2482          3.906
2486          3.911
2489          3.915
2493          3.922
2497          3.926
2500          3.931
2503          3.936
2506          3.941
2508          3.946
2512          3.951
2515          3.956
2519          3.961
2522          3.966
2525          3.972
2529          3.977
2532          3.982
2536          3.986
2538          3.991
2544          4.0
2548          4.005
2550          4.011
2554          4.015
2558          4.022
2562          4.027
2564          4.032
2568          4.036
2571          4.041
2574          4.046
2578          4.051
2580          4.056
2584          4.061
2586          4.066
2590          4.072
2594          4.077
2597          4.082
2601          4.087
2604          4.092
2608          4.097
2610          4.101
2614          4.106
2616          4.111
2619          4.116
2623          4.121
2627          4.127
2630          4.132
2634          4.137
2636          4.142
2640          4.147
2642          4.152
2646          4.157
2649          4.162
2653          4.166
2656          4.171
2660          4.178
2662          4.182
2666          4.188
2668          4.192
2672          4.198
2675          4.202
2679          4.208
2682          4.212
2686          4.217
2688          4.222
2692          4.228
2696          4.233
2698          4.238
2701          4.243
2705          4.248
2709          4.253
2712          4.258
2714          4.262
2718          4.268
2720          4.272
2726          4.279
2728          4.283
2732          4.289
2735          4.293
2739          4.299
2741          4.303
2745          4.309
2748          4.313
2750          4.318
2754          4.323
2758          4.33
2761          4.334
2765          4.339
2767          4.344
2771          4.349
2774          4.353
2778          4.359
2780          4.363
2784          4.369
2787          4.373
2790          4.38
2793          4.384
2797          4.39
2802          4.398
2806          4.403
2810          4.409
2812          4.413
2816          4.419
2819          4.423
2823          4.43
2827          4.436
2831          4.441
2834          4.446
2838          4.451
2840          4.455
2842          4.461
2846          4.465
2849          4.47
2853          4.475
2857          4.481
2860          4.486
2864          4.491
2866          4.496
2870          4.501
2872          4.506
2876          4.511
2879          4.515
2882          4.521
2886          4.525
2889          4.532
2893          4.536
2896          4.542
2900          4.546
2902          4.552
2910          4.564
2914          4.57
2916          4.574
2920          4.58
2924          4.585
2927          4.59
2931          4.595
2934          4.6
2936          4.605
2940          4.61
2944          4.615
2946          4.62
2949          4.625
2954          4.631
2957          4.635
2960          4.641
2964          4.645
2966          4.65
2970          4.655
2974          4.66
2976          4.666
2980          4.671
2983          4.676
2987          4.682
2991          4.687
2993          4.692
2997          4.697
3000          4.702
3004          4.706
3006          4.711
3010          4.716
3013          4.721
3016          4.726
3019          4.732
3023          4.738
3026          4.742
3030          4.747
3032          4.752
3036          4.757
3039          4.762
3043          4.766
3045          4.771
3049          4.776
3056          4.786
3058          4.792
3065          4.801
3068          4.805
3071          4.811
3074          4.815
3078          4.821
3080          4.825
3084          4.831
3088          4.837
3091          4.842
3094          4.846
3097          4.851
3101          4.856
3104          4.861
3106          4.866
3110          4.871
3113          4.876
3117          4.881
3120          4.887
3123          4.892
3127          4.897
3130          4.902
3134          4.906
3136          4.912
3140          4.916
3143          4.921
3145          4.926
3149          4.931
3153          4.938
3156          4.942
3160          4.948
3162          4.952
3166          4.957
3169          4.962
3172          4.967
3175          4.972
3179          4.976
3182          4.981
3186          4.988
3188          4.992
3192          4.998
3194          5.002
3198          5.007
3201          5.012
3205          5.017
3208          5.022
3212          5.026
3214          5.032
3218          5.036
3222          5.042
3226          5.049
3228          5.053
3232          5.059
3235          5.063
3238          5.068
3241          5.073
3244          5.078
3248          5.083
3252          5.088
3254          5.094
3258          5.099
3261          5.104
3265          5.109
3267          5.113
3271          5.119
3274          5.123
3276          5.128
3280          5.133
3283          5.138
3287          5.144
3290          5.15
3293          5.154
3297          5.159
3300          5.164
3304          5.169
3306          5.174
3310          5.179
3313          5.183
3317          5.189
3319          5.194
3326          5.204
3330          5.209
3332          5.214
3336          5.219
3339          5.224
3342          5.229
3345          5.234
3349          5.239
3352          5.245
3356          5.25
3358          5.254
3362          5.26
3364          5.264
3368          5.27
3371          5.274
3375          5.28
3378          5.284
3382          5.29
3386          5.295
3388          5.3
3392          5.305
3394          5.31
3397          5.314
3401          5.32
3404          5.324
3408          5.33
3410          5.334
3414          5.34
3418          5.345
3420          5.351
3424          5.355
3427          5.36
3431          5.365
3434          5.37
3437          5.375
3440          5.38
3442          5.385
3446          5.39
3450          5.396
3454          5.401
3457          5.405
3460          5.411
3463          5.415
3466          5.421
3470          5.425
3472          5.43
3476          5.435
3479          5.44
3483          5.446
3486          5.451
3489          5.456
3493          5.461
3496          5.466
3500          5.471
3502          5.476
3506          5.481
3508          5.485
3511          5.491
3516          5.496
3519          5.501
3523          5.506
3526          5.511
3530          5.516
3532          5.521
3534          5.526
3538          5.531
3541          5.536
3545          5.541
3549          5.547
3552          5.552
3556          5.557
3558          5.562
3562          5.566
3564          5.571
3568          5.576
3571          5.581
3575          5.586
3578          5.591
3583          5.596
3588          5.606
3590          5.612
3594          5.616
3597          5.621
3601          5.626
3604          5.632
3607          5.636
3610          5.641
3614          5.646
3616          5.652
3620          5.658
3627          5.668
3632          5.675
3636          5.682
3641          5.69
3645          5.696
3650          5.704
3654          5.71
3656          5.714
3660          5.721
3666          5.725
3668          5.732
3672          5.738
3675          5.742
3680          5.749
3682          5.755
3688          5.761
3692          5.768
3694          5.772
3700          5.779
3702          5.783
3706          5.79
3710          5.795
3714          5.802
3719          5.809
3722          5.813
3726          5.82
3728          5.824
3732          5.83
3737          5.835
3740          5.842
3744          5.848
3748          5.854
3752          5.86
3756          5.868
3762          5.875
3766          5.882
3771          5.889
3774          5.893
3778          5.899
3780          5.904
3784          5.91
3789          5.917
3792          5.922
3796          5.927
3798          5.932
3806          5.943
3808          5.948
3812          5.954
3816          5.959
3820          5.966
3824          5.971
3827          5.976
3831          5.981
3836          5.99
3838          5.994
3845          6.004
3850          6.011
3854          6.017
3857          6.022
3862          6.029
3864          6.033
3868          6.04
3871          6.044
3875          6.051
3882          6.062
3886          6.067
3890          6.073
3896          6.079
3898          6.085
3902          6.091
3905          6.095
3915          6.101
3918          6.116
3924          6.123
3928          6.131
3930          6.135
3936          6.141
3940          6.149
3944          6.155
3947          6.162
3952          6.167
3955          6.174
3959          6.181
3964          6.188
3970          6.195
3972          6.201
3977          6.205
3981          6.213
3985          6.22
3989          6.225
3993          6.231
3997          6.238
4000          6.242
4004          6.249
4007          6.253
4012          6.262
4018          6.27
4020          6.274
4024          6.28
4026          6.284
4030          6.29
4033          6.294
4037          6.3
4040          6.304
4044          6.31
4047          6.315
4050          6.32
4054          6.325
4056          6.33
4059          6.335
4063          6.34
4065          6.344
4069          6.35
4072          6.354
4077          6.36
4080          6.366
4084          6.371
4086          6.375
4089          6.381
4092          6.385
4095          6.39
4099          6.395
4104          6.404
4108          6.41
4112          6.415
4116          6.421
4118          6.425
4122          6.431
4125          6.435
4128          6.441
4132          6.445
4134          6.451
4138          6.455
4140          6.46
4146          6.466
4148          6.471
4152          6.476
4155          6.481
4158          6.486
4161          6.491
4164          6.496
4168          6.501
4172          6.508
4176          6.513
4180          6.519
4182          6.523
4186          6.529
4188          6.534
4192          6.539
4195          6.543
4199          6.549
4202          6.553
4204          6.559
4209          6.566
4213          6.571
4216          6.575
4218          6.581
4222          6.585
4225          6.591
4229          6.595
4231          6.6
4235          6.605
4238          6.61
4242          6.616
4246          6.621
4250          6.626
4252          6.631
4254          6.636
4258          6.641
4261          6.646
4265          6.651
4268          6.656
4272          6.662
4275          6.668
4279          6.673
4282          6.678
4286          6.683
4288          6.688
4291          6.692
4295          6.698
4298          6.702
4301          6.708
4304          6.712
4309          6.719
4312          6.723
4316          6.729
4318          6.733
4321          6.738
4324          6.743
4327          6.748
4331          6.753
4334          6.758
4338          6.763
4342          6.77
4344          6.774
4348          6.779
4350          6.784
4354          6.789
4365          6.805
4368          6.811
4371          6.815
4375          6.822
4379          6.827
4382          6.832
4386          6.837
4388          6.842
4392          6.847
4394          6.852
4398          6.856
4401          6.861
4405          6.866
4408          6.872
4412          6.877
4414          6.882
4418          6.887
4420          6.892
4424          6.897
4427          6.902
4431          6.907
4434          6.912
4437          6.916
4440          6.922
4444          6.928
4446          6.932
4450          6.938
4453          6.942
4457          6.948
4459          6.952
4463          6.958
4466          6.962
4470          6.968
4474          6.973
4476          6.978
4480          6.983
4483          6.988
4486          6.993
4489          6.998
4492          7.002
4496          7.008
4498          7.013
4502          7.018
4506          7.023
4510          7.029
4512          7.033
4515          7.039
4519          7.043
4522          7.048
4526          7.053
4528          7.058
4532          7.063
4534          7.068
4538          7.074
4542          7.079
4545          7.084
4549          7.089
4552          7.094
4555          7.099
4558          7.103
4562          7.109
4564          7.113
4567          7.118
4571          7.124
4575          7.13
4577          7.134
4581          7.14
4584          7.144
4588          7.15
4590          7.154
4594          7.159
4596          7.164
4600          7.169
4603          7.174
4607          7.18
4610          7.184
4614          7.19
4616          7.194
4620          7.2
4626          7.209
4629          7.214
4633          7.219
4636          7.224
4640          7.23
4643          7.235
4646          7.24
4648          7.244
4652          7.25
4655          7.254
4659          7.26
4661          7.264
4665          7.27
4668          7.274
4672          7.281
4676          7.285
4678          7.29
4682          7.295
4685          7.3
4688          7.305
4691          7.31
4695          7.315
4698          7.32
4700          7.325
4706          7.331
4708          7.335
4710          7.341
4714          7.345
4717          7.351
4721          7.355
4724          7.36
4728          7.365
4730          7.37
4734          7.375
4738          7.381
4740          7.386
4744          7.391
4747          7.396
4751          7.401
4753          7.406
4757          7.411
4760          7.416
4764          7.421
4766          7.425
4770          7.432
4774          7.436
4777          7.441
4780          7.446
4783          7.451
4786          7.456
4790          7.461
4792          7.466
4795          7.471
4799          7.475
4802          7.482
4806          7.486
4809          7.492
4813          7.496
4816          7.501
4820          7.506
4822          7.511
4824          7.516
4828          7.521
4831          7.526
4835          7.532
4839          7.537
4842          7.542
4845          7.547
4848          7.552
4852          7.557
4854          7.562
4858          7.566
4861          7.571
4865          7.576
4869          7.582
4871          7.589
4875          7.593
4878          7.598
4884          7.607
4887          7.612
4891          7.617
4893          7.622
4897          7.627
4901          7.633
4904          7.638
4908          7.643
4910          7.648
4913          7.652
4916          7.658
4920          7.664
4924          7.669
4927          7.674
4931          7.679
4935          7.685
4938          7.69
4940          7.694
4944          7.7
4946          7.704
4950          7.71
4953          7.714
4957          7.72
4959          7.724
4963          7.73
4967          7.735
4970          7.74
4974          7.745
4976          7.75
4980          7.755
4983          7.76
4985          7.765
4989          7.77
4992          7.774
4996          7.78
5000          7.785
5003          7.791
5006          7.795
5008          7.801
5012          7.805
5015          7.81
5019          7.815
5022          7.82
5025          7.825
5028          7.83
5032          7.836
5036          7.841
5038          7.846
5042          7.851
5045          7.856
5048          7.861
5051          7.865
5054          7.871
5058          7.875
5060          7.88
5066          7.885
5068          7.891
5070          7.896
5074          7.901
5077          7.906
5081          7.911
5084          7.916
5088          7.921
5090          7.926
5094          7.931
5098          7.935
5100          7.942
5104          7.946
5107          7.951
5111          7.956
5114          7.961
5116          7.966
5120          7.971
5122          7.976
5126          7.981
5129          7.986
5133          7.992
5137          7.997
5139          8.002
