0          0.023
0          0.029
0          0.033
-1          0.039
-2          0.044
-3          0.051
-5          0.057
-7          0.064
-9          0.069
-11          0.074
-13          0.08
-17          0.087
-19          0.091
-21          0.097
-23          0.102
-28          0.109
-31          0.114
-34          0.12
-39          0.124
-41          0.131
-45          0.137
-49          0.142
-53          0.149
-58          0.156
-61          0.161
-65          0.167
-68          0.171
-73          0.178
-76          0.182
-81          0.189
-83          0.193
-89          0.2
-93          0.206
-97          0.211
-101          0.218
-107          0.222
-111          0.23
-115          0.235
-119          0.24
-123          0.246
-127          0.251
-133          0.258
-136          0.262
-140          0.269
-143          0.273
-149          0.28
-154          0.286
-157          0.291
-162          0.297
-167          0.302
-171          0.309
-174          0.313
-179          0.32
-185          0.326
-188          0.331
-193          0.337
-199          0.342
-202          0.35
-207          0.354
-210          0.36
-216          0.364
-219          0.371
-224          0.378
-229          0.382
-234          0.389
-237          0.393
-246          0.404
-251          0.41
-254          0.415
-259          0.421
-263          0.426
-268          0.433
-275          0.441
-279          0.446
-282          0.451
-287          0.457
-291          0.462
-297          0.468
-299          0.472
-305          0.478
-307          0.482
-312          0.488
-315          0.493
-320          0.498
-323          0.503
-328          0.509
-333          0.514
-336          0.519
-341          0.524
-344          0.529
-349          0.534
-352          0.54
-356          0.544
-361          0.55
-364          0.555
-369          0.561
-374          0.566
-377          0.571
-381          0.576
-385          0.581
-389          0.586
-393          0.591
-397          0.597
-401          0.601
-405          0.606
-410          0.612
-413          0.618
-418          0.622
-423          0.628
-426          0.632
-431          0.638
-433          0.643
-439          0.648
-441          0.653
-447          0.658
-451          0.664
-454          0.669
-459          0.674
-462          0.679
-467          0.684
-470          0.69
-475          0.694
-478          0.7
-483          0.704
-486          0.71
-492          0.715
-495          0.721
-500          0.725
-503          0.731
-508          0.736
-511          0.741
-516          0.746
-519          0.751
-524          0.756
-527          0.761
-531          0.767
-536          0.772
-539          0.777
-544          0.782
-549          0.788
-552          0.792
-557          0.798
-563          0.807
-568          0.812
-573          0.819
-576          0.823
-581          0.829
-583          0.833
-589          0.839
-591          0.843
-597          0.849
-601          0.854
-604          0.859
-609          0.864
-614          0.87
-617          0.875
-621          0.88
-625          0.885
-629          0.89
-633          0.895
-637          0.9
-642          0.905
-645          0.911
-650          0.917
-655          0.922
-658          0.927
-663          0.932
-666          0.937
-671          0.943
-675          0.948
-678          0.953
-683          0.958
-686          0.963
-691          0.969
-696          0.974
-699          0.979
-703          0.984
-707          0.989
-711          0.994
-715          0.999
-719          1.004
-723          1.01
-727          1.014
-732          1.02
-737          1.025
-740          1.031
-745          1.036
-748          1.041
-753          1.045
-756          1.051
-761          1.055
-764          1.061
-768          1.065
-771          1.072
-776          1.077
-781          1.082
-784          1.087
-789          1.092
-792          1.097
-797          1.102
-800          1.107
-805          1.112
-808          1.117
-813          1.123
-817          1.129
-821          1.133
-825          1.139
-829          1.143
-833          1.149
-836          1.153
-841          1.159
-844          1.164
-851          1.169
-854          1.175
-859          1.18
-861          1.185
-866          1.19
-869          1.195
-876          1.2
-881          1.209
-885          1.214
-889          1.22
-895          1.226
-898          1.231
-903          1.236
-906          1.241
-911          1.246
-914          1.251
-919          1.256
-922          1.261
-927          1.266
-931          1.272
-936          1.278
-939          1.282
-944          1.288
-947          1.293
-952          1.298
-955          1.303
-959          1.308
-963          1.313
-967          1.318
-972          1.324
-975          1.329
-980          1.334
-983          1.339
-988          1.344
-991          1.349
-996          1.354
-999          1.359
-1004          1.364
-1007          1.369
-1013          1.375
-1017          1.38
-1021          1.385
-1025          1.391
-1029          1.396
-1032          1.401
-1037          1.406
-1040          1.411
-1045          1.416
-1048          1.421
-1053          1.427
-1057          1.432
-1061          1.437
-1065          1.442
-1070          1.448
-1073          1.452
-1077          1.458
-1081          1.462
-1085          1.468
-1089          1.472
-1094          1.479
-1097          1.483
-1102          1.489
-1105          1.493
-1109          1.499
-1113          1.503
-1117          1.509
-1121          1.514
-1125          1.519
-1129          1.524
-1135          1.53
-1138          1.535
-1143          1.54
-1146          1.545
-1151          1.55
-1155          1.555
-1159          1.56
-1162          1.565
-1167          1.57
-1171          1.575
-1175          1.581
-1179          1.587
-1182          1.591
-1187          1.597
-1195          1.601
-1198          1.611
-1203          1.616
-1206          1.621
-1211          1.626
-1215          1.632
-1220          1.638
-1223          1.642
-1228          1.648
-1231          1.652
-1236          1.658
-1239          1.662
-1244          1.668
-1247          1.672
-1252          1.678
-1255          1.683
-1260          1.689
-1265          1.694
-1267          1.699
-1272          1.704
-1275          1.709
-1280          1.714
-1283          1.719
-1288          1.724
-1293          1.731
-1297          1.735
-1301          1.74
-1305          1.745
-1309          1.751
-1313          1.756
-1317          1.761
-1321          1.766
-1324          1.771
-1329          1.776
-1334          1.782
-1337          1.787
-1342          1.792
-1345          1.797
-1349          1.802
-1353          1.807
-1357          1.812
-1361          1.818
-1365          1.822
-1369          1.827
-1373          1.833
-1378          1.839
-1381          1.843
-1386          1.849
-1389          1.853
-1394          1.859
-1397          1.863
-1402          1.869
-1405          1.873
-1409          1.879
-1414          1.884
-1417          1.89
-1422          1.894
-1425          1.9
-1430          1.904
-1435          1.91
-1438          1.915
-1443          1.92
-1446          1.925
-1451          1.93
-1455          1.937
-1463          1.947
-1469          1.954
-1476          1.96
-1481          1.969
-1487          1.975
-1491          1.98
-1496          1.989
-1503          1.996
-1506          2.001
-1514          2.01
-1519          2.017
-1525          2.024
-1528          2.029
-1533          2.035
-1537          2.04
-1543          2.049
-1547          2.053
-1551          2.059
-1555          2.063
-1559          2.069
-1565          2.077
-1569          2.081
-1575          2.088
-1580          2.095
-1585          2.1
-1588          2.105
-1593          2.11
-1597          2.117
-1601          2.121
-1607          2.128
-1610          2.133
-1615          2.14
-1623          2.149
-1627          2.154
-1631          2.159
-1637          2.167
-1641          2.173
-1647          2.179
-1653          2.186
-1657          2.192
-1661          2.197
-1667          2.202
-1670          2.21
-1675          2.214
-1678          2.22
-1686          2.224
-1691          2.235
-1701          2.25
-1708          2.254
-1711          2.261
-1716          2.267
-1721          2.272
-1725          2.279
-1728          2.283
-1735          2.291
-1743          2.301
-1747          2.306
-1751          2.311
-1755          2.316
-1760          2.323
-1765          2.329
-1768          2.333
-1773          2.339
-1780          2.349
-1787          2.356
-1791          2.363
-1796          2.369
-1799          2.373
-1804          2.379
-1810          2.386
-1815          2.392
-1818          2.397
-1831          2.402
-1837          2.421
-1843          2.429
-1848          2.434
-1851          2.439
-1859          2.449
-1865          2.455
-1869          2.461
-1873          2.466
-1880          2.472
-1886          2.483
-1891          2.489
-1895          2.495
-1900          2.5
-1907          2.509
-1913          2.515
-1916          2.52
-1921          2.525
-1924          2.531
-1930          2.539
-1935          2.544
-1938          2.55
-1945          2.554
-1947          2.561
-1954          2.569
-1960          2.576
-1963          2.581
-1968          2.586
-1971          2.591
-1977          2.598
-1981          2.603
-1985          2.608
-1989          2.613
-1993          2.618
-1997          2.623
-2001          2.628
-2004          2.633
-2009          2.638
-2012          2.643
-2017          2.65
-2022          2.654
-2025          2.66
-2029          2.664
-2033          2.67
-2037          2.674
-2041          2.68
-2045          2.685
-2050          2.69
-2055          2.697
-2058          2.701
-2063          2.707
-2066          2.711
-2071          2.717
-2075          2.722
-2079          2.727
-2083          2.732
-2086          2.737
-2091          2.742
-2096          2.748
-2099          2.753
-2104          2.758
-2107          2.763
-2111          2.769
-2115          2.773
-2119          2.779
-2124          2.785
-2129          2.79
-2132          2.795
-2137          2.801
-2143          2.809
-2149          2.815
-2153          2.821
-2157          2.825
-2160          2.831
-2165          2.836
-2168          2.841
-2173          2.847
-2178          2.852
-2183          2.858
-2185          2.862
-2190          2.868
-2193          2.873
-2198          2.878
-2201          2.883
-2206          2.888
-2209          2.893
-2214          2.898
-2219          2.904
-2222          2.909
-2227          2.914
-2230          2.919
-2235          2.924
-2237          2.93
-2242          2.934
-2247          2.94
-2252          2.945
-2257          2.952
-2259          2.957
-2265          2.962
-2267          2.967
-2272          2.972
-2275          2.977
-2280          2.982
-2283          2.987
-2288          2.992
-2291          2.997
-2296          3.003
-2301          3.009
-2304          3.013
-2309          3.019
-2312          3.024
-2317          3.029
-2321          3.034
-2325          3.039
-2329          3.044
-2332          3.049
-2337          3.055
-2342          3.06
-2345          3.065
-2349          3.07
-2354          3.075
-2357          3.08
-2362          3.085
-2365          3.09
-2370          3.095
-2373          3.1
-2378          3.107
-2381          3.111
-2386          3.117
-2389          3.121
-2394          3.127
-2399          3.132
-2402          3.137
-2407          3.142
-2409          3.147
-2414          3.152
-2419          3.158
-2422          3.163
-2427          3.168
-2430          3.173
-2435          3.179
-2438          3.183
-2443          3.189
-2446          3.193
-2451          3.199
-2455          3.204
-2461          3.213
-2467          3.219
-2469          3.224
-2474          3.229
-2479          3.234
-2482          3.24
-2487          3.244
-2491          3.25
-2496          3.256
-2499          3.261
-2504          3.266
-2507          3.271
-2512          3.276
-2515          3.281
-2520          3.286
-2523          3.291
-2528          3.296
-2531          3.301
-2537          3.308
-2541          3.312
-2545          3.318
-2548          3.322
-2553          3.328
-2556          3.332
-2561          3.338
-2564          3.342
-2569          3.348
-2572          3.352
-2577          3.359
-2580          3.363
-2585          3.369
-2588          3.374
-2593          3.379
-2595          3.384
-2600          3.389
-2605          3.394
-2608          3.399
-2613          3.404
-2617          3.41
-2621          3.415
-2625          3.42
-2629          3.425
-2633          3.43
-2637          3.435
-2641          3.44
-2645          3.445
-2649          3.45
-2652          3.455
-2657          3.461
-2662          3.467
-2665          3.471
-2669          3.477
-2673          3.481
-2677          3.487
-2681          3.491
-2685          3.497
-2690          3.502
-2693          3.507
-2698          3.513
-2703          3.519
-2706          3.523
-2711          3.529
-2714          3.533
-2719          3.539
-2721          3.543
-2727          3.549
-2729          3.553
-2734          3.559
-2739          3.564
-2742          3.57
-2747          3.574
-2751          3.58
-2755          3.585
-2759          3.59
-2763          3.595
-2767          3.6
-2771          3.604
-2779          3.615
-2783          3.62
-2786          3.625
-2791          3.63
-2796          3.635
-2799          3.641
-2803          3.646
-2807          3.651
-2811          3.655
-2815          3.661
-2819          3.667
-2824          3.672
-2827          3.677
-2832          3.682
-2835          3.687
-2840          3.692
-2843          3.698
-2847          3.702
-2851          3.707
-2855          3.713
-2860          3.719
-2863          3.723
-2868          3.729
-2871          3.733
-2881          3.745
-2889          3.755
-2893          3.76
-2898          3.767
-2901          3.771
-2906          3.777
-2912          3.784
-2917          3.79
-2920          3.795
-2925          3.8
-2929          3.807
-2937          3.815
-2941          3.821
-2945          3.825
-2949          3.831
-2953          3.837
-2956          3.841
-2961          3.847
-2964          3.851
-2969          3.857
-2972          3.861
-2978          3.868
-2981          3.873
-2986          3.878
-2989          3.883
-2994          3.888
-2997          3.893
-3002          3.898
-3005          3.903
-3010          3.909
-3013          3.913
-3018          3.92
-3023          3.924
-3025          3.93
-3030          3.934
-3035          3.94
-3040          3.945
-3043          3.95
-3047          3.955
-3051          3.961
-3055          3.965
-3059          3.972
-3063          3.977
-3068          3.982
-3071          3.987
-3076          3.992
-3079          3.997
-3084          4.002
-3087          4.007
-3097          4.017
-3099          4.023
-3105          4.028
-3107          4.033
-3113          4.039
-3115          4.043
-3120          4.049
-3123          4.053
-3128          4.059
-3131          4.063
-3137          4.07
-3141          4.075
-3145          4.08
-3149          4.085
-3153          4.09
-3157          4.095
-3161          4.1
-3165          4.105
-3169          4.11
-3172          4.115
-3177          4.121
-3182          4.127
-3185          4.131
-3189          4.137
-3193          4.141
-3197          4.147
-3201          4.151
-3205          4.157
-3209          4.161
-3213          4.167
-3218          4.173
-3223          4.178
-3226          4.183
-3231          4.188
-3234          4.193
-3239          4.198
-3241          4.203
-3246          4.209
-3249          4.213
-3254          4.219
-3259          4.224
-3262          4.229
-3267          4.234
-3270          4.239
-3275          4.244
-3279          4.251
-3284          4.256
-3287          4.261
-3292          4.266
-3297          4.272
-3301          4.278
-3305          4.283
-3309          4.288
-3313          4.293
-3317          4.298
-3321          4.303
-3325          4.308
-3329          4.313
-3333          4.318
-3338          4.324
-3341          4.329
-3346          4.334
-3349          4.339
-3353          4.344
-3357          4.349
-3361          4.354
-3365          4.359
-3369          4.364
-3373          4.369
-3379          4.375
-3382          4.38
-3387          4.385
-3396          4.399
-3399          4.403
-3404          4.409
-3412          4.419
-3415          4.423
-3421          4.43
-3425          4.435
-3429          4.44
-3433          4.445
-3437          4.45
-3442          4.455
-3445          4.461
-3450          4.465
-3453          4.471
-3457          4.477
-3461          4.481
-3465          4.487
-3469          4.492
-3473          4.497
-3478          4.502
-3481          4.507
-3486          4.512
-3489          4.517
-3494          4.522
-3499          4.529
-3502          4.533
-3507          4.539
-3509          4.543
-3515          4.549
-3517          4.553
-3523          4.559
-3525          4.563
-3530          4.569
-3535          4.574
-3540          4.58
-3543          4.585
-3547          4.59
-3551          4.595
-3555          4.6
-3559          4.605
-3563          4.61
-3567          4.615
-3571          4.62
-3574          4.625
-3579          4.631
-3584          4.637
-3587          4.641
-3592          4.647
-3595          4.651
-3599          4.657
-3603          4.661
-3607          4.667
-3611          4.671
-3615          4.677
-3620          4.683
-3625          4.689
-3628          4.693
-3633          4.699
-3636          4.703
-3641          4.709
-3644          4.713
-3649          4.719
-3651          4.723
-3656          4.729
-3661          4.734
-3664          4.74
-3669          4.744
-3672          4.75
-3677          4.754
-3681          4.76
-3685          4.764
-3688          4.77
-3693          4.774
-3697          4.78
-3702          4.786
-3705          4.791
-3710          4.796
-3713          4.801
-3718          4.806
-3721          4.811
-3729          4.82
-3733          4.825
-3737          4.831
-3741          4.837
-3746          4.842
-3749          4.847
-3754          4.852
-3757          4.857
-3762          4.862
-3765          4.867
-3769          4.872
-3773          4.878
-3777          4.883
-3783          4.889
-3785          4.893
-3790          4.899
-3793          4.903
-3798          4.909
-3801          4.913
-3806          4.919
-3809          4.923
-3814          4.929
-3819          4.935
-3823          4.941
-3828          4.946
-3831          4.951
-3836          4.956
-3839          4.961
-3844          4.966
-3847          4.971
-3852          4.976
-3855          4.981
-3860          4.987
-3864          4.992
-3867          4.997
-3872          5.002
-3875          5.007
-3880          5.012
-3883          5.017
-3888          5.022
-3891          5.027
-3896          5.032
-3901          5.039
-3904          5.043
-3909          5.049
-3911          5.053
-3917          5.059
-3921          5.064
-3924          5.069
-3929          5.074
-3932          5.079
-3937          5.084
-3941          5.09
-3946          5.095
-3949          5.1
-3954          5.105
-3957          5.111
-3962          5.116
-3965          5.121
-3970          5.126
-3973          5.131
-3978          5.136
-3981          5.142
-3986          5.147
-3991          5.152
-3993          5.157
-3998          5.162
-4001          5.167
-4006          5.172
-4009          5.177
-4014          5.182
-4019          5.189
-4023          5.194
-4027          5.2
-4031          5.204
-4035          5.21
-4043          5.214
-4047          5.224
-4051          5.229
-4055          5.234
-4060          5.241
-4065          5.246
-4068          5.251
-4073          5.256
-4075          5.261
-4080          5.266
-4083          5.271
-4088          5.276
-4091          5.281
-4096          5.286
-4101          5.292
-4104          5.298
-4109          5.302
-4112          5.308
-4117          5.312
-4121          5.318
-4124          5.322
-4129          5.328
-4132          5.333
-4137          5.338
-4140          5.344
-4145          5.349
-4149          5.354
-4153          5.359
-4157          5.364
-4161          5.369
-4165          5.374
-4169          5.379
-4173          5.384
-4177          5.389
-4181          5.395
-4186          5.4
-4189          5.405
-4194          5.41
-4199          5.415
-4201          5.42
-4206          5.425
-4209          5.43
-4214          5.435
-4217          5.44
-4222          5.447
-4227          5.452
-4230          5.457
-4235          5.462
-4238          5.467
-4243          5.472
-4246          5.477
-4251          5.482
-4253          5.487
-4258          5.493
-4263          5.499
-4266          5.503
-4271          5.509
-4274          5.513
-4279          5.519
-4282          5.523
-4287          5.529
-4290          5.533
-4295          5.539
-4299          5.544
-4304          5.55
-4307          5.555
-4312          5.56
-4315          5.564
-4318          5.57
-4323          5.574
-4327          5.58
-4331          5.585
-4335          5.59
-4340          5.597
-4343          5.601
-4348          5.607
-4351          5.611
-4357          5.62
-4364          5.626
-4367          5.631
-4372          5.636
-4375          5.641
-4381          5.648
-4385          5.652
-4389          5.658
-4392          5.662
-4397          5.668
-4400          5.673
-4405          5.678
-4408          5.683
-4413          5.688
-4416          5.693
-4421          5.699
-4425          5.704
-4429          5.709
-4433          5.714
-4437          5.719
-4441          5.724
-4444          5.729
-4449          5.734
-4452          5.739
-4457          5.744
-4461          5.75
-4466          5.755
-4469          5.76
-4474          5.765
-4477          5.771
-4482          5.776
-4485          5.781
-4490          5.786
-4493          5.791
-4498          5.796
-4503          5.802
-4506          5.807
-4511          5.812
-4513          5.817
-4518          5.822
-4521          5.827
-4526          5.832
-4531          5.838
-4534          5.842
-4539          5.848
-4542          5.853
-4547          5.859
-4550          5.863
-4555          5.869
-4558          5.873
-4563          5.879
-4565          5.883
-4571          5.889
-4575          5.894
-4580          5.9
-4583          5.905
-4588          5.91
-4591          5.915
-4596          5.92
-4599          5.925
-4603          5.93
-4607          5.935
-4611          5.941
-4616          5.946
-4621          5.952
-4626          5.958
-4629          5.962
-4633          5.968
-4637          5.973
-4641          5.978
-4645          5.983
-4649          5.988
-4653          5.993
-4657          5.998
-4660          6.004
-4665          6.009
-4670          6.014
-4676          6.023
-4681          6.029
-4684          6.033
-4689          6.039
-4692          6.043
-4697          6.049
-4701          6.055
-4709          6.064
-4714          6.07
-4717          6.075
-4722          6.08
-4725          6.085
-4729          6.09
-4733          6.095
-4737          6.1
-4742          6.107
-4745          6.111
-4750          6.117
-4753          6.121
-4758          6.127
-4761          6.131
-4766          6.137
-4769          6.141
-4774          6.147
-4777          6.151
-4783          6.158
-4786          6.163
-4791          6.168
-4794          6.173
-4799          6.178
-4802          6.183
-4807          6.189
-4810          6.193
-4815          6.199
-4818          6.203
-4823          6.21
-4827          6.214
-4831          6.22
-4835          6.224
-4839          6.23
-4843          6.234
-4848          6.24
-4851          6.245
-4856          6.25
-4861          6.255
-4863          6.261
-4868          6.266
-4871          6.271
-4876          6.276
-4879          6.281
-4884          6.286
-4887          6.291
-4892          6.296
-4895          6.301
-4900          6.308
-4905          6.312
-4908          6.318
-4913          6.322
-4917          6.328
-4920          6.332
-4925          6.338
-4928          6.342
-4933          6.348
-4936          6.352
-4941          6.359
-4944          6.363
-4949          6.369
-4953          6.374
-4957          6.379
-4961          6.384
-4965          6.389
-4971          6.394
-4974          6.401
-4979          6.406
-4982          6.411
-4990          6.417
-4994          6.426
-4997          6.431
-5002          6.437
-5005          6.441
-5010          6.447
-5015          6.452
-5018          6.457
-5029          6.471
-5034          6.476
-5037          6.481
-5041          6.486
-5045          6.491
-5049          6.496
-5053          6.501
-5057          6.506
-5062          6.512
-5065          6.518
-5070          6.522
-5073          6.528
-5078          6.532
-5081          6.538
-5085          6.542
-5090          6.548
-5093          6.552
-5098          6.558
-5101          6.563
-5106          6.569
-5109          6.573
-5114          6.579
-5117          6.583
-5122          6.589
-5125          6.594
-5129          6.599
-5133          6.604
-5137          6.609
-5142          6.615
-5147          6.62
-5151          6.625
-5155          6.63
-5159          6.635
-5163          6.64
-5167          6.645
-5171          6.65
-5175          6.655
-5179          6.66
-5183          6.667
-5186          6.672
-5191          6.677
-5196          6.682
-5199          6.687
-5203          6.692
-5207          6.697
-5211          6.702
-5215          6.707
-5219          6.712
-5224          6.718
-5227          6.723
-5232          6.729
-5235          6.733
-5240          6.739
-5243          6.743
-5248          6.749
-5251          6.753
-5255          6.759
-5260          6.763
-5265          6.77
-5268          6.774
-5273          6.78
-5276          6.785
-5281          6.79
-5284          6.795
-5289          6.8
-5292          6.805
-5297          6.81
-5301          6.816
-5307          6.825
-5312          6.83
-5317          6.835
-5320          6.84
-5325          6.845
-5328          6.851
-5333          6.856
-5336          6.861
-5341          6.867
-5343          6.871
-5349          6.877
-5353          6.882
-5356          6.887
-5361          6.892
-5364          6.897
-5369          6.902
-5372          6.907
-5377          6.912
-5381          6.919
-5385          6.923
-5389          6.929
-5393          6.933
-5397          6.939
-5402          6.944
-5405          6.95
-5410          6.954
-5413          6.96
-5417          6.964
-5422          6.971
-5427          6.976
-5430          6.981
-5435          6.986
-5438          6.991
-5443          6.996
-5446          7.001
-5451          7.006
-5454          7.011
-5459          7.016
-5463          7.022
-5467          7.027
-5471          7.032
-5474          7.037
-5479          7.042
-5482          7.047
-5487          7.052
-5490          7.057
-5495          7.062
-5498          7.068
-5503          7.073
-5507          7.079
-5511          7.083
-5515          7.089
-5518          7.093
-5523          7.099
-5526          7.104
-5531          7.109
-5536          7.114
-5541          7.119
-5543          7.125
-5548          7.13
-5551          7.135
-5556          7.14
-5561          7.145
-5564          7.151
-5569          7.155
-5572          7.161
-5577          7.165
-5580          7.171
-5585          7.177
-5588          7.181
-5592          7.187
-5595          7.191
-5600          7.197
-5603          7.201
-5608          7.207
-5613          7.212
-5616          7.217
-5625          7.226
-5629          7.232
-5633          7.238
-5637          7.243
-5641          7.248
-5644          7.253
-5649          7.259
-5652          7.263
-5657          7.269
-5662          7.274
-5667          7.28
-5669          7.284
-5673          7.29
-5677          7.294
-5681          7.3
-5685          7.304
-5689          7.31
-5693          7.314
-5697          7.32
-5703          7.326
-5706          7.331
-5711          7.337
-5713          7.341
-5718          7.347
-5721          7.351
-5726          7.356
-5729          7.361
-5734          7.366
-5737          7.371
-5742          7.377
-5747          7.382
-5751          7.388
-5755          7.392
-5759          7.398
-5763          7.403
-5767          7.408
-5770          7.413
-5775          7.418
-5778          7.423
-5783          7.429
-5786          7.434
-5791          7.439
-5795          7.444
-5799          7.449
-5803          7.454
-5807          7.459
-5811          7.464
-5815          7.469
-5819          7.474
-5824          7.48
-5827          7.485
-5832          7.49
-5835          7.495
-5839          7.5
-5843          7.505
-5847          7.51
-5852          7.515
-5855          7.52
-5860          7.525
-5863          7.532
-5868          7.537
-5873          7.542
-5876          7.547
-5881          7.552
-5883          7.557
-5888          7.562
-5891          7.567
-5896          7.572
-5901          7.577
-5904          7.583
-5909          7.589
-5912          7.593
-5917          7.599
-5920          7.603
-5925          7.609
-5928          7.613
-5933          7.619
-5941          7.628
-5945          7.634
-5948          7.639
-5953          7.644
-5956          7.65
-5961          7.654
-5966          7.66
-5969          7.665
-5973          7.67
-5977          7.675
-5981          7.681
-5986          7.687
-5989          7.691
-5994          7.697
-5997          7.701
-6002          7.707
-6005          7.711
-6010          7.717
-6015          7.722
-6019          7.728
-6022          7.733
-6027          7.739
-6030          7.744
-6035          7.749
-6039          7.754
-6043          7.759
-6047          7.764
-6051          7.769
-6055          7.774
-6059          7.779
-6065          7.785
-6068          7.791
-6073          7.795
-6076          7.801
-6081          7.805
-6084          7.811
-6089          7.816
-6091          7.821
-6096          7.826
-6099          7.831
-6104          7.837
-6109          7.842
-6112          7.847
-6117          7.852
-6120          7.857
-6125          7.862
-6128          7.867
-6133          7.872
-6135          7.878
-6140          7.882
-6145          7.889
-6148          7.893
-6153          7.899
-6156          7.903
-6161          7.909
-6164          7.913
-6169          7.919
-6172          7.923
-6177          7.929
-6181          7.935
-6186          7.941
-6191          7.946
-6194          7.951
-6199          7.956
-6201          7.961
-6207          7.966
-6209          7.971
-6214          7.976
-6217          7.981
-6224          7.988
-6227          7.992
-6232          7.998
-6235          8.002
