0          0.022
0          0.03
0          0.035
-1          0.041
-2          0.046
-4          0.055
-5          0.059
-7          0.065
-8          0.07
-11          0.076
-13          0.083
-14          0.087
-18          0.094
-19          0.099
-22          0.105
-24          0.11
-27          0.116
-30          0.123
-32          0.127
-36          0.134
-38          0.139
-41          0.145
-45          0.15
-48          0.156
-51          0.163
-53          0.167
-58          0.174
-60          0.179
-63          0.185
-68          0.194
-71          0.198
-74          0.204
-77          0.208
-80          0.214
-82          0.219
-86          0.225
-90          0.23
-94          0.238
-96          0.243
-100          0.248
-104          0.253
-108          0.26
-110          0.266
-113          0.27
-116          0.276
-120          0.283
-124          0.288
-127          0.293
-130          0.298
-134          0.305
-139          0.311
-141          0.317
-145          0.321
-148          0.327
-151          0.333
-155          0.338
-158          0.345
-161          0.349
-164          0.355
-170          0.36
-172          0.366
-176          0.373
-179          0.378
-183          0.385
-185          0.389
-189          0.395
-194          0.4
-196          0.406
-200          0.413
-203          0.417
-210          0.428
-214          0.434
-218          0.441
-221          0.446
-224          0.451
-227          0.456
-231          0.462
-234          0.466
-238          0.473
-241          0.479
-244          0.485
-248          0.49
-252          0.497
-256          0.503
-258          0.507
-262          0.513
-264          0.517
-268          0.523
-270          0.527
-274          0.533
-276          0.537
-280          0.543
-284          0.549
-288          0.554
-290          0.559
-294          0.564
-296          0.569
-300          0.575
-302          0.579
-306          0.585
-308          0.589
-312          0.595
-316          0.6
-319          0.606
-322          0.61
-326          0.616
-328          0.621
-336          0.632
-342          0.643
-344          0.647
-350          0.654
-352          0.659
-356          0.665
-358          0.669
-362          0.675
-364          0.679
-369          0.687
-373          0.693
-378          0.7
-383          0.706
-385          0.713
-389          0.718
-392          0.723
-395          0.728
-399          0.734
-401          0.739
-405          0.744
-408          0.749
-411          0.755
-415          0.76
-418          0.765
-421          0.77
-424          0.775
-427          0.78
-430          0.785
-434          0.79
-436          0.795
-440          0.8
-444          0.806
-446          0.811
-450          0.816
-454          0.825
-458          0.83
-462          0.836
-464          0.84
-468          0.846
-470          0.851
-474          0.857
-478          0.863
-480          0.867
-484          0.873
-487          0.877
-490          0.883
-493          0.887
-496          0.893
-499          0.897
-504          0.903
-506          0.909
-510          0.915
-513          0.919
-516          0.925
-519          0.929
-522          0.935
-525          0.939
-529          0.945
-531          0.949
-535          0.955
-539          0.96
-541          0.965
-545          0.97
-548          0.976
-551          0.98
-554          0.986
-557          0.99
-561          0.996
-564          1.001
-567          1.007
-571          1.012
-573          1.017
-577          1.023
-581          1.028
-584          1.034
-587          1.038
-591          1.044
-593          1.048
-597          1.054
-599          1.059
-603          1.065
-606          1.069
-609          1.075
-612          1.079
-616          1.085
-618          1.089
-622          1.095
-624          1.1
-628          1.105
-632          1.111
-635          1.116
-638          1.121
-642          1.126
-644          1.131
-648          1.136
-650          1.141
-654          1.146
-656          1.151
-660          1.156
-664          1.163
-666          1.167
-670          1.173
-672          1.177
-676          1.183
-678          1.187
-682          1.193
-685          1.197
-688          1.203
-692          1.207
-696          1.214
-698          1.219
-704          1.228
-707          1.233
-711          1.238
-714          1.244
-717          1.248
-720          1.254
-724          1.26
-727          1.265
-730          1.27
-733          1.275
-736          1.28
-739          1.285
-743          1.29
-746          1.295
-749          1.3
-752          1.305
-756          1.311
-759          1.316
-762          1.321
-765          1.326
-769          1.331
-771          1.337
-775          1.341
-778          1.346
-781          1.351
-784          1.357
-787          1.363
-791          1.368
-794          1.373
-797          1.378
-800          1.383
-804          1.388
-807          1.394
-810          1.398
-812          1.403
-816          1.408
-820          1.415
-822          1.419
-826          1.425
-828          1.429
-832          1.435
-834          1.439
-838          1.445
-840          1.449
-844          1.455
-847          1.459
-852          1.466
-854          1.47
-858          1.476
-860          1.48
-864          1.486
-866          1.49
-869          1.496
-873          1.5
-876          1.506
-879          1.51
-883          1.517
-886          1.522
-889          1.527
-892          1.532
-895          1.537
-899          1.542
-901          1.547
-905          1.552
-908          1.557
-911          1.562
-915          1.568
-918          1.573
-921          1.578
-924          1.583
-927          1.588
-930          1.593
-934          1.598
-936          1.603
-940          1.608
-942          1.613
-946          1.619
-952          1.628
-956          1.634
-958          1.639
-962          1.645
-964          1.649
-968          1.655
-970          1.659
-974          1.665
-978          1.67
-980          1.676
-984          1.68
-987          1.686
-990          1.69
-994          1.696
-996          1.701
-1000          1.706
-1003          1.711
-1006          1.716
-1010          1.722
-1013          1.727
-1016          1.732
-1019          1.737
-1022          1.742
-1025          1.747
-1029          1.752
-1031          1.757
-1035          1.763
-1039          1.768
-1042          1.774
-1045          1.778
-1048          1.784
-1051          1.788
-1055          1.794
-1057          1.799
-1061          1.804
-1064          1.809
-1067          1.814
-1071          1.82
-1073          1.825
-1077          1.83
-1080          1.835
-1083          1.84
-1086          1.845
-1090          1.85
-1092          1.855
-1096          1.86
-1098          1.865
-1103          1.871
-1106          1.877
-1109          1.882
-1112          1.887
-1116          1.892
-1118          1.897
-1122          1.902
-1124          1.907
-1128          1.912
-1130          1.917
-1134          1.923
-1138          1.928
-1140          1.933
-1144          1.938
-1148          1.944
-1150          1.948
-1154          1.954
-1156          1.958
-1159          1.963
-1162          1.968
-1166          1.975
-1168          1.979
-1172          1.985
-1175          1.989
-1178          1.995
-1181          1.999
-1185          2.005
-1190          2.011
-1192          2.016
-1198          2.021
-1202          2.033
-1204          2.037
-1208          2.043
-1212          2.048
-1214          2.053
-1218          2.058
-1220          2.063
-1224          2.068
-1228          2.075
-1230          2.079
-1234          2.085
-1236          2.089
-1240          2.095
-1243          2.099
-1246          2.105
-1249          2.109
-1253          2.115
-1255          2.119
-1259          2.126
-1262          2.13
-1265          2.135
-1269          2.14
-1271          2.145
-1275          2.15
-1278          2.156
-1281          2.16
-1285          2.166
-1288          2.172
-1292          2.178
-1295          2.183
-1298          2.188
-1301          2.193
-1304          2.198
-1307          2.203
-1311          2.208
-1313          2.213
-1317          2.218
-1320          2.223
-1328          2.237
-1332          2.243
-1334          2.247
-1338          2.253
-1340          2.257
-1344          2.263
-1347          2.267
-1350          2.273
-1354          2.278
-1358          2.284
-1360          2.288
-1364          2.294
-1366          2.298
-1370          2.304
-1373          2.308
-1376          2.314
-1379          2.318
-1382          2.324
-1386          2.33
-1388          2.335
-1392          2.34
-1395          2.345
-1398          2.35
-1401          2.355
-1405          2.36
-1407          2.365
-1411          2.37
-1413          2.375
-1418          2.381
-1421          2.386
-1424          2.391
-1427          2.396
-1431          2.401
-1433          2.406
-1437          2.411
-1439          2.416
-1443          2.421
-1449          2.432
-1452          2.437
-1455          2.442
-1458          2.447
-1462          2.453
-1464          2.457
-1468          2.463
-1470          2.467
-1474          2.473
-1478          2.478
-1481          2.484
-1484          2.489
-1488          2.494
-1490          2.499
-1494          2.504
-1496          2.509
-1500          2.514
-1502          2.519
-1506          2.524
-1508          2.529
-1512          2.535
-1516          2.54
-1518          2.545
-1522          2.55
-1524          2.556
-1528          2.56
-1530          2.566
-1534          2.57
-1537          2.576
-1542          2.58
-1544          2.587
-1548          2.592
-1550          2.597
-1554          2.602
-1556          2.607
-1560          2.612
-1563          2.617
-1566          2.622
-1569          2.627
-1573          2.632
-1576          2.638
-1579          2.643
-1582          2.648
-1586          2.654
-1589          2.658
-1591          2.664
-1595          2.668
-1599          2.674
-1601          2.678
-1605          2.685
-1607          2.689
-1611          2.695
-1614          2.699
-1617          2.705
-1620          2.709
-1623          2.715
-1626          2.72
-1630          2.725
-1633          2.73
-1637          2.736
-1640          2.741
-1643          2.746
-1646          2.751
-1649          2.756
-1652          2.761
-1656          2.766
-1658          2.771
-1662          2.776
-1664          2.781
-1668          2.787
-1672          2.793
-1674          2.797
-1678          2.803
-1680          2.807
-1684          2.813
-1686          2.817
-1690          2.823
-1696          2.831
-1700          2.838
-1702          2.843
-1706          2.848
-1708          2.853
-1712          2.858
-1715          2.863
-1718          2.868
-1721          2.874
-1724          2.878
-1727          2.883
-1731          2.889
-1734          2.895
-1737          2.899
-1741          2.905
-1743          2.909
-1747          2.915
-1749          2.919
-1753          2.925
-1756          2.929
-1759          2.935
-1763          2.941
-1766          2.946
-1769          2.951
-1772          2.956
-1776          2.961
-1779          2.966
-1782          2.971
-1785          2.976
-1788          2.981
-1791          2.986
-1795          2.993
-1798          2.997
-1801          3.003
-1804          3.007
-1808          3.013
-1810          3.017
-1814          3.023
-1817          3.028
-1821          3.034
-1823          3.038
-1827          3.045
-1830          3.049
-1833          3.055
-1836          3.059
-1840          3.065
-1842          3.069
-1846          3.075
-1849          3.08
-1852          3.085
-1856          3.091
-1859          3.096
-1862          3.101
-1865          3.106
-1868          3.111
-1872          3.116
-1874          3.121
-1878          3.126
-1880          3.131
-1884          3.136
-1888          3.142
-1890          3.147
-1894          3.152
-1896          3.157
-1900          3.163
-1902          3.167
-1906          3.173
-1909          3.177
-1912          3.183
-1915          3.187
-1920          3.194
-1922          3.198
-1926          3.204
-1928          3.209
-1932          3.214
-1934          3.219
-1938          3.224
-1943          3.233
-1947          3.238
-1951          3.245
-1953          3.249
-1957          3.255
-1959          3.26
-1963          3.265
-1966          3.27
-1969          3.275
-1973          3.28
-1976          3.285
-1979          3.29
-1983          3.296
-1985          3.301
-1989          3.306
-1991          3.311
-1995          3.316
-1998          3.321
-2001          3.326
-2004          3.331
-2008          3.336
-2011          3.341
-2014          3.347
-2017          3.353
-2020          3.357
-2024          3.363
-2026          3.367
-2030          3.373
-2033          3.378
-2036          3.383
-2040          3.388
-2042          3.393
-2046          3.399
-2050          3.404
-2052          3.409
-2056          3.414
-2058          3.419
-2062          3.424
-2064          3.429
-2068          3.435
-2070          3.439
-2074          3.445
-2078          3.45
-2080          3.456
-2084          3.46
-2088          3.466
-2090          3.47
-2094          3.476
-2096          3.48
-2100          3.486
-2102          3.49
-2106          3.496
-2110          3.502
-2112          3.507
-2116          3.512
-2118          3.517
-2122          3.522
-2125          3.527
-2128          3.532
-2131          3.537
-2134          3.542
-2138          3.547
-2142          3.554
-2144          3.558
-2148          3.564
-2150          3.568
-2154          3.574
-2156          3.578
-2160          3.584
-2163          3.588
-2167          3.594
-2169          3.599
-2173          3.605
-2175          3.609
-2179          3.615
-2182          3.62
-2185          3.625
-2192          3.635
-2194          3.639
-2198          3.645
-2201          3.65
-2205          3.656
-2207          3.661
-2211          3.666
-2214          3.671
-2217          3.676
-2220          3.681
-2223          3.686
-2226          3.691
-2230          3.696
-2233          3.702
-2236          3.707
-2240          3.712
-2242          3.717
-2246          3.723
-2248          3.727
-2252          3.733
-2255          3.738
-2258          3.743
-2262          3.748
-2266          3.754
-2268          3.759
-2272          3.764
-2274          3.769
-2278          3.775
-2280          3.779
-2284          3.785
-2286          3.789
-2290          3.795
-2292          3.799
-2296          3.806
-2300          3.81
-2304          3.816
-2306          3.82
-2310          3.826
-2312          3.83
-2316          3.836
-2318          3.84
-2322          3.846
-2324          3.85
-2328          3.857
-2332          3.862
-2334          3.867
-2338          3.872
-2340          3.877
-2344          3.882
-2347          3.887
-2350          3.892
-2353          3.897
-2357          3.902
-2360          3.908
-2364          3.913
-2366          3.918
-2369          3.924
-2372          3.928
-2376          3.934
-2379          3.938
-2383          3.944
-2385          3.948
-2389          3.954
-2391          3.959
-2395          3.965
-2398          3.969
-2401          3.975
-2404          3.979
-2408          3.985
-2411          3.99
-2414          3.995
-2417          4.0
-2421          4.006
-2423          4.011
-2427          4.016
-2430          4.021
-2434          4.027
-2440          4.036
-2443          4.041
-2446          4.047
-2449          4.051
-2453          4.058
-2456          4.063
-2459          4.068
-2462          4.073
-2465          4.078
-2468          4.083
-2472          4.088
-2474          4.093
-2478          4.098
-2480          4.103
-2484          4.109
-2488          4.115
-2490          4.119
-2494          4.125
-2496          4.129
-2500          4.135
-2502          4.139
-2506          4.145
-2509          4.149
-2512          4.155
-2516          4.161
-2520          4.166
-2522          4.171
-2526          4.176
-2528          4.181
-2532          4.186
-2534          4.191
-2538          4.196
-2541          4.201
-2544          4.206
-2548          4.212
-2551          4.217
-2554          4.223
-2557          4.227
-2562          4.235
-2564          4.239
-2568          4.245
-2570          4.249
-2574          4.255
-2578          4.26
-2582          4.266
-2584          4.27
-2588          4.276
-2595          4.289
-2599          4.294
-2601          4.299
-2605          4.304
-2608          4.309
-2611          4.315
-2614          4.32
-2618          4.325
-2621          4.33
-2624          4.335
-2627          4.34
-2630          4.345
-2633          4.35
-2636          4.355
-2640          4.36
-2643          4.366
-2646          4.371
-2650          4.376
-2653          4.381
-2656          4.386
-2659          4.391
-2662          4.397
-2666          4.401
-2668          4.407
-2672          4.413
-2674          4.418
-2678          4.423
-2682          4.428
-2685          4.436
-2690          4.442
-2693          4.447
-2696          4.453
-2699          4.457
-2704          4.464
-2706          4.469
-2710          4.474
-2712          4.479
-2716          4.484
-2719          4.489
-2722          4.494
-2725          4.499
-2728          4.505
-2731          4.509
-2735          4.515
-2738          4.52
-2741          4.525
-2744          4.53
-2747          4.535
-2751          4.54
-2753          4.545
-2757          4.55
-2759          4.555
-2763          4.56
-2767          4.566
-2770          4.571
-2773          4.577
-2776          4.582
-2779          4.587
-2783          4.592
-2785          4.597
-2789          4.602
-2792          4.607
-2795          4.611
-2799          4.618
-2801          4.623
-2805          4.628
-2808          4.633
-2811          4.638
-2814          4.643
-2818          4.648
-2820          4.653
-2824          4.658
-2826          4.663
-2831          4.67
-2834          4.675
-2837          4.68
-2840          4.685
-2844          4.69
-2846          4.695
-2850          4.7
-2852          4.705
-2856          4.71
-2858          4.715
-2863          4.721
-2866          4.726
-2869          4.731
-2872          4.736
-2876          4.741
-2878          4.746
-2882          4.751
-2884          4.757
-2888          4.762
-2890          4.767
-2894          4.773
-2898          4.778
-2900          4.783
-2904          4.788
-2906          4.793
-2910          4.798
-2912          4.803
-2916          4.808
-2919          4.813
-2922          4.818
-2926          4.825
-2928          4.829
-2935          4.838
-2938          4.844
-2941          4.848
-2944          4.854
-2947          4.859
-2951          4.865
-2954          4.869
-2957          4.876
-2961          4.88
-2963          4.886
-2967          4.89
-2970          4.896
-2973          4.901
-2977          4.906
-2979          4.911
-2983          4.916
-2986          4.922
-2989          4.927
-2993          4.932
-2995          4.937
-2999          4.942
-3002          4.947
-3005          4.952
-3008          4.957
-3012          4.962
-3014          4.967
-3018          4.973
-3021          4.978
-3024          4.983
-3028          4.988
-3030          4.993
-3034          4.998
-3038          5.004
-3040          5.008
-3042          5.014
-3046          5.018
-3050          5.025
-3054          5.03
-3056          5.036
-3060          5.04
-3062          5.046
-3066          5.05
-3070          5.056
-3072          5.06
-3076          5.066
-3078          5.07
-3082          5.077
-3086          5.082
-3088          5.087
-3092          5.092
-3094          5.097
-3098          5.102
-3100          5.107
-3104          5.112
-3107          5.117
-3110          5.123
-3114          5.128
-3118          5.134
-3120          5.138
-3124          5.144
-3126          5.149
-3130          5.155
-3132          5.159
-3136          5.165
-3139          5.169
-3144          5.176
-3146          5.18
-3150          5.186
-3152          5.19
-3156          5.196
-3158          5.201
-3162          5.206
-3165          5.21
-3168          5.216
-3171          5.221
-3175          5.227
-3178          5.232
-3184          5.241
-3187          5.247
-3191          5.252
-3193          5.257
-3197          5.262
-3200          5.267
-3203          5.273
-3207          5.278
-3210          5.284
-3213          5.288
-3217          5.294
-3219          5.299
-3223          5.304
-3226          5.309
-3229          5.314
-3232          5.319
-3235          5.324
-3239          5.33
-3242          5.335
-3245          5.34
-3248          5.345
-3251          5.35
-3254          5.355
-3258          5.36
-3260          5.365
-3264          5.37
-3266          5.376
-3271          5.381
-3274          5.386
-3277          5.391
-3280          5.396
-3284          5.401
-3286          5.406
-3290          5.411
-3292          5.417
-3296          5.422
-3298          5.427
-3302          5.433
-3306          5.438
-3308          5.443
-3312          5.448
-3314          5.453
-3318          5.458
-3320          5.463
-3324          5.468
-3326          5.473
-3330          5.478
-3334          5.485
-3336          5.489
-3340          5.495
-3343          5.499
-3346          5.505
-3349          5.509
-3352          5.515
-3355          5.519
-3359          5.525
-3361          5.529
-3365          5.536
-3369          5.54
-3372          5.546
-3375          5.551
-3378          5.556
-3381          5.561
-3385          5.566
-3387          5.571
-3391          5.576
-3395          5.581
-3397          5.587
-3401          5.592
-3403          5.597
-3407          5.602
-3410          5.607
-3413          5.613
-3416          5.617
-3420          5.622
-3422          5.627
-3426          5.633
-3432          5.643
-3434          5.647
-3438          5.653
-3442          5.658
-3445          5.664
-3448          5.668
-3452          5.674
-3454          5.679
-3458          5.685
-3460          5.69
-3464          5.695
-3466          5.7
-3470          5.705
-3472          5.71
-3476          5.715
-3480          5.72
-3482          5.725
-3486          5.73
-3490          5.736
-3492          5.741
-3496          5.746
-3500          5.751
-3502          5.756
-3506          5.761
-3508          5.766
-3512          5.771
-3514          5.776
-3518          5.781
-3521          5.787
-3524          5.793
-3528          5.798
-3531          5.803
-3534          5.808
-3537          5.813
-3540          5.818
-3543          5.823
-3546          5.828
-3550          5.834
-3553          5.839
-3556          5.845
-3559          5.849
-3563          5.855
-3565          5.859
-3569          5.865
-3576          5.876
-3580          5.883
-3584          5.888
-3588          5.894
-3590          5.899
-3594          5.904
-3596          5.909
-3600          5.915
-3602          5.919
-3606          5.925
-3608          5.929
-3612          5.935
-3616          5.94
-3620          5.946
-3622          5.95
-3626          5.956
-3628          5.961
-3632          5.966
-3634          5.971
-3638          5.976
-3640          5.981
-3644          5.986
-3648          5.992
-3650          5.997
-3654          6.002
-3657          6.007
-3660          6.012
-3663          6.017
-3666          6.023
-3670          6.028
-3673          6.033
-3680          6.044
-3682          6.048
-3686          6.054
-3689          6.059
-3692          6.064
-3695          6.069
-3698          6.075
-3701          6.079
-3705          6.085
-3708          6.089
-3711          6.095
-3714          6.1
-3717          6.105
-3721          6.11
-3723          6.115
-3727          6.12
-3730          6.125
-3733          6.13
-3737          6.136
-3740          6.141
-3746          6.151
-3749          6.156
-3753          6.161
-3756          6.166
-3759          6.171
-3762          6.176
-3764          6.181
-3768          6.186
-3772          6.191
-3774          6.197
-3778          6.203
-3780          6.207
-3784          6.213
-3786          6.217
-3790          6.223
-3792          6.227
-3796          6.233
-3799          6.237
-3804          6.244
-3806          6.249
-3810          6.255
-3812          6.259
-3816          6.265
-3818          6.269
-3822          6.275
-3824          6.279
-3830          6.286
-3832          6.291
-3836          6.297
-3840          6.302
-3842          6.307
-3846          6.313
-3848          6.317
-3852          6.323
-3856          6.328
-3858          6.333
-3862          6.338
-3864          6.343
-3868          6.349
-3885          6.376
-3889          6.381
-3892          6.386
-3895          6.391
-3898          6.397
-3901          6.403
-3905          6.409
-3908          6.415
-3912          6.42
-3916          6.426
-3918          6.431
-3922          6.436
-3927          6.445
-3932          6.451
-3934          6.457
-3938          6.462
-3941          6.467
-3944          6.472
-3947          6.477
-3950          6.482
-3953          6.487
-3957          6.492
-3960          6.498
-3964          6.504
-3966          6.508
-3970          6.514
-3973          6.518
-3976          6.524
-3979          6.528
-3983          6.534
-3985          6.538
-3989          6.544
-3992          6.549
-3995          6.555
-3999          6.56
-4001          6.565
-4005          6.57
-4007          6.575
-4011          6.58
-4014          6.585
-4017          6.59
-4020          6.595
-4024          6.601
-4027          6.606
-4030          6.611
-4033          6.616
-4037          6.621
-4040          6.626
-4043          6.631
-4046          6.636
-4049          6.641
-4052          6.646
-4056          6.653
-4058          6.657
-4062          6.663
-4064          6.667
-4068          6.673
-4072          6.678
-4074          6.683
-4078          6.688
-4080          6.693
-4084          6.698
-4088          6.704
-4090          6.709
-4094          6.715
-4096          6.719
-4100          6.725
-4102          6.729
-4106          6.735
-4109          6.739
-4112          6.745
-4115          6.749
-4118          6.756
-4122          6.76
-4125          6.766
-4128          6.77
-4132          6.776
-4134          6.78
-4137          6.786
-4141          6.79
-4144          6.796
-4147          6.801
-4151          6.807
-4154          6.812
-4157          6.817
-4160          6.822
-4163          6.827
-4167          6.832
-4169          6.837
-4176          6.846
-4178          6.851
-4182          6.857
-4185          6.863
-4188          6.867
-4192          6.873
-4194          6.877
-4198          6.883
-4200          6.887
-4204          6.893
-4208          6.898
-4211          6.903
-4214          6.909
-4218          6.915
-4220          6.919
-4224          6.925
-4226          6.929
-4230          6.935
-4232          6.939
-4236          6.945
-4238          6.949
-4242          6.955
-4246          6.96
-4248          6.965
-4252          6.97
-4254          6.976
-4258          6.98
-4261          6.986
-4264          6.99
-4268          6.996
-4270          7.0
-4274          7.007
-4278          7.012
-4280          7.017
-4284          7.022
-4288          7.028
-4290          7.033
-4294          7.038
-4296          7.043
-4300          7.048
-4303          7.053
-4306          7.059
-4310          7.065
-4312          7.069
-4316          7.075
-4319          7.079
-4322          7.085
-4325          7.089
-4329          7.095
-4331          7.099
-4335          7.105
-4338          7.111
-4342          7.116
-4344          7.121
-4348          7.126
-4351          7.131
-4354          7.136
-4357          7.141
-4361          7.146
-4363          7.151
-4367          7.156
-4370          7.163
-4373          7.167
-4377          7.173
-4380          7.177
-4383          7.183
-4386          7.188
-4389          7.193
-4393          7.198
-4395          7.203
-4399          7.208
-4403          7.215
-4405          7.219
-4409          7.225
-4411          7.229
-4415          7.235
-4421          7.244
-4424          7.249
-4427          7.254
-4431          7.259
-4434          7.265
-4437          7.27
-4441          7.276
-4444          7.28
-4446          7.286
-4450          7.29
-4453          7.296
-4456          7.3
-4459          7.306
-4463          7.312
-4466          7.317
-4470          7.322
-4472          7.327
-4476          7.332
-4478          7.337
-4482          7.343
-4484          7.347
-4488          7.353
-4490          7.357
-4495          7.364
-4498          7.368
-4502          7.374
-4504          7.378
-4508          7.384
-4510          7.388
-4514          7.394
-4516          7.399
-4520          7.404
-4522          7.409
-4526          7.415
-4530          7.42
-4532          7.425
-4535          7.43
-4538          7.435
-4542          7.44
-4545          7.445
-4548          7.45
-4551          7.455
-4554          7.46
-4558          7.466
-4562          7.471
-4564          7.476
-4568          7.481
-4570          7.486
-4574          7.491
-4577          7.496
-4580          7.501
-4583          7.506
-4586          7.511
-4590          7.518
-4593          7.523
-4596          7.528
-4599          7.533
-4603          7.538
-4605          7.543
-4609          7.548
-4612          7.553
-4615          7.558
-4618          7.563
-4621          7.569
-4625          7.575
-4628          7.579
-4631          7.585
-4634          7.589
-4638          7.595
-4640          7.599
-4644          7.605
-4646          7.609
-4650          7.615
-4654          7.62
-4657          7.626
-4660          7.63
-4664          7.636
-4668          7.645
-4672          7.65
-4674          7.655
-4678          7.66
-4682          7.666
-4686          7.672
-4688          7.677
-4692          7.682
-4694          7.687
-4698          7.692
-4700          7.697
-4704          7.703
-4706          7.707
-4710          7.713
-4714          7.718
-4718          7.724
-4720          7.728
-4724          7.734
-4726          7.738
-4730          7.744
-4732          7.748
-4736          7.754
-4738          7.758
-4742          7.764
-4745          7.769
-4748          7.775
-4751          7.779
-4755          7.785
-4757          7.79
-4761          7.795
-4764          7.8
-4767          7.805
-4771          7.81
-4773          7.815
-4777          7.821
-4780          7.826
-4783          7.831
-4787          7.836
-4789          7.841
-4793          7.846
-4795          7.851
-4799          7.856
-4802          7.861
-4805          7.866
-4809          7.873
-4812          7.877
-4815          7.883
-4819          7.888
-4821          7.893
-4825          7.898
-4828          7.903
-4831          7.908
-4834          7.913
-4838          7.918
-4841          7.924
-4844          7.929
-4847          7.935
-4850          7.939
-4854          7.945
-4856          7.949
-4860          7.955
-4862          7.959
-4866          7.965
-4868          7.969
-4872          7.976
-4876          7.98
-4878          7.986
-4882          7.99
-4886          7.996
-4888          8.001
