0          0.02
0          0.026
1          0.032
1          0.037
1          0.043
1          0.049
1          0.055
1          0.061
2          0.067
3          0.073
3          0.079
4          0.085
5          0.091
6          0.097
7          0.103
9          0.108
10          0.114
12          0.122
14          0.127
15          0.133
17          0.138
19          0.144
21          0.15
23          0.156
26          0.162
29          0.168
31          0.175
35          0.181
37          0.186
41          0.192
43          0.198
47          0.204
50          0.21
57          0.221
60          0.226
63          0.233
67          0.238
71          0.244
75          0.25
79          0.255
83          0.262
86          0.267
92          0.274
96          0.28
101          0.285
105          0.292
109          0.297
114          0.303
118          0.308
121          0.314
127          0.322
130          0.327
135          0.333
140          0.338
143          0.344
151          0.353
155          0.36
159          0.366
165          0.373
169          0.378
172          0.385
177          0.391
180          0.396
184          0.402
188          0.408
191          0.414
195          0.42
199          0.427
202          0.433
207          0.44
210          0.445
213          0.451
215          0.456
218          0.463
221          0.468
224          0.475
227          0.481
228          0.487
230          0.493
233          0.498
234          0.504
236          0.51
237          0.516
239          0.522
240          0.528
241          0.534
242          0.541
243          0.546
243          0.553
243          0.558
243          0.564
243          0.57
243          0.576
243          0.582
243          0.588
242          0.594
241          0.6
240          0.605
239          0.611
238          0.617
237          0.623
235          0.63
233          0.635
231          0.642
229          0.647
223          0.664
219          0.672
216          0.68
213          0.687
209          0.694
207          0.701
202          0.707
199          0.714
195          0.721
190          0.73
186          0.737
181          0.743
175          0.75
169          0.762
166          0.768
162          0.775
155          0.783
151          0.79
147          0.797
141          0.804
137          0.81
133          0.815
128          0.822
124          0.827
119          0.834
115          0.84
111          0.846
107          0.852
103          0.857
99          0.863
95          0.869
92          0.875
87          0.882
83          0.887
79          0.893
75          0.899
71          0.905
68          0.911
66          0.916
62          0.923
59          0.928
55          0.935
51          0.941
49          0.947
45          0.953
43          0.958
41          0.964
39          0.971
36          0.976
33          0.983
31          0.989
30          0.995
27          1.001
26          1.006
25          1.013
23          1.018
22          1.024
21          1.03
20          1.036
19          1.042
19          1.048
19          1.054
18          1.06
18          1.065
19          1.072
19          1.077
19          1.084
20          1.09
21          1.097
21          1.103
23          1.108
24          1.114
25          1.12
27          1.125
28          1.132
31          1.138
32          1.144
34          1.15
38          1.16
41          1.166
43          1.172
46          1.177
49          1.184
53          1.191
55          1.196
58          1.202
61          1.208
65          1.213
69          1.22
72          1.225
76          1.231
79          1.237
83          1.243
87          1.25
91          1.255
95          1.261
98          1.266
103          1.273
107          1.278
111          1.284
117          1.291
120          1.296
124          1.303
129          1.308
133          1.314
137          1.32
142          1.326
146          1.332
152          1.338
155          1.344
159          1.35
164          1.356
168          1.362
172          1.367
177          1.373
181          1.38
185          1.385
189          1.392
193          1.397
197          1.403
201          1.41
205          1.415
208          1.421
211          1.426
214          1.433
219          1.44
222          1.445
225          1.451
227          1.457
230          1.463
233          1.468
235          1.474
237          1.48
240          1.486
242          1.493
245          1.498
246          1.504
247          1.51
249          1.516
251          1.522
252          1.527
253          1.533
254          1.539
255          1.546
255          1.552
255          1.562
256          1.567
256          1.574
255          1.58
255          1.585
255          1.593
254          1.598
253          1.604
252          1.61
251          1.616
249          1.622
248          1.627
246          1.633
245          1.639
243          1.646
241          1.652
239          1.657
236          1.663
234          1.669
231          1.675
228          1.681
227          1.686
223          1.693
219          1.7
216          1.705
213          1.711
211          1.717
207          1.723
204          1.728
200          1.734
197          1.74
193          1.747
189          1.753
182          1.762
178          1.767
174          1.773
170          1.778
167          1.785
162          1.791
158          1.797
153          1.803
149          1.809
146          1.815
141          1.821
138          1.826
133          1.832
129          1.838
124          1.844
119          1.851
117          1.857
113          1.863
107          1.868
105          1.874
101          1.88
97          1.886
93          1.892
89          1.898
85          1.904
81          1.91
78          1.916
75          1.922
71          1.927
68          1.933
65          1.939
62          1.945
59          1.952
55          1.963
52          1.968
49          1.974
47          1.981
45          1.986
43          1.992
41          1.999
39          2.005
37          2.012
36          2.017
35          2.023
33          2.03
33          2.035
32          2.041
31          2.047
31          2.054
31          2.06
31          2.065
31          2.071
31          2.077
31          2.083
32          2.088
33          2.095
34          2.102
35          2.108
36          2.114
37          2.12
39          2.125
41          2.131
42          2.137
44          2.143
46          2.148
49          2.155
51          2.161
53          2.167
55          2.173
58          2.178
61          2.184
64          2.19
67          2.195
70          2.203
73          2.208
77          2.214
81          2.22
84          2.226
88          2.232
92          2.237
95          2.243
99          2.249
103          2.256
108          2.262
112          2.267
116          2.273
120          2.279
123          2.285
129          2.291
132          2.296
138          2.303
142          2.31
147          2.315
151          2.321
154          2.326
159          2.333
163          2.338
167          2.344
171          2.35
180          2.361
183          2.367
187          2.373
193          2.378
196          2.384
201          2.391
204          2.396
208          2.403
213          2.41
217          2.415
220          2.421
223          2.427
226          2.433
229          2.438
233          2.444
236          2.45
239          2.457
242          2.463
245          2.468
247          2.474
250          2.48
252          2.486
254          2.492
256          2.497
258          2.503
260          2.511
261          2.516
263          2.522
264          2.528
265          2.534
266          2.54
267          2.545
267          2.551
267          2.558
267          2.564
267          2.57
267          2.575
267          2.581
267          2.587
266          2.593
265          2.598
265          2.604
263          2.611
262          2.617
261          2.623
259          2.628
258          2.635
255          2.641
254          2.646
252          2.652
249          2.658
247          2.665
245          2.671
242          2.676
239          2.682
237          2.688
234          2.694
231          2.7
227          2.705
224          2.713
221          2.718
217          2.724
214          2.73
205          2.743
201          2.75
197          2.755
191          2.766
187          2.773
181          2.778
179          2.784
175          2.79
170          2.796
166          2.802
162          2.807
158          2.815
152          2.821
149          2.826
145          2.833
141          2.838
137          2.844
132          2.85
128          2.855
124          2.862
120          2.868
116          2.874
112          2.88
108          2.886
104          2.892
100          2.897
97          2.903
93          2.909
89          2.916
86          2.922
83          2.927
79          2.934
76          2.94
73          2.946
71          2.952
67          2.957
65          2.964
63          2.971
60          2.976
58          2.982
55          2.987
53          2.994
52          3.0
50          3.005
