0          0.018
0          0.023
0          0.029
0          0.034
1          0.04
3          0.047
4          0.051
6          0.059
7          0.065
8          0.069
10          0.075
12          0.081
14          0.087
16          0.091
18          0.097
20          0.104
22          0.109
25          0.114
28          0.119
30          0.125
32          0.13
35          0.136
37          0.141
40          0.147
44          0.153
46          0.158
50          0.165
52          0.17
55          0.175
57          0.18
60          0.186
63          0.191
68          0.201
72          0.207
74          0.212
77          0.218
80          0.224
83          0.231
86          0.236
90          0.241
92          0.246
96          0.253
98          0.258
102          0.263
104          0.268
107          0.274
112          0.279
114          0.286
117          0.291
120          0.296
123          0.301
128          0.309
130          0.314
133          0.319
135          0.324
138          0.331
142          0.336
144          0.34
148          0.346
152          0.353
154          0.358
158          0.363
160          0.368
163          0.374
166          0.379
170          0.385
172          0.39
176          0.396
179          0.401
182          0.407
184          0.412
188          0.417
190          0.422
194          0.427
196          0.432
199          0.437
202          0.442
205          0.447
207          0.451
210          0.457
214          0.462
216          0.467
218          0.472
222          0.477
224          0.482
228          0.487
230          0.492
233          0.497
235          0.501
239          0.508
242          0.513
244          0.518
248          0.522
250          0.527
254          0.532
256          0.537
259          0.542
262          0.547
264          0.552
267          0.558
270          0.563
273          0.568
276          0.573
278          0.578
282          0.582
284          0.587
288          0.592
292          0.601
296          0.608
299          0.613
301          0.618
304          0.623
307          0.628
310          0.633
312          0.638
316          0.642
318          0.647
322          0.652
324          0.658
327          0.664
329          0.668
333          0.674
335          0.678
338          0.684
341          0.688
344          0.693
346          0.698
350          0.703
353          0.71
356          0.715
359          0.72
362          0.725
364          0.73
368          0.735
370          0.74
374          0.745
376          0.749
379          0.755
382          0.76
385          0.766
387          0.77
390          0.776
393          0.78
396          0.786
398          0.79
402          0.795
404          0.8
408          0.805
410          0.81
413          0.816
416          0.82
421          0.83
424          0.835
427          0.84
430          0.845
432          0.85
436          0.855
438          0.86
442          0.866
445          0.871
447          0.876
450          0.88
453          0.886
455          0.89
458          0.896
461          0.9
464          0.906
468          0.911
470          0.916
473          0.921
476          0.926
479          0.931
481          0.936
485          0.941
487          0.946
490          0.951
492          0.956
496          0.961
499          0.967
503          0.972
505          0.978
508          0.983
511          0.988
514          0.993
518          1.001
522          1.007
526          1.014
528          1.018
531          1.024
534          1.028
537          1.034
539          1.038
542          1.044
544          1.048
548          1.053
550          1.058
554          1.064
557          1.069
560          1.074
563          1.079
565          1.084
567          1.088
570          1.094
573          1.098
576          1.104
579          1.108
582          1.114
586          1.119
589          1.125
591          1.129
594          1.135
597          1.139
599          1.144
602          1.149
605          1.154
608          1.159
612          1.164
614          1.17
617          1.175
620          1.179
623          1.185
625          1.189
628          1.195
631          1.199
634          1.205
636          1.209
639          1.214
642          1.22
646          1.225
648          1.23
651          1.235
654          1.24
657          1.245
659          1.25
662          1.255
665          1.26
668          1.265
670          1.271
674          1.276
676          1.28
680          1.286
682          1.29
685          1.296
688          1.3
691          1.306
693          1.31
696          1.316
700          1.321
702          1.326
706          1.331
708          1.336
711          1.341
714          1.346
717          1.351
719          1.356
722          1.36
725          1.366
728          1.371
732          1.377
734          1.381
737          1.387
740          1.391
742          1.397
748          1.406
751          1.411
753          1.416
756          1.422
760          1.427
762          1.432
766          1.437
768          1.442
771          1.447
774          1.452
777          1.457
779          1.461
787          1.475
789          1.479
793          1.485
795          1.489
798          1.495
801          1.499
803          1.504
806          1.509
808          1.514
812          1.519
816          1.526
818          1.53
821          1.535
824          1.54
827          1.545
829          1.55
832          1.555
834          1.56
838          1.565
840          1.569
844          1.576
846          1.58
850          1.586
852          1.59
855          1.596
857          1.6
861          1.605
863          1.61
866          1.615
869          1.62
872          1.626
874          1.63
878          1.636
880          1.64
884          1.646
886          1.65
889          1.656
891          1.66
895          1.666
897          1.67
900          1.676
904          1.681
906          1.686
910          1.691
912          1.696
914          1.701
919          1.706
921          1.712
924          1.717
926          1.721
930          1.728
933          1.732
936          1.738
939          1.742
941          1.747
944          1.752
947          1.757
949          1.762
952          1.767
955          1.772
958          1.778
962          1.783
964          1.788
967          1.793
970          1.798
975          1.807
978          1.812
981          1.817
983          1.822
986          1.828
990          1.833
992          1.838
996          1.843
998          1.848
1001          1.853
1004          1.858
1007          1.863
1010          1.87
1015          1.877
1017          1.882
1020          1.887
1023          1.892
1026          1.897
1028          1.902
1032          1.907
1034          1.912
1038          1.917
1040          1.922
1043          1.928
1046          1.933
1049          1.938
1052          1.942
1054          1.947
1058          1.952
1060          1.957
1062          1.962
1066          1.967
1068          1.972
1072          1.977
1075          1.983
1077          1.988
1080          1.993
1083          1.998
1086          2.002
1090          2.009
1092          2.014
1095          2.019
1098          2.024
1101          2.03
1104          2.036
1106          2.04
1110          2.045
1112          2.05
1116          2.055
1118          2.06
1121          2.065
1124          2.069
1127          2.075
1129          2.079
1133          2.086
1135          2.09
1138          2.096
1140          2.1
1144          2.106
1146          2.11
1150          2.115
1152          2.12
1156          2.125
1158          2.13
1161          2.136
1163          2.14
1167          2.146
1169          2.15
1172          2.156
1174          2.16
1178          2.166
1180          2.17
1184          2.176
1187          2.18
1189          2.186
1192          2.191
1195          2.196
1201          2.206
1203          2.21
1206          2.216
1208          2.22
1212          2.226
1214          2.23
1218          2.236
1221          2.241
1223          2.246
1227          2.251
1229          2.256
1231          2.26
1235          2.266
1237          2.27
1240          2.276
1242          2.28
1246          2.286
1254          2.299
1257          2.305
1260          2.309
1263          2.315
1265          2.319
1268          2.324
1271          2.329
1274          2.336
1276          2.34
1280          2.346
1282          2.35
1286          2.355
1288          2.36
1291          2.365
1294          2.37
1297          2.375
1299          2.38
1303          2.386
1305          2.39
1308          2.396
1310          2.4
1314          2.406
1316          2.41
1320          2.416
1322          2.42
1325          2.426
1328          2.43
1331          2.436
1334          2.441
1336          2.446
1339          2.451
1342          2.456
1344          2.461
1348          2.466
1350          2.47
1354          2.476
1356          2.48
1359          2.486
1362          2.491
1365          2.496
1368          2.501
1370          2.506
1374          2.511
1376          2.516
1380          2.521
1382          2.526
1384          2.531
1388          2.536
1391          2.542
1394          2.547
1397          2.551
1400          2.557
1402          2.561
1404          2.567
1408          2.571
1410          2.577
1414          2.581
1416          2.586
1419          2.592
1423          2.597
1427          2.606
1430          2.611
1433          2.616
1436          2.621
1438          2.626
1442          2.631
1444          2.636
1449          2.642
1451          2.647
1454          2.652
1456          2.657
1459          2.662
1462          2.667
1464          2.672
1468          2.677
1470          2.681
1474          2.687
1477          2.693
1479          2.698
1482          2.703
1485          2.708
1488          2.714
1490          2.718
1494          2.724
1496          2.728
1500          2.733
1502          2.738
1505          2.744
1508          2.749
1511          2.754
1514          2.759
1516          2.764
1519          2.768
1522          2.774
1524          2.778
1528          2.784
1530          2.788
1534          2.794
1537          2.799
1539          2.804
1543          2.809
1545          2.814
1548          2.819
1550          2.824
1553          2.828
1556          2.834
1558          2.838
1563          2.845
1565          2.849
1569          2.855
1571          2.859
1573          2.864
1576          2.869
1579          2.874
1582          2.879
1584          2.884
1588          2.889
1592          2.895
1594          2.9
1597          2.905
1599          2.909
1602          2.915
1605          2.919
1608          2.925
1610          2.929
1614          2.935
1616          2.939
1620          2.946
1622          2.95
1625          2.956
1628          2.96
1631          2.965
1633          2.97
1637          2.975
1639          2.98
1642          2.985
1644          2.989
1648          2.996
1650          3.0
1656          3.009
1659          3.015
1662          3.019
1665          3.025
1667          3.029
1670          3.035
1673          3.039
1676          3.045
1678          3.05
1682          3.056
1684          3.06
1688          3.066
1690          3.07
1693          3.076
1696          3.08
1699          3.086
1701          3.09
1704          3.095
1708          3.101
1710          3.106
1714          3.111
1716          3.116
1719          3.121
1722          3.126
1724          3.13
1727          3.136
1730          3.14
1733          3.146
1736          3.151
1738          3.156
1742          3.161
1744          3.166
1748          3.171
1750          3.176
1753          3.181
1756          3.186
1759          3.191
1761          3.196
1764          3.202
1768          3.207
1770          3.212
1774          3.217
1776          3.221
1779          3.227
1782          3.231
1785          3.237
1787          3.241
1790          3.247
1794          3.252
1796          3.257
1800          3.262
1802          3.267
1804          3.272
1808          3.277
1810          3.282
1813          3.287
1816          3.291
1819          3.297
1822          3.303
1824          3.308
1828          3.312
1830          3.317
1834          3.322
1836          3.327
1838          3.332
1842          3.337
1844          3.342
1847          3.347
1850          3.353
1853          3.358
1856          3.363
1858          3.368
1862          3.373
1864          3.378
1868          3.382
1870          3.387
1873          3.392
1876          3.397
1880          3.406
1884          3.412
1887          3.417
1890          3.422
1892          3.427
1896          3.432
1898          3.437
1902          3.442
1904          3.447
1907          3.454
1909          3.458
1913          3.463
1915          3.468
1918          3.473
1920          3.478
1924          3.483
1926          3.488
1930          3.494
1933          3.499
1936          3.505
1939          3.51
1942          3.515
1944          3.52
1948          3.525
1950          3.529
1954          3.535
1956          3.539
1959          3.545
1962          3.549
1965          3.556
1967          3.56
1970          3.565
1973          3.57
1976          3.575
1978          3.58
1982          3.585
1984          3.59
1988          3.595
1990          3.6
1993          3.606
1996          3.61
1999          3.616
2001          3.62
2004          3.626
2007          3.63
2010          3.636
2012          3.64
2016          3.645
2018          3.65
2022          3.656
2025          3.661
2027          3.666
2030          3.671
2033          3.676
2036          3.681
2038          3.686
2041          3.691
2044          3.696
2046          3.7
2051          3.707
2054          3.712
2056          3.718
2060          3.722
2062          3.728
2066          3.732
2068          3.737
2071          3.742
2074          3.747
2076          3.752
2079          3.758
2082          3.763
2085          3.768
2088          3.772
2090          3.778
2094          3.782
2096          3.787
2100          3.792
2102          3.797
2104          3.802
2110          3.812
2113          3.817
2116          3.822
2119          3.827
2121          3.832
2124          3.837
2127          3.842
2130          3.847
2132          3.852
2136          3.857
2139          3.864
2142          3.868
2145          3.873
2147          3.878
2150          3.883
2153          3.888
2156          3.893
2158          3.898
2162          3.903
2164          3.908
2168          3.914
2170          3.918
2173          3.924
2176          3.928
2179          3.934
2181          3.938
2184          3.943
2187          3.948
2190          3.953
2192          3.958
2196          3.964
2199          3.969
2202          3.974
2204          3.978
2207          3.984
2210          3.989
2213          3.994
2215          3.998
2218          4.004
2221          4.008
2225          4.015
2228          4.019
2231          4.025
2233          4.029
2237          4.035
2239          4.039
2241          4.044
2244          4.049
2247          4.054
2250          4.059
2254          4.065
2256          4.07
2259          4.075
2262          4.08
2265          4.085
2267          4.089
2270          4.095
2273          4.099
2275          4.104
2278          4.109
2282          4.116
2284          4.12
2288          4.126
2290          4.13
2293          4.136
2296          4.14
2299          4.145
2301          4.15
2304          4.155
2307          4.16
2310          4.166
2312          4.17
2316          4.176
2318          4.18
2322          4.186
2324          4.19
2327          4.196
2329          4.2
2335          4.209
2338          4.216
2340          4.22
2344          4.226
2346          4.23
2350          4.236
2352          4.24
2356          4.246
2358          4.25
2361          4.256
2363          4.26
2367          4.266
2370          4.271
2372          4.276
2376          4.281
2378          4.286
2382          4.291
2385          4.298
2388          4.303
2390          4.308
2394          4.312
2397          4.319
2400          4.324
2402          4.328
2405          4.334
2408          4.338
2411          4.344
2413          4.348
2416          4.353
2418          4.358
2422          4.363
2426          4.369
2428          4.374
2431          4.379
2434          4.384
2436          4.388
2439          4.394
2441          4.398
2444          4.404
2452          4.416
2456          4.422
2458          4.427
2460          4.432
2464          4.437
2466          4.442
2470          4.447
2472          4.452
2475          4.457
2478          4.462
2481          4.467
2484          4.473
2486          4.478
2490          4.482
2492          4.487
2496          4.492
2498          4.497
2501          4.502
2504          4.507
2507          4.512
2509          4.517
2512          4.524
2515          4.528
2518          4.533
2520          4.538
2524          4.543
2526          4.548
2530          4.553
2532          4.558
2535          4.562
2537          4.567
2541          4.574
2543          4.578
2546          4.584
2549          4.588
2552          4.594
2554          4.598
2558          4.603
2562          4.611
2566          4.617
2569          4.624
2571          4.628
2575          4.634
2577          4.639
2580          4.644
2582          4.648
2586          4.654
2588          4.658
2592          4.664
2594          4.668
2598          4.675
2600          4.679
2603          4.684
2606          4.689
2608          4.694
2612          4.699
2614          4.704
2618          4.709
2621          4.715
2623          4.719
2627          4.726
2629          4.73
2632          4.736
2634          4.74
2638          4.745
2640          4.75
2644          4.755
2646          4.76
2649          4.765
2652          4.77
2655          4.776
2657          4.781
2660          4.786
2663          4.79
2666          4.796
2668          4.8
2672          4.806
2674          4.81
2678          4.816
2680          4.82
2683          4.826
2686          4.831
2689          4.836
2692          4.841
2694          4.846
2698          4.851
2700          4.856
2704          4.861
2706          4.866
2709          4.871
2712          4.877
2715          4.882
2718          4.887
2720          4.891
2724          4.897
2726          4.901
2729          4.907
2732          4.911
2735          4.917
2737          4.921
2741          4.928
2744          4.933
2746          4.937
2750          4.942
2752          4.947
2756          4.952
2758          4.957
2760          4.962
2764          4.967
2766          4.971
2769          4.978
2772          4.983
2774          4.988
2778          4.993
2780          4.998
2784          5.002
2786          5.007
2790          5.017
2794          5.021
2797          5.027
2801          5.033
2803          5.038
2806          5.043
2808          5.048
2812          5.053
2814          5.057
2818          5.062
2820          5.067
2823          5.072
2826          5.077
2829          5.084
2831          5.088
2835          5.093
2837          5.098
2840          5.103
2842          5.108
2846          5.113
2848          5.118
2852          5.122
2854          5.127
2857          5.134
2860          5.138
2863          5.144
2865          5.148
2868          5.153
2871          5.158
2874          5.163
2876          5.168
2880          5.173
2882          5.178
2886          5.184
2888          5.188
2891          5.194
2894          5.198
2897          5.204
2899          5.208
2902          5.214
2905          5.218
2908          5.224
2910          5.228
2914          5.234
2917          5.239
2920          5.244
2923          5.249
2925          5.254
2928          5.258
2931          5.264
2933          5.268
2936          5.274
2939          5.278
2943          5.285
2946          5.289
2949          5.295
2951          5.299
2953          5.304
2957          5.309
2959          5.314
2962          5.319
2965          5.324
2968          5.329
2972          5.335
2974          5.34
2977          5.345
2980          5.35
2983          5.355
2985          5.359
2988          5.365
2991          5.369
2993          5.374
2996          5.379
3000          5.385
3002          5.39
3006          5.396
3008          5.4
3011          5.405
3013          5.414
3018          5.418
3021          5.424
3025          5.429
3028          5.434
3030          5.44
3034          5.445
3036          5.449
3039          5.455
3042          5.459
3045          5.465
3047          5.469
3050          5.474
3053          5.479
3056          5.484
3058          5.49
3062          5.495
3064          5.5
3068          5.505
3070          5.509
3073          5.515
3076          5.52
3079          5.525
3081          5.529
3085          5.535
3087          5.54
3090          5.546
3092          5.55
3096          5.556
3098          5.56
3102          5.566
3104          5.57
3107          5.576
3110          5.58
3113          5.585
3116          5.591
3118          5.596
3122          5.601
3124          5.606
3128          5.611
3130          5.616
3132          5.62
3136          5.626
3138          5.63
3141          5.636
3144          5.641
3147          5.646
3150          5.651
3152          5.656
3156          5.661
3158          5.666
3162          5.671
3164          5.676
3167          5.681
3170          5.686
3173          5.692
3176          5.697
3178          5.702
3182          5.708
3185          5.713
3188          5.718
3191          5.723
3193          5.728
3196          5.732
3199          5.737
3202          5.744
3204          5.748
3208          5.754
3210          5.758
3214          5.764
3216          5.768
3219          5.773
3222          5.778
3225          5.783
3227          5.788
3230          5.794
3233          5.798
3236          5.804
3238          5.808
3244          5.818
3248          5.823
3253          5.832
3255          5.837
3259          5.844
3261          5.848
3264          5.854
3267          5.858
3270          5.864
3272          5.868
3276          5.873
3278          5.878
3282          5.883
3284          5.888
3287          5.894
3290          5.899
3293          5.904
3296          5.909
3298          5.914
3301          5.918
3304          5.924
3306          5.928
3310          5.934
3312          5.938
3316          5.945
3319          5.949
3321          5.954
3324          5.959
3327          5.964
3330          5.969
3332          5.974
3334          5.978
3338          5.984
3340          5.988
3345          5.994
3347          5.999
3350          6.005
3353          6.01
3356          6.015
3358          6.02
3362          6.025
3364          6.03
3368          6.035
3370          6.039
3373          6.045
3375          6.05
3379          6.056
3381          6.06
3384          6.066
3387          6.07
3390          6.076
3392          6.08
3396          6.086
3398          6.09
3401          6.095
3405          6.101
3407          6.106
3410          6.111
3413          6.116
3416          6.121
3418          6.126
3422          6.131
3424          6.136
3426          6.14
3430          6.146
3433          6.151
3435          6.157
3439          6.161
3441          6.166
3444          6.171
3446          6.177
3450          6.181
3452          6.186
3456          6.191
3458          6.196
3461          6.202
3465          6.207
3469          6.216
3472          6.221
3475          6.226
3478          6.231
3480          6.236
3484          6.241
3486          6.246
3491          6.252
3493          6.257
3496          6.262
3498          6.267
3501          6.272
3504          6.277
3506          6.282
3510          6.287
3512          6.291
3516          6.297
3519          6.303
3521          6.308
3524          6.312
3527          6.317
3530          6.322
3532          6.327
3536          6.332
3538          6.337
3540          6.342
3544          6.347
3547          6.353
3550          6.358
3553          6.363
3555          6.368
3558          6.373
3561          6.378
3564          6.382
3566          6.387
3570          6.392
3572          6.397
3576          6.404
3578          6.408
3582          6.415
3584          6.42
3588          6.425
3590          6.43
3594          6.435
3596          6.44
3599          6.445
3602          6.449
3605          6.456
3607          6.46
3610          6.466
3613          6.47
3616          6.476
3618          6.48
3622          6.486
3624          6.49
3628          6.495
3630          6.5
3633          6.506
3636          6.51
3639          6.516
3641          6.52
3649          6.534
3652          6.538
3655          6.544
3657          6.548
3660          6.553
3664          6.559
3666          6.564
3669          6.569
3672          6.574
3675          6.579
3678          6.584
3681          6.589
3683          6.594
3686          6.599
3688          6.604
3692          6.61
3698          6.619
3700          6.624
3704          6.629
3706          6.634
3709          6.639
3711          6.644
3714          6.649
3717          6.654
3720          6.66
3724          6.666
3726          6.67
3730          6.675
3732          6.68
3735          6.685
3737          6.689
3740          6.695
3743          6.699
3746          6.705
3750          6.711
3752          6.716
3756          6.721
3758          6.726
3761          6.731
3763          6.736
3766          6.741
3769          6.746
3771          6.75
3775          6.756
3778          6.761
3780          6.766
3784          6.771
3786          6.776
3789          6.781
3792          6.786
3795          6.791
3797          6.796
3800          6.801
3803          6.806
3806          6.811
3810          6.817
3812          6.821
3814          6.826
3818          6.831
3820          6.837
3824          6.841
3826          6.847
3829          6.851
3831          6.856
3836          6.862
3838          6.867
3840          6.872
3844          6.877
3846          6.882
3849          6.887
3852          6.891
3855          6.897
3857          6.901
3860          6.907
3864          6.913
3866          6.918
3870          6.922
3872          6.927
3875          6.932
3878          6.937
3880          6.942
3883          6.947
3886          6.952
3889          6.957
3892          6.963
3895          6.968
3898          6.973
3900          6.978
3904          6.983
3906          6.988
3909          6.993
3912          6.998
3915          7.002
3917          7.007
3923          7.017
3926          7.023
3928          7.028
3932          7.033
3934          7.038
3938          7.042
3940          7.048
3944          7.052
3946          7.057
3949          7.064
3951          7.068
3954          7.074
3957          7.078
3960          7.084
3962          7.088
3966          7.093
3968          7.098
3972          7.103
3974          7.108
3977          7.113
3980          7.119
3983          7.124
3985          7.128
3988          7.134
3991          7.138
3994          7.144
3996          7.148
4000          7.154
4002          7.158
4006          7.163
4009          7.169
4011          7.174
4014          7.179
4017          7.184
4019          7.188
4022          7.194
4025          7.198
4028          7.204
4030          7.208
4034          7.214
4037          7.219
4041          7.225
4043          7.229
4046          7.235
4048          7.239
4051          7.244
4054          7.249
4056          7.254
4060          7.259
4062          7.264
4066          7.27
4069          7.275
4071          7.28
4074          7.285
4077          7.29
4080          7.295
4082          7.299
4086          7.305
4088          7.309
4092          7.315
4094          7.32
4097          7.326
4099          7.33
4103          7.336
4105          7.34
4108          7.345
4111          7.35
4114          7.355
4116          7.36
4120          7.365
4122          7.37
4125          7.376
4128          7.38
4131          7.386
4134          7.39
4137          7.396
4139          7.4
4142          7.405
4144          7.41
4150          7.42
4154          7.426
4156          7.43
4160          7.436
4162          7.44
4165          7.446
4167          7.45
4170          7.456
4173          7.46
4176          7.466
4180          7.471
4182          7.476
4186          7.481
4188          7.486
4190          7.491
4193          7.496
4196          7.501
4199          7.506
4201          7.51
4205          7.516
4208          7.521
4210          7.526
4214          7.531
4216          7.536
4219          7.541
4222          7.546
4225          7.551
4227          7.556
4230          7.561
4233          7.566
4236          7.572
4240          7.577
4242          7.581
4244          7.587
4248          7.591
4250          7.596
4253          7.601
4256          7.606
4259          7.611
4261          7.616
4264          7.621
4268          7.627
4271          7.632
4274          7.637
4276          7.642
4279          7.647
4282          7.651
4285          7.657
4287          7.661
4289          7.667
4294          7.671
4296          7.678
4300          7.683
4302          7.687
4305          7.692
4308          7.697
4310          7.702
4313          7.708
4316          7.713
4319          7.718
4322          7.723
4326          7.729
4328          7.734
4331          7.739
4334          7.744
4336          7.748
4339          7.754
4341          7.758
4345          7.764
4347          7.768
4352          7.774
4354          7.779
4356          7.784
4360          7.789
4362          7.794
4365          7.799
4367          7.804
4371          7.809
4373          7.814
4378          7.823
4382          7.829
4386          7.835
4388          7.839
4391          7.845
4393          7.849
4397          7.855
4399          7.859
4404          7.867
4409          7.878
4412          7.883
4415          7.888
4418          7.894
4420          7.898
4424          7.903
4426          7.908
4430          7.913
4432          7.918
4435          7.923
4438          7.929
4441          7.934
4444          7.939
4446          7.944
4449          7.948
4452          7.954
4454          7.958
4458          7.964
4460          7.968
4463          7.974
4467          7.979
4469          7.984
4472          7.989
4475          7.994
4478          7.999
4480          8.004
