0          0.018
0          0.023
0          0.031
-1          0.036
-1          0.041
-3          0.049
-4          0.055
-5          0.06
-7          0.065
-9          0.072
-11          0.078
-12          0.083
-14          0.088
-17          0.096
-19          0.1
-21          0.106
-23          0.11
-25          0.117
-27          0.122
-30          0.128
-33          0.134
-35          0.139
-38          0.146
-40          0.15
-43          0.157
-45          0.162
-49          0.168
-51          0.176
-55          0.18
-57          0.186
-59          0.19
-63          0.197
-65          0.202
-69          0.208
-71          0.215
-73          0.219
-78          0.226
-82          0.235
-86          0.242
-89          0.248
-91          0.253
-95          0.258
-97          0.266
-101          0.27
-104          0.276
-107          0.281
-110          0.288
-112          0.293
-115          0.298
-119          0.304
-121          0.309
-124          0.316
-127          0.32
-131          0.327
-133          0.332
-137          0.338
-140          0.344
-142          0.349
-147          0.356
-149          0.36
-152          0.367
-156          0.374
-158          0.379
-161          0.385
-163          0.389
-168          0.396
-170          0.4
-173          0.406
-175          0.411
-179          0.416
-181          0.421
-184          0.426
-186          0.431
-189          0.437
-191          0.441
-195          0.448
-198          0.452
-200          0.458
-203          0.462
-205          0.468
-209          0.472
-211          0.478
-214          0.482
-216          0.488
-219          0.492
-223          0.499
-226          0.504
-228          0.509
-231          0.514
-233          0.519
-237          0.525
-239          0.529
-242          0.535
-244          0.539
-247          0.545
-251          0.55
-253          0.556
-256          0.56
-259          0.566
-261          0.57
-265          0.576
-267          0.58
-270          0.586
-272          0.59
-275          0.596
-277          0.602
-281          0.607
-283          0.612
-286          0.617
-289          0.622
-291          0.628
-297          0.637
-299          0.642
-303          0.647
-307          0.654
-309          0.659
-312          0.665
-314          0.669
-317          0.675
-319          0.68
-323          0.685
-325          0.69
-328          0.695
-331          0.701
-335          0.706
-337          0.711
-340          0.716
-342          0.721
-345          0.726
-348          0.731
-351          0.737
-353          0.741
-356          0.747
-359          0.752
-362          0.758
-365          0.762
-367          0.768
-370          0.772
-373          0.778
-376          0.782
-378          0.788
-381          0.792
-384          0.798
-387          0.804
-389          0.809
-393          0.814
-395          0.819
-398          0.824
-401          0.829
-404          0.834
-406          0.839
-409          0.844
-411          0.849
-415          0.855
-418          0.86
-421          0.866
-423          0.871
-427          0.876
-429          0.881
-432          0.886
-434          0.891
-437          0.896
-439          0.901
-443          0.907
-445          0.912
-448          0.918
-451          0.922
-453          0.927
-457          0.932
-459          0.938
-462          0.942
-464          0.948
-467          0.953
-471          0.958
-473          0.963
-476          0.968
-478          0.973
-481          0.978
-485          0.983
-487          0.989
-490          0.993
-492          0.999
-495          1.005
-497          1.01
-501          1.015
-504          1.02
-506          1.025
-509          1.03
-514          1.039
-517          1.045
-519          1.049
-523          1.056
-526          1.061
-529          1.066
-531          1.072
-534          1.077
-536          1.082
-539          1.087
-542          1.092
-545          1.097
-547          1.102
-551          1.108
-553          1.113
-557          1.118
-559          1.123
-562          1.128
-565          1.133
-568          1.138
-570          1.143
-573          1.148
-575          1.153
-579          1.159
-581          1.165
-584          1.169
-587          1.175
-589          1.179
-593          1.185
-597          1.193
-600          1.198
-603          1.203
-605          1.209
-609          1.215
-611          1.22
-614          1.225
-616          1.23
-619          1.235
-622          1.24
-625          1.245
-627          1.25
-630          1.255
-633          1.261
-637          1.267
-639          1.271
-642          1.277
-644          1.282
-647          1.287
-650          1.292
-653          1.297
-655          1.302
-659          1.307
-661          1.312
-664          1.318
-667          1.322
-669          1.328
-673          1.332
-675          1.338
-678          1.343
-681          1.348
-683          1.353
-687          1.358
-690          1.364
-692          1.369
-695          1.374
-697          1.379
-701          1.384
-703          1.389
-706          1.394
-708          1.399
-711          1.405
-715          1.41
-718          1.416
-720          1.421
-723          1.426
-725          1.431
-731          1.44
-733          1.445
-736          1.45
-739          1.456
-741          1.462
-745          1.467
-747          1.472
-750          1.477
-752          1.482
-755          1.487
-759          1.492
-761          1.498
-764          1.502
-766          1.508
-769          1.513
-773          1.519
-776          1.523
-778          1.529
-781          1.533
-783          1.539
-787          1.543
-789          1.549
-792          1.553
-794          1.559
-797          1.565
-800          1.57
-803          1.575
-806          1.58
-809          1.585
-813          1.592
-815          1.598
-818          1.603
-820          1.608
-825          1.614
-827          1.619
-830          1.624
-832          1.629
-835          1.634
-837          1.639
-841          1.645
-846          1.654
-848          1.659
-851          1.666
-855          1.67
-857          1.676
-860          1.68
-863          1.686
-865          1.69
-869          1.696
-871          1.7
-873          1.706
-876          1.71
-880          1.717
-882          1.722
-885          1.727
-887          1.732
-891          1.737
-893          1.742
-896          1.747
-898          1.752
-901          1.757
-903          1.762
-908          1.768
-910          1.773
-913          1.778
-915          1.783
-918          1.788
-921          1.793
-924          1.798
-926          1.803
-929          1.808
-931          1.813
-935          1.819
-938          1.825
-940          1.829
-944          1.838
-949          1.843
-951          1.849
-954          1.854
-956          1.859
-959          1.865
-963          1.87
-966          1.876
-968          1.881
-971          1.886
-973          1.891
-977          1.896
-979          1.901
-982          1.906
-984          1.911
-987          1.917
-991          1.922
-993          1.928
-996          1.932
-998          1.938
-1001          1.942
-1004          1.948
-1007          1.952
-1009          1.958
-1012          1.962
-1015          1.968
-1019          1.973
-1021          1.979
-1024          1.983
-1027          1.989
-1029          1.993
-1032          1.999
-1035          2.004
-1038          2.011
-1041          2.016
-1043          2.022
-1047          2.027
-1049          2.032
-1052          2.038
-1055          2.042
-1058          2.048
-1061          2.052
-1063          2.058
-1066          2.062
-1069          2.068
-1073          2.075
-1075          2.08
-1078          2.085
-1080          2.09
-1083          2.095
-1085          2.1
-1089          2.105
-1092          2.11
-1094          2.115
-1097          2.12
-1101          2.127
-1103          2.131
-1106          2.137
-1108          2.141
-1111          2.147
-1113          2.151
-1117          2.157
-1119          2.161
-1123          2.167
-1125          2.172
-1129          2.178
-1131          2.183
-1133          2.188
-1136          2.193
-1139          2.198
-1142          2.203
-1145          2.208
-1147          2.213
-1151          2.218
-1158          2.232
-1162          2.242
-1165          2.248
-1169          2.252
-1171          2.258
-1174          2.262
-1176          2.268
-1179          2.272
-1183          2.279
-1186          2.284
-1188          2.289
-1191          2.294
-1194          2.299
-1197          2.304
-1199          2.309
-1202          2.314
-1205          2.319
-1207          2.324
-1211          2.33
-1213          2.336
-1216          2.34
-1219          2.346
-1222          2.35
-1225          2.356
-1227          2.36
-1230          2.366
-1233          2.37
-1236          2.377
-1238          2.382
-1241          2.387
-1243          2.392
-1247          2.397
-1249          2.402
-1252          2.407
-1254          2.412
-1257          2.417
-1259          2.422
-1264          2.428
-1266          2.433
-1269          2.438
-1271          2.443
-1275          2.448
-1277          2.453
-1280          2.458
-1282          2.463
-1285          2.468
-1287          2.473
-1291          2.48
-1294          2.485
-1296          2.49
-1299          2.495
-1301          2.5
-1305          2.505
-1307          2.51
-1310          2.515
-1313          2.52
-1315          2.525
-1319          2.531
-1322          2.537
-1324          2.541
-1327          2.547
-1329          2.551
-1333          2.557
-1335          2.562
-1338          2.567
-1341          2.572
-1344          2.577
-1347          2.582
-1349          2.588
-1352          2.592
-1355          2.598
-1358          2.603
-1361          2.608
-1363          2.613
-1365          2.618
-1369          2.623
-1371          2.628
-1375          2.634
-1379          2.643
-1383          2.648
-1385          2.653
-1388          2.659
-1391          2.663
-1393          2.669
-1397          2.673
-1399          2.679
-1402          2.685
-1405          2.69
-1407          2.696
-1411          2.7
-1413          2.706
-1416          2.71
-1419          2.716
-1421          2.72
-1425          2.726
-1427          2.73
-1430          2.737
-1432          2.742
-1435          2.747
-1437          2.752
-1441          2.757
-1443          2.762
-1446          2.767
-1448          2.772
-1451          2.777
-1455          2.783
-1458          2.788
-1460          2.793
-1463          2.798
-1465          2.803
-1469          2.808
-1471          2.813
-1474          2.818
-1476          2.823
-1479          2.828
-1483          2.835
-1485          2.84
-1488          2.845
-1490          2.85
-1493          2.855
-1496          2.86
-1499          2.865
-1501          2.87
-1505          2.875
-1507          2.88
-1511          2.886
-1513          2.891
-1516          2.896
-1518          2.901
-1521          2.906
-1524          2.911
-1527          2.916
-1529          2.921
-1533          2.926
-1535          2.931
-1538          2.938
-1541          2.942
-1543          2.948
-1547          2.952
-1549          2.958
-1552          2.963
-1554          2.968
-1557          2.973
-1559          2.978
-1563          2.983
-1566          2.989
-1569          2.994
-1571          2.999
-1575          3.003
-1577          3.009
-1580          3.013
-1582          3.019
-1585          3.024
-1587          3.029
-1591          3.034
-1596          3.045
-1598          3.049
-1601          3.055
-1604          3.06
-1607          3.065
-1610          3.071
-1613          3.077
-1615          3.081
-1619          3.087
-1622          3.092
-1624          3.098
-1627          3.102
-1629          3.108
-1633          3.112
-1635          3.118
-1638          3.122
-1640          3.128
-1643          3.132
-1646          3.138
-1650          3.144
-1652          3.149
-1655          3.155
-1659          3.16
-1661          3.165
-1664          3.17
-1666          3.175
-1669          3.18
-1672          3.185
-1675          3.191
-1678          3.197
-1680          3.201
-1683          3.207
-1685          3.212
-1689          3.217
-1691          3.222
-1694          3.227
-1697          3.232
-1700          3.237
-1703          3.242
-1705          3.248
-1708          3.252
-1711          3.258
-1713          3.263
-1716          3.268
-1719          3.273
-1721          3.278
-1725          3.283
-1727          3.288
-1731          3.294
-1733          3.299
-1736          3.304
-1739          3.309
-1742          3.314
-1744          3.319
-1747          3.325
-1749          3.329
-1753          3.335
-1755          3.339
-1759          3.346
-1761          3.35
-1765          3.356
-1767          3.36
-1769          3.366
-1772          3.37
-1775          3.376
-1777          3.381
-1781          3.386
-1783          3.391
-1786          3.397
-1788          3.402
-1791          3.407
-1793          3.412
-1797          3.417
-1799          3.422
-1802          3.427
-1804          3.432
-1807          3.438
-1813          3.448
-1816          3.452
-1819          3.458
-1822          3.463
-1825          3.468
-1827          3.473
-1830          3.478
-1832          3.483
-1835          3.488
-1838          3.493
-1841          3.499
-1844          3.505
-1847          3.509
-1850          3.515
-1852          3.519
-1855          3.525
-1857          3.529
-1861          3.535
-1863          3.54
-1866          3.545
-1869          3.551
-1873          3.556
-1875          3.561
-1878          3.566
-1880          3.571
-1883          3.576
-1885          3.581
-1889          3.587
-1891          3.591
-1894          3.598
-1897          3.602
-1899          3.608
-1903          3.612
-1905          3.618
-1908          3.623
-1910          3.628
-1913          3.633
-1915          3.638
-1919          3.643
-1922          3.649
-1925          3.655
-1927          3.659
-1931          3.665
-1933          3.669
-1936          3.675
-1938          3.68
-1941          3.685
-1943          3.69
-1947          3.695
-1950          3.701
-1953          3.706
-1955          3.711
-1959          3.716
-1961          3.721
-1964          3.727
-1966          3.731
-1969          3.737
-1971          3.742
-1975          3.747
-1978          3.752
-1980          3.758
-1983          3.762
-1985          3.768
-1989          3.772
-1991          3.778
-1994          3.782
-1997          3.788
-1999          3.793
-2003          3.798
-2006          3.804
-2008          3.809
-2011          3.814
-2013          3.819
-2017          3.825
-2019          3.829
-2022          3.834
-2025          3.839
-2030          3.848
-2033          3.855
-2035          3.86
-2039          3.865
-2042          3.87
-2044          3.876
-2047          3.88
-2049          3.886
-2053          3.89
-2055          3.896
-2058          3.9
-2061          3.907
-2063          3.911
-2067          3.917
-2069          3.922
-2072          3.927
-2074          3.932
-2077          3.937
-2079          3.942
-2083          3.947
-2086          3.952
-2088          3.958
-2091          3.963
-2093          3.968
-2097          3.973
-2100          3.978
-2102          3.983
-2105          3.988
-2107          3.993
-2111          3.998
-2114          4.005
-2116          4.009
-2119          4.015
-2121          4.019
-2125          4.025
-2127          4.029
-2130          4.035
-2132          4.04
-2135          4.045
-2137          4.05
-2142          4.056
-2144          4.061
-2147          4.066
-2149          4.072
-2153          4.077
-2155          4.082
-2158          4.087
-2160          4.092
-2163          4.098
-2167          4.102
-2170          4.108
-2172          4.113
-2175          4.118
-2177          4.123
-2181          4.128
-2183          4.133
-2186          4.138
-2188          4.143
-2191          4.148
-2193          4.153
-2197          4.159
-2200          4.165
-2203          4.17
-2206          4.175
-2208          4.18
-2211          4.185
-2213          4.19
-2216          4.195
-2219          4.2
-2222          4.205
-2225          4.211
-2228          4.217
-2231          4.221
-2235          4.227
-2237          4.233
-2240          4.238
-2245          4.248
-2248          4.252
-2251          4.259
-2254          4.264
-2256          4.269
-2259          4.274
-2261          4.279
-2269          4.292
-2271          4.298
-2275          4.302
-2278          4.308
-2281          4.313
-2283          4.319
-2286          4.323
-2289          4.329
-2292          4.333
-2294          4.339
-2297          4.344
-2299          4.349
-2303          4.354
-2306          4.36
-2308          4.365
-2311          4.37
-2313          4.375
-2317          4.38
-2319          4.386
-2322          4.39
-2324          4.396
-2327          4.4
-2329          4.406
-2333          4.412
-2336          4.417
-2338          4.422
-2341          4.427
-2343          4.432
-2347          4.437
-2349          4.442
-2352          4.447
-2354          4.452
-2357          4.457
-2361          4.463
-2364          4.468
-2366          4.473
-2369          4.478
-2372          4.483
-2375          4.488
-2377          4.493
-2380          4.498
-2383          4.503
-2385          4.508
-2389          4.515
-2391          4.519
-2394          4.525
-2397          4.529
-2399          4.535
-2402          4.539
-2405          4.545
-2407          4.55
-2410          4.555
-2413          4.56
-2417          4.566
-2419          4.571
-2422          4.576
-2425          4.581
-2428          4.586
-2430          4.591
-2433          4.596
-2435          4.601
-2439          4.606
-2441          4.611
-2444          4.617
-2446          4.622
-2449          4.627
-2453          4.632
-2455          4.638
-2460          4.642
-2462          4.652
-2465          4.657
-2467          4.662
-2472          4.668
-2474          4.673
-2477          4.678
-2479          4.683
-2483          4.688
-2485          4.693
-2488          4.699
-2491          4.703
-2493          4.709
-2497          4.713
-2499          4.72
-2502          4.725
-2504          4.73
-2507          4.735
-2509          4.74
-2513          4.745
-2515          4.75
-2518          4.755
-2521          4.76
-2525          4.766
-2527          4.771
-2530          4.777
-2532          4.781
-2535          4.787
-2537          4.791
-2541          4.797
-2543          4.802
-2546          4.807
-2548          4.812
-2551          4.818
-2555          4.823
-2557          4.828
-2560          4.833
-2563          4.838
-2565          4.843
-2569          4.848
-2571          4.853
-2574          4.858
-2576          4.863
-2579          4.869
-2583          4.874
-2585          4.879
-2588          4.885
-2590          4.889
-2593          4.895
-2595          4.9
-2599          4.905
-2601          4.91
-2604          4.915
-2607          4.921
-2611          4.926
-2613          4.931
-2616          4.937
-2618          4.941
-2621          4.947
-2623          4.951
-2627          4.957
-2629          4.961
-2632          4.967
-2635          4.972
-2638          4.978
-2641          4.982
-2643          4.988
-2646          4.992
-2648          4.998
-2651          5.002
-2654          5.008
-2657          5.012
-2659          5.018
-2663          5.024
-2665          5.029
-2669          5.034
-2671          5.039
-2675          5.047
-2679          5.053
-2682          5.058
-2684          5.063
-2688          5.07
-2691          5.076
-2693          5.081
-2697          5.086
-2699          5.091
-2702          5.096
-2705          5.101
-2708          5.107
-2710          5.111
-2713          5.117
-2716          5.122
-2718          5.128
-2721          5.132
-2724          5.138
-2727          5.142
-2729          5.148
-2733          5.152
-2735          5.158
-2738          5.163
-2740          5.168
-2744          5.174
-2747          5.179
-2749          5.185
-2752          5.19
-2755          5.195
-2758          5.2
-2761          5.205
-2763          5.21
-2766          5.215
-2769          5.22
-2772          5.227
-2775          5.231
-2778          5.237
-2780          5.242
-2783          5.247
-2785          5.252
-2789          5.257
-2791          5.262
-2794          5.267
-2796          5.272
-2801          5.278
-2803          5.283
-2806          5.288
-2808          5.293
-2811          5.298
-2813          5.303
-2817          5.308
-2819          5.313
-2822          5.318
-2824          5.323
-2827          5.329
-2831          5.335
-2833          5.339
-2836          5.345
-2838          5.349
-2841          5.355
-2843          5.359
-2847          5.365
-2849          5.369
-2852          5.375
-2855          5.38
-2859          5.386
-2861          5.39
-2863          5.396
-2866          5.4
-2869          5.406
-2871          5.41
-2875          5.416
-2877          5.421
-2882          5.431
-2887          5.44
-2893          5.45
-2896          5.457
-2899          5.462
-2902          5.468
-2905          5.473
-2908          5.479
-2911          5.485
-2913          5.489
-2917          5.495
-2919          5.499
-2922          5.505
-2924          5.509
-2927          5.515
-2929          5.519
-2933          5.525
-2936          5.531
-2939          5.536
-2941          5.541
-2945          5.547
-2947          5.551
-2950          5.557
-2952          5.561
-2955          5.567
-2957          5.571
-2961          5.577
-2964          5.582
-2966          5.588
-2969          5.592
-2973          5.598
-2975          5.603
-2978          5.608
-2980          5.613
-2983          5.618
-2986          5.623
-2989          5.628
-2992          5.634
-2994          5.639
-2997          5.644
-3000          5.649
-3003          5.654
-3006          5.66
-3008          5.666
-3011          5.67
-3015          5.676
-3017          5.682
-3020          5.687
-3022          5.692
-3025          5.697
-3027          5.702
-3031          5.707
-3033          5.712
-3036          5.718
-3039          5.722
-3042          5.728
-3045          5.733
-3048          5.738
-3050          5.743
-3053          5.748
-3055          5.753
-3059          5.758
-3061          5.763
-3064          5.768
-3067          5.773
-3070          5.778
-3073          5.785
-3075          5.79
-3078          5.795
-3081          5.8
-3083          5.805
-3086          5.81
-3089          5.815
-3091          5.82
-3095          5.825
-3097          5.83
-3101          5.836
-3103          5.841
-3108          5.85
-3111          5.856
-3114          5.86
-3117          5.866
-3119          5.871
-3122          5.876
-3125          5.881
-3128          5.887
-3130          5.892
-3133          5.898
-3137          5.902
-3139          5.908
-3142          5.912
-3144          5.918
-3147          5.922
-3149          5.928
-3153          5.932
-3156          5.939
-3159          5.943
-3161          5.949
-3165          5.953
-3167          5.959
-3170          5.963
-3172          5.969
-3175          5.974
-3177          5.979
-3181          5.983
-3183          5.99
-3186          5.995
-3188          6.0
-3191          6.005
-3193          6.01
-3197          6.015
-3200          6.02
-3202          6.025
-3205          6.03
-3207          6.035
-3211          6.041
-3214          6.046
-3216          6.051
-3219          6.057
-3221          6.061
-3225          6.067
-3228          6.072
-3230          6.078
-3233          6.082
-3237          6.089
-3240          6.094
-3242          6.099
-3245          6.104
-3247          6.109
-3251          6.114
-3253          6.119
-3256          6.124
-3258          6.129
-3261          6.133
-3265          6.14
-3267          6.146
-3270          6.15
-3272          6.156
-3275          6.16
-3277          6.166
-3281          6.17
-3283          6.176
-3286          6.18
-3288          6.186
-3293          6.195
-3297          6.2
-3299          6.205
-3302          6.21
-3304          6.215
-3307          6.22
-3310          6.225
-3313          6.23
-3315          6.235
-3318          6.24
-3323          6.247
-3327          6.256
-3329          6.261
-3332          6.266
-3335          6.271
-3337          6.277
-3340          6.281
-3343          6.287
-3347          6.295
-3349          6.299
-3353          6.305
-3355          6.309
-3358          6.315
-3360          6.319
-3363          6.325
-3365          6.33
-3369          6.335
-3371          6.34
-3375          6.346
-3377          6.351
-3381          6.356
-3387          6.369
-3390          6.373
-3393          6.379
-3396          6.384
-3398          6.389
-3401          6.395
-3404          6.4
-3407          6.405
-3409          6.41
-3412          6.415
-3415          6.42
-3417          6.425
-3421          6.43
-3423          6.436
-3426          6.44
-3429          6.447
-3431          6.451
-3435          6.457
-3437          6.462
-3440          6.467
-3442          6.472
-3445          6.477
-3447          6.482
-3451          6.487
-3453          6.492
-3457          6.498
-3459          6.503
-3462          6.508
-3465          6.513
-3468          6.518
-3470          6.523
-3473          6.528
-3475          6.533
-3479          6.538
-3481          6.543
-3484          6.549
-3487          6.554
-3489          6.559
-3493          6.565
-3495          6.569
-3498          6.575
-3500          6.579
-3503          6.585
-3505          6.589
-3509          6.595
-3512          6.6
-3514          6.606
-3517          6.61
-3521          6.616
-3523          6.621
-3529          6.628
-3531          6.638
-3535          6.642
-3539          6.652
-3544          6.661
-3547          6.667
-3549          6.671
-3553          6.677
-3556          6.682
-3559          6.69
-3563          6.695
-3566          6.701
-3569          6.706
-3573          6.713
-3575          6.719
-3579          6.724
-3581          6.729
-3584          6.735
-3588          6.742
-3591          6.748
-3594          6.753
-3597          6.758
-3599          6.763
-3602          6.768
-3604          6.773
-3607          6.778
-3610          6.783
-3613          6.788
-3615          6.793
-3619          6.799
-3622          6.805
-3624          6.81
-3627          6.815
-3629          6.82
-3632          6.825
-3635          6.83
-3638          6.835
-3640          6.84
-3643          6.845
-3647          6.85
-3649          6.857
-3652          6.861
-3655          6.867
-3657          6.871
-3661          6.877
-3663          6.881
-3666          6.887
-3668          6.891
-3671          6.897
-3674          6.902
-3677          6.908
-3680          6.912
-3682          6.918
-3685          6.922
-3687          6.928
-3691          6.932
-3693          6.938
-3696          6.942
-3698          6.948
-3702          6.954
-3705          6.959
-3708          6.964
-3710          6.969
-3713          6.974
-3715          6.979
-3719          6.984
-3721          6.989
-3724          6.995
-3726          6.999
-3729          7.006
-3733          7.01
-3735          7.016
-3738          7.02
-3740          7.025
-3743          7.03
-3745          7.035
-3749          7.04
-3751          7.046
-3756          7.056
-3759          7.06
-3763          7.066
-3765          7.072
-3768          7.077
-3770          7.082
-3773          7.087
-3775          7.092
-3779          7.098
-3782          7.102
-3785          7.108
-3787          7.113
-3791          7.118
-3793          7.123
-3796          7.128
-3798          7.133
-3801          7.138
-3803          7.143
-3807          7.148
-3809          7.153
-3812          7.16
-3815          7.165
-3817          7.17
-3821          7.175
-3823          7.18
-3826          7.185
-3828          7.19
-3831          7.195
-3834          7.2
-3837          7.205
-3840          7.211
-3843          7.217
-3845          7.221
-3849          7.227
-3851          7.231
-3854          7.237
-3856          7.242
-3859          7.247
-3861          7.252
-3865          7.258
-3868          7.262
-3870          7.268
-3873          7.272
-3875          7.278
-3879          7.283
-3881          7.288
-3884          7.293
-3887          7.298
-3889          7.303
-3893          7.309
-3896          7.315
-3898          7.319
-3901          7.325
-3903          7.329
-3907          7.335
-3909          7.339
-3912          7.345
-3914          7.349
-3917          7.355
-3921          7.36
-3924          7.366
-3926          7.371
-3929          7.376
-3931          7.381
-3935          7.386
-3937          7.391
-3940          7.397
-3942          7.401
-3945          7.406
-3949          7.412
-3951          7.418
-3954          7.422
-3956          7.428
-3959          7.432
-3962          7.438
-3965          7.442
-3967          7.448
-3973          7.457
-3976          7.463
-3979          7.468
-3981          7.473
-3984          7.478
-3986          7.483
-3989          7.488
-3992          7.493
-3995          7.498
-3997          7.503
-4001          7.508
-4004          7.515
-4006          7.52
-4009          7.525
-4011          7.53
-4014          7.535
-4017          7.54
-4020          7.545
-4022          7.55
-4025          7.555
-4027          7.56
-4031          7.566
-4034          7.571
-4037          7.577
-4039          7.581
-4043          7.587
-4045          7.591
-4048          7.597
-4050          7.601
-4053          7.607
-4055          7.611
-4059          7.618
-4062          7.622
-4064          7.628
-4067          7.632
-4070          7.638
-4073          7.643
-4076          7.648
-4078          7.653
-4081          7.658
-4084          7.663
-4087          7.669
-4090          7.674
-4092          7.679
-4095          7.684
-4097          7.689
-4101          7.694
-4103          7.699
-4106          7.705
-4108          7.709
-4111          7.715
-4115          7.72
-4117          7.726
-4120          7.73
-4122          7.736
-4125          7.74
-4127          7.746
-4131          7.75
-4134          7.756
-4136          7.76
-4139          7.767
-4141          7.772
-4145          7.777
-4147          7.782
-4150          7.787
-4152          7.792
-4155          7.797
-4157          7.802
-4161          7.807
-4163          7.812
-4167          7.818
-4169          7.823
-4173          7.828
-4175          7.833
-4178          7.838
-4180          7.843
-4183          7.848
-4187          7.858
-4191          7.862
-4194          7.869
-4197          7.874
-4199          7.879
-4203          7.885
-4205          7.889
-4208          7.895
-4210          7.9
-4213          7.905
-4216          7.91
-4219          7.915
-4222          7.921
-4225          7.926
-4227          7.931
-4231          7.937
-4233          7.941
-4236          7.947
-4238          7.951
-4241          7.957
-4243          7.961
-4247          7.967
-4250          7.972
-4252          7.978
-4255          7.982
-4257          7.988
-4261          7.992
-4263          7.998
-4266          8.003
