0          0.023
0          0.03
0          0.037
0          0.041
0          0.048
0          0.053
0          0.059
0          0.063
0          0.07
0          0.077
-1          0.081
-1          0.088
-1          0.092
-1          0.099
-2          0.104
-2          0.11
-2          0.116
-2          0.121
-2          0.128
-3          0.132
-3          0.139
-3          0.143
-4          0.15
-4          0.156
-4          0.161
-4          0.168
-5          0.172
-5          0.179
-5          0.183
-6          0.189
-6          0.194
-6          0.201
-6          0.207
-7          0.212
-7          0.219
-8          0.225
-8          0.231
-8          0.235
-8          0.241
-9          0.247
-9          0.251
-9          0.258
-10          0.263
-10          0.269
-10          0.274
-10          0.28
-11          0.29
-12          0.297
-12          0.302
-12          0.308
-12          0.312
-13          0.321
-13          0.326
-13          0.331
-14          0.338
-14          0.342
-14          0.349
-14          0.353
-15          0.36
-15          0.365
-16          0.37
-16          0.375
-16          0.38
-16          0.385
-17          0.391
-17          0.395
-17          0.401
-18          0.405
-18          0.411
-18          0.417
-18          0.421
-19          0.427
-19          0.431
-20          0.437
-20          0.441
-20          0.447
-20          0.452
-20          0.459
-21          0.463
-21          0.469
-22          0.473
-22          0.479
-22          0.483
-22          0.489
-22          0.493
-23          0.499
-23          0.503
-24          0.51
-24          0.514
-24          0.52
-24          0.525
-24          0.53
-25          0.534
-25          0.54
-26          0.544
-26          0.55
-26          0.555
-26          0.561
-27          0.566
-27          0.571
-27          0.576
-28          0.581
-28          0.587
-28          0.591
-28          0.597
-28          0.601
-29          0.607
-29          0.612
-30          0.618
-30          0.622
-30          0.628
-30          0.633
-31          0.638
-31          0.643
-31          0.648
-32          0.653
-32          0.658
-32          0.664
-32          0.669
-33          0.674
-33          0.679
-33          0.684
-34          0.693
-34          0.699
-34          0.703
-34          0.709
-35          0.715
-35          0.72
-36          0.725
-36          0.73
-36          0.735
-36          0.74
-37          0.745
-37          0.75
-37          0.755
-38          0.76
-38          0.767
-38          0.771
-38          0.777
-39          0.781
-39          0.787
-39          0.791
-40          0.797
-40          0.801
-40          0.807
-40          0.812
-41          0.818
-41          0.823
-42          0.828
-42          0.833
-42          0.839
-42          0.843
-42          0.849
-43          0.853
-43          0.859
-44          0.863
-44          0.87
-44          0.875
-44          0.88
-44          0.885
-45          0.89
-45          0.895
-46          0.9
-46          0.905
-46          0.91
-46          0.916
-47          0.921
-47          0.926
-47          0.931
-48          0.936
-48          0.941
-48          0.946
-48          0.951
-49          0.956
-49          0.961
-49          0.967
-50          0.972
-50          0.978
-50          0.982
-50          0.988
-51          0.993
-51          0.998
-51          1.003
-52          1.008
-52          1.013
-52          1.019
-52          1.023
-53          1.029
-53          1.033
-53          1.039
-54          1.043
-54          1.049
-54          1.054
-54          1.059
-55          1.064
-55          1.07
-56          1.075
-56          1.08
-56          1.085
-56          1.094
-57          1.099
-57          1.104
-57          1.11
-58          1.114
-58          1.121
-58          1.126
-58          1.131
-59          1.136
-59          1.141
-59          1.146
-60          1.151
-60          1.156
-60          1.161
-60          1.166
-61          1.172
-61          1.178
-62          1.182
-62          1.188
-62          1.192
-62          1.198
-62          1.202
-63          1.208
-63          1.212
-64          1.218
-64          1.223
-64          1.229
-64          1.233
-65          1.239
-65          1.244
-65          1.249
-66          1.254
-66          1.259
-66          1.264
-66          1.269
-67          1.275
-67          1.28
-67          1.285
-68          1.29
-68          1.295
-68          1.3
-68          1.305
-69          1.31
-69          1.315
-70          1.321
-70          1.327
-70          1.332
-70          1.337
-70          1.342
-71          1.347
-71          1.352
-72          1.357
-72          1.362
-72          1.368
-72          1.373
-73          1.379
-73          1.383
-73          1.389
-74          1.393
-74          1.399
-74          1.403
-74          1.409
-74          1.413
-75          1.419
-75          1.424
-76          1.43
-76          1.434
-76          1.44
-76          1.444
-76          1.45
-77          1.454
-77          1.46
-78          1.465
-78          1.471
-78          1.477
-78          1.482
-79          1.487
-79          1.496
-80          1.501
-80          1.507
-80          1.511
-80          1.517
-81          1.522
-81          1.529
-81          1.533
-82          1.538
-82          1.543
-82          1.548
-82          1.553
-83          1.558
-83          1.563
-83          1.568
-84          1.573
-84          1.579
-84          1.584
-84          1.59
-85          1.594
-85          1.6
-85          1.604
-86          1.61
-86          1.614
-86          1.62
-86          1.624
-87          1.631
-87          1.636
-88          1.641
-88          1.646
-88          1.651
-88          1.656
-88          1.661
-89          1.666
-89          1.671
-90          1.676
-90          1.682
-90          1.687
-90          1.692
-90          1.697
-91          1.702
-91          1.708
-92          1.712
-92          1.718
-92          1.722
-92          1.728
-92          1.733
-93          1.739
-93          1.743
-94          1.749
-94          1.753
-94          1.759
-94          1.763
-94          1.769
-95          1.774
-95          1.78
-96          1.785
-96          1.79
-96          1.795
-96          1.8
-96          1.805
-97          1.81
-97          1.815
-98          1.82
-98          1.825
-98          1.831
-98          1.837
-98          1.841
-99          1.847
-99          1.851
-100          1.857
-100          1.861
-100          1.867
-100          1.871
-100          1.877
-101          1.882
-101          1.888
-102          1.897
-102          1.902
-102          1.908
-103          1.912
-103          1.918
-103          1.922
-104          1.928
-104          1.934
-104          1.939
-104          1.944
-105          1.949
-105          1.954
-105          1.959
-106          1.964
-106          1.969
-106          1.974
-106          1.979
-107          1.985
-107          1.99
-107          1.995
-108          2.0
-108          2.005
-108          2.012
-108          2.018
-109          2.022
-109          2.028
-110          2.032
-110          2.039
-110          2.043
-110          2.049
-110          2.053
-111          2.059
-111          2.063
-112          2.069
-112          2.074
-112          2.079
-112          2.084
-113          2.09
-113          2.095
-113          2.1
-114          2.105
-114          2.11
-114          2.115
-114          2.12
-114          2.125
-115          2.13
-115          2.136
-116          2.141
-116          2.146
-116          2.151
-116          2.157
-117          2.161
-117          2.167
-117          2.171
-118          2.177
-118          2.181
-118          2.188
-118          2.192
-119          2.198
-119          2.202
-119          2.208
-120          2.212
-120          2.218
-120          2.222
-120          2.228
-121          2.232
-121          2.239
-121          2.243
-122          2.249
-122          2.254
-122          2.259
-122          2.264
-123          2.269
-123          2.274
-123          2.279
-124          2.284
-124          2.29
-124          2.3
-125          2.304
-125          2.31
-126          2.324
-126          2.33
-126          2.334
-127          2.341
-127          2.346
-127          2.351
-128          2.356
-128          2.361
-128          2.365
-128          2.371
-129          2.376
-129          2.381
-129          2.386
-130          2.392
-130          2.397
-130          2.402
-130          2.408
-131          2.412
-131          2.418
-131          2.422
-132          2.428
-132          2.432
-132          2.442
-133          2.448
-133          2.452
-133          2.458
-134          2.462
-134          2.468
-134          2.472
-134          2.478
-134          2.482
-135          2.488
-135          2.494
-136          2.499
-136          2.504
-136          2.509
-136          2.514
-137          2.519
-137          2.524
-137          2.529
-138          2.534
-138          2.539
-138          2.545
-138          2.55
-139          2.555
-139          2.56
-140          2.565
-140          2.57
-140          2.575
-140          2.58
-140          2.585
-141          2.59
-141          2.597
-141          2.601
-142          2.607
-142          2.612
-142          2.617
-142          2.622
-143          2.627
-143          2.632
-143          2.637
-144          2.642
-144          2.648
-144          2.653
-144          2.659
-145          2.663
-145          2.669
-146          2.673
-146          2.679
-146          2.683
-146          2.689
-147          2.698
-147          2.703
-148          2.709
-148          2.713
-148          2.719
-148          2.723
-148          2.729
-149          2.734
-149          2.739
-149          2.744
-150          2.75
-150          2.755
-150          2.76
-150          2.765
-151          2.77
-151          2.775
-152          2.78
-152          2.785
-152          2.79
-152          2.795
-152          2.801
-153          2.807
-153          2.811
-154          2.817
-154          2.821
-154          2.827
-154          2.831
-154          2.837
-155          2.841
-155          2.848
-156          2.853
-156          2.859
-156          2.863
-156          2.869
-157          2.873
-157          2.879
-157          2.883
-158          2.889
-158          2.893
-158          2.899
-158          2.904
-159          2.91
-159          2.914
-159          2.92
-160          2.924
-160          2.93
-160          2.935
-160          2.94
-161          2.945
-161          2.951
-162          2.956
-162          2.961
-162          2.966
-162          2.971
-162          2.977
-163          2.981
-163          2.987
-163          2.991
-164          2.997
-164          3.002
-164          3.008
-164          3.012
-165          3.018
-165          3.022
-166          3.028
-166          3.033
-166          3.038
-166          3.043
-166          3.048
-167          3.053
-167          3.059
-168          3.064
-168          3.069
-168          3.074
-168          3.079
-168          3.084
-169          3.089
-170          3.098
-170          3.104
-170          3.11
-170          3.115
-171          3.12
-171          3.125
-171          3.13
-172          3.135
-172          3.14
-172          3.145
-172          3.15
-172          3.157
-173          3.161
-173          3.167
-174          3.171
-174          3.177
-174          3.181
-174          3.187
-175          3.192
-175          3.197
-175          3.202
-176          3.209
-176          3.213
-176          3.219
-176          3.223
-177          3.228
-177          3.233
-177          3.239
-178          3.243
-178          3.248
-178          3.253
-178          3.259
-179          3.264
-179          3.27
-179          3.274
-180          3.28
-180          3.284
-180          3.29
-180          3.294
-180          3.3
-181          3.304
-181          3.31
-182          3.315
-182          3.321
-182          3.327
-182          3.332
-183          3.337
-183          3.342
-183          3.347
-184          3.352
-184          3.359
-184          3.363
-184          3.369
-185          3.373
-185          3.379
-185          3.383
-186          3.389
-186          3.393
-186          3.399
-186          3.403
-187          3.41
-187          3.414
-187          3.42
-188          3.424
-188          3.429
-188          3.434
-188          3.44
-189          3.444
-189          3.45
-190          3.455
-190          3.461
-190          3.466
-190          3.471
-191          3.475
-191          3.481
-191          3.485
-192          3.491
-192          3.5
-192          3.505
-193          3.511
-193          3.517
-193          3.521
-194          3.527
-194          3.531
-194          3.537
-194          3.542
-195          3.547
-195          3.552
-195          3.557
-196          3.563
-196          3.569
-196          3.573
-196          3.579
-197          3.583
-197          3.589
-197          3.593
-198          3.599
-198          3.603
-198          3.609
-198          3.615
-199          3.62
-199          3.625
-199          3.63
-200          3.635
-200          3.64
-200          3.645
-200          3.65
-201          3.655
-201          3.66
-201          3.666
-202          3.671
-202          3.676
-202          3.681
-202          3.686
-203          3.691
-203          3.696
-203          3.701
-204          3.706
-204          3.712
-204          3.718
-204          3.722
-204          3.728
-205          3.732
-205          3.738
-206          3.742
-206          3.748
-206          3.752
-206          3.758
-206          3.763
-207          3.769
-207          3.773
-208          3.779
-208          3.783
-208          3.789
-208          3.793
-209          3.799
-209          3.803
-209          3.809
-210          3.815
-210          3.82
-210          3.825
-210          3.83
-211          3.835
-211          3.84
-211          3.845
-212          3.85
-212          3.855
-212          3.86
-212          3.867
-213          3.871
-213          3.877
-213          3.881
-214          3.887
-214          3.891
-214          3.899
-215          3.905
-215          3.911
-215          3.917
-216          3.922
-216          3.927
-216          3.932
-216          3.938
-217          3.942
-217          3.948
-217          3.952
-218          3.958
-218          3.962
-218          3.969
-218          3.973
-219          3.979
-219          3.983
-220          3.99
-220          3.995
-220          4.0
-220          4.005
-220          4.01
-221          4.014
-221          4.021
-222          4.026
-222          4.031
-222          4.036
-222          4.041
-222          4.046
-223          4.051
-223          4.056
-224          4.061
-224          4.066
-224          4.072
-224          4.077
-224          4.082
-225          4.087
-225          4.092
-225          4.097
-226          4.102
-226          4.108
-226          4.112
-226          4.118
-227          4.123
-227          4.129
-227          4.133
-228          4.139
-228          4.143
-228          4.149
-228          4.153
-229          4.159
-229          4.163
-230          4.17
-230          4.175
-230          4.18
-230          4.185
-230          4.19
-231          4.194
-231          4.2
-232          4.204
-232          4.21
-232          4.214
-232          4.221
-233          4.226
-233          4.231
-233          4.236
-234          4.241
-234          4.246
-234          4.251
-234          4.256
-235          4.261
-235          4.266
-235          4.272
-236          4.277
-236          4.282
-236          4.287
-236          4.292
-237          4.3
-237          4.307
-238          4.311
-238          4.317
-238          4.325
-239          4.331
-239          4.335
-239          4.341
-240          4.345
-240          4.351
-240          4.356
-240          4.361
-241          4.366
-241          4.371
-241          4.377
-242          4.382
-242          4.387
-242          4.392
-242          4.397
-243          4.402
-243          4.408
-243          4.412
-244          4.418
-244          4.422
-244          4.429
-244          4.433
-245          4.439
-245          4.443
-245          4.449
-246          4.453
-246          4.459
-246          4.463
-246          4.469
-247          4.474
-248          4.489
-248          4.493
-248          4.499
-248          4.503
-248          4.509
-249          4.513
-249          4.519
-249          4.523
-250          4.53
-250          4.535
-250          4.54
-250          4.545
-251          4.55
-251          4.555
-252          4.56
-252          4.565
-252          4.57
-252          4.575
-252          4.581
-253          4.586
-253          4.591
-254          4.596
-254          4.601
-254          4.606
-254          4.611
-254          4.616
-255          4.621
-255          4.627
-256          4.632
-256          4.638
-256          4.642
-256          4.648
-257          4.653
-257          4.658
-257          4.663
-258          4.668
-258          4.673
-258          4.679
-258          4.684
-258          4.689
-259          4.694
-260          4.703
-260          4.709
-260          4.713
-260          4.719
-260          4.723
-261          4.73
-261          4.735
-262          4.74
-262          4.745
-262          4.75
-262          4.755
-262          4.76
-263          4.765
-263          4.77
-264          4.775
-264          4.781
-264          4.787
-264          4.791
-265          4.797
-265          4.801
-265          4.807
-266          4.811
-266          4.817
-266          4.821
-266          4.827
-267          4.833
-267          4.838
-267          4.843
-268          4.848
-268          4.853
-268          4.858
-268          4.863
-269          4.868
-269          4.873
-269          4.879
-270          4.884
-270          4.89
-270          4.894
-270          4.9
-271          4.905
-271          4.91
-271          4.914
-272          4.92
-272          4.924
-272          4.93
-272          4.936
-272          4.941
-273          4.946
-273          4.951
-274          4.956
-274          4.961
-274          4.966
-274          4.971
-275          4.976
-275          4.981
-275          4.987
-276          4.992
-276          4.997
-276          5.002
-276          5.007
-277          5.012
-277          5.017
-277          5.022
-278          5.027
-278          5.032
-278          5.039
-278          5.043
-279          5.049
-279          5.053
-279          5.059
-280          5.063
-280          5.069
-280          5.073
-280          5.079
-281          5.083
-281          5.09
-282          5.095
-282          5.104
-282          5.109
-282          5.114
-283          5.12
-283          5.124
-284          5.13
-284          5.135
-284          5.141
-284          5.146
-284          5.151
-285          5.156
-285          5.161
-286          5.166
-286          5.171
-286          5.176
-286          5.181
-287          5.187
-287          5.192
-287          5.197
-288          5.202
-288          5.207
-288          5.212
-288          5.217
-289          5.222
-289          5.227
-289          5.232
-290          5.238
-290          5.243
-290          5.249
-290          5.253
-291          5.259
-291          5.263
-291          5.269
-292          5.273
-292          5.279
-292          5.283
-292          5.29
-293          5.295
-293          5.3
-293          5.305
-294          5.31
-294          5.315
-294          5.321
-294          5.326
-295          5.331
-295          5.336
-295          5.342
-296          5.347
-296          5.352
-296          5.357
-296          5.362
-296          5.367
-297          5.372
-297          5.377
-298          5.382
-298          5.387
-298          5.393
-298          5.399
-298          5.403
-299          5.409
-299          5.413
-300          5.419
-300          5.423
-300          5.429
-300          5.433
-301          5.439
-301          5.445
-302          5.451
-302          5.455
-302          5.461
-302          5.465
-302          5.471
-303          5.475
-303          5.48
-303          5.485
-304          5.491
-304          5.497
-304          5.506
-304          5.511
-305          5.517
-305          5.521
-306          5.527
-306          5.532
-306          5.537
-306          5.543
-307          5.549
-307          5.553
-307          5.559
-308          5.563
-308          5.569
-308          5.573
-308          5.579
-309          5.583
-309          5.589
-309          5.594
-310          5.599
-310          5.604
-310          5.61
-310          5.614
-311          5.62
-311          5.624
-311          5.63
-312          5.634
-312          5.64
-312          5.645
-312          5.651
-313          5.655
-313          5.661
-314          5.666
-314          5.671
-314          5.676
-314          5.681
-314          5.686
-315          5.691
-315          5.697
-316          5.702
-316          5.707
-316          5.712
-316          5.717
-316          5.722
-317          5.728
-317          5.732
-317          5.738
-318          5.742
-318          5.749
-318          5.753
-319          5.761
-319          5.77
-320          5.777
-320          5.784
-320          5.79
-320          5.794
-321          5.8
-321          5.806
-322          5.811
-322          5.816
-322          5.821
-322          5.826
-322          5.831
-323          5.836
-323          5.841
-324          5.847
-324          5.853
-324          5.858
-324          5.863
-324          5.868
-325          5.873
-325          5.878
-326          5.883
-326          5.888
-326          5.893
-326          5.899
-327          5.909
-327          5.913
-328          5.919
-328          5.924
-328          5.929
-328          5.934
-328          5.939
-329          5.944
-329          5.95
-330          5.955
-330          5.96
-330          5.965
-330          5.971
-331          5.975
-331          5.98
-331          5.985
-332          5.99
-332          5.995
-332          6.001
-332          6.007
-333          6.011
-333          6.017
-333          6.021
-334          6.027
-334          6.032
-334          6.037
-334          6.042
-335          6.047
-335          6.053
-336          6.059
-336          6.063
-336          6.069
-336          6.073
-336          6.079
-337          6.083
-337          6.089
-337          6.093
-338          6.099
-338          6.105
-338          6.11
-338          6.115
-339          6.12
-339          6.124
-339          6.13
-340          6.135
-340          6.14
-340          6.144
-340          6.15
-341          6.156
-341          6.161
-342          6.166
-342          6.171
-342          6.176
-342          6.181
-342          6.187
-343          6.191
-343          6.197
-343          6.201
-344          6.208
-344          6.212
-344          6.218
-344          6.222
-345          6.228
-345          6.232
-345          6.238
-346          6.242
-346          6.248
-346          6.252
-346          6.259
-347          6.263
-347          6.269
-347          6.274
-348          6.279
-348          6.284
-348          6.289
-348          6.294
-349          6.299
-349          6.309
-350          6.314
-350          6.319
-350          6.325
-350          6.331
-351          6.335
-351          6.341
-351          6.345
-352          6.35
-352          6.357
-352          6.361
-352          6.367
-353          6.371
-353          6.377
-353          6.381
-354          6.387
-354          6.392
-354          6.397
-354          6.402
-355          6.408
-355          6.413
-356          6.418
-356          6.423
-356          6.428
-356          6.433
-356          6.439
-357          6.443
-357          6.449
-358          6.453
-358          6.46
-358          6.464
-358          6.47
-358          6.474
-359          6.48
-359          6.487
-360          6.491
-360          6.497
-360          6.501
-360          6.507
-361          6.512
-361          6.518
-361          6.522
-362          6.528
-362          6.533
-362          6.539
-362          6.543
-363          6.549
-363          6.553
-364          6.559
-364          6.565
-364          6.57
-364          6.575
-364          6.58
-365          6.585
-365          6.59
-365          6.595
-366          6.6
-366          6.605
-366          6.611
-366          6.616
-366          6.621
-367          6.626
-367          6.631
-368          6.636
-368          6.641
-368          6.646
-369          6.659
-369          6.665
-370          6.67
-370          6.675
-370          6.68
-370          6.685
-370          6.691
-371          6.695
-371          6.701
-372          6.71
-372          6.717
-372          6.721
-373          6.727
-373          6.732
-373          6.737
-374          6.742
-374          6.748
-374          6.752
-374          6.758
-374          6.762
-375          6.769
-375          6.773
-376          6.779
-376          6.783
-376          6.789
-376          6.793
-377          6.799
-377          6.803
-377          6.809
-378          6.815
-378          6.82
-378          6.825
-378          6.83
-379          6.835
-379          6.84
-379          6.845
-380          6.85
-380          6.855
-380          6.86
-380          6.867
-381          6.871
-381          6.877
-381          6.881
-382          6.887
-382          6.891
-382          6.897
-382          6.901
-383          6.907
-383          6.911
-383          6.918
-384          6.923
-384          6.928
-384          6.933
-384          6.938
-385          6.943
-385          6.948
-385          6.953
-386          6.959
-386          6.963
-386          6.969
-386          6.974
-387          6.979
-387          6.984
-387          6.99
-388          6.994
-388          7.0
-388          7.004
-388          7.01
-388          7.014
-389          7.02
-389          7.025
-390          7.03
-390          7.035
-390          7.04
-390          7.045
-390          7.051
-391          7.056
-391          7.061
-392          7.066
-392          7.072
-392          7.077
-392          7.082
-392          7.087
-393          7.092
-393          7.097
-394          7.102
-394          7.111
-394          7.117
-394          7.123
-395          7.129
-395          7.133
-396          7.139
-396          7.143
-396          7.149
-396          7.153
-396          7.159
-397          7.163
-397          7.169
-398          7.175
-398          7.18
-398          7.185
-398          7.19
-398          7.195
-399          7.2
-399          7.205
-400          7.21
-400          7.214
-400          7.22
-400          7.226
-401          7.231
-401          7.236
-401          7.241
-402          7.246
-402          7.251
-402          7.256
-402          7.261
-402          7.266
-403          7.271
-403          7.277
-404          7.282
-404          7.288
-404          7.292
-404          7.298
-404          7.302
-405          7.308
-405          7.312
-406          7.318
-406          7.324
-406          7.33
-406          7.334
-407          7.34
-407          7.344
-407          7.35
-408          7.354
-408          7.36
-408          7.365
-408          7.37
-409          7.376
-409          7.381
-409          7.386
-410          7.391
-410          7.396
-410          7.401
-410          7.406
-411          7.411
-411          7.416
-411          7.421
-412          7.427
-412          7.432
-412          7.437
-412          7.447
-413          7.451
-413          7.457
-414          7.461
-414          7.467
-414          7.472
-414          7.479
-414          7.483
-415          7.489
-415          7.493
-416          7.499
-416          7.503
-416          7.512
-416          7.518
-417          7.522
-417          7.529
-417          7.533
-418          7.539
-418          7.544
-418          7.549
-418          7.554
-419          7.559
-419          7.564
-419          7.569
-420          7.574
-420          7.58
-420          7.585
-420          7.59
-421          7.595
-421          7.6
-421          7.605
-422          7.61
-422          7.615
-422          7.623
-423          7.629
-423          7.634
-423          7.64
-424          7.644
-424          7.65
-424          7.655
-424          7.66
-425          7.665
-425          7.67
-425          7.675
-426          7.681
-426          7.686
-426          7.691
-426          7.696
-427          7.701
-427          7.706
-427          7.711
-428          7.717
-428          7.721
-428          7.727
-428          7.732
-429          7.738
-429          7.743
-430          7.748
-430          7.753
-430          7.758
-430          7.763
-430          7.768
-431          7.773
-431          7.778
-432          7.784
-432          7.789
-432          7.794
-432          7.799
-432          7.804
-433          7.809
-433          7.814
-433          7.819
-434          7.824
-434          7.83
-434          7.835
-434          7.841
-435          7.845
-435          7.85
-435          7.855
-436          7.861
-436          7.865
-436          7.871
-436          7.876
-437          7.881
-437          7.887
-437          7.892
-438          7.897
-438          7.902
-438          7.91
-439          7.917
-439          7.921
-439          7.927
-440          7.931
-440          7.938
-440          7.943
-440          7.948
-441          7.953
-441          7.959
-441          7.963
-442          7.969
-442          7.973
-442          7.979
-442          7.983
-442          7.989
-443          7.994
-443          8.0
-444          8.004
