0          0.021
0          0.027
0          0.034
0          0.04
0          0.046
0          0.052
0          0.058
0          0.064
0          0.069
0          0.075
1          0.08
1          0.088
2          0.094
2          0.1
2          0.106
3          0.111
4          0.117
5          0.123
6          0.128
7          0.135
8          0.142
9          0.147
10          0.154
11          0.159
13          0.165
14          0.171
16          0.177
17          0.183
19          0.189
20          0.195
22          0.201
24          0.207
26          0.213
28          0.219
30          0.225
33          0.23
35          0.236
38          0.243
40          0.249
42          0.255
45          0.26
48          0.266
50          0.272
53          0.278
56          0.284
59          0.29
62          0.296
65          0.302
68          0.308
72          0.314
74          0.319
77          0.325
80          0.331
84          0.337
88          0.345
91          0.35
94          0.356
99          0.361
102          0.367
106          0.373
113          0.384
117          0.389
121          0.397
125          0.403
129          0.409
133          0.415
138          0.42
142          0.426
146          0.432
148          0.438
154          0.445
159          0.45
163          0.456
167          0.463
172          0.468
176          0.474
179          0.479
184          0.486
188          0.491
194          0.498
199          0.504
202          0.509
207          0.516
213          0.521
216          0.527
220          0.533
225          0.539
230          0.546
236          0.551
239          0.557
244          0.563
249          0.569
254          0.575
258          0.58
263          0.586
268          0.592
272          0.599
277          0.605
282          0.611
286          0.616
291          0.623
296          0.628
301          0.634
304          0.64
310          0.647
314          0.653
319          0.658
324          0.665
327          0.67
331          0.676
337          0.681
340          0.687
345          0.693
350          0.7
355          0.706
359          0.712
362          0.717
368          0.724
370          0.729
375          0.735
379          0.741
383          0.747
388          0.754
391          0.759
395          0.765
399          0.771
403          0.777
409          0.787
414          0.794
418          0.801
421          0.807
424          0.813
428          0.819
431          0.825
434          0.83
438          0.836
441          0.842
444          0.847
447          0.855
450          0.86
453          0.867
456          0.873
458          0.878
461          0.885
464          0.89
466          0.896
468          0.903
471          0.908
473          0.915
475          0.92
477          0.926
479          0.932
481          0.938
482          0.944
484          0.949
486          0.956
487          0.962
489          0.968
490          0.974
491          0.979
492          0.985
493          0.991
494          0.997
495          1.004
496          1.009
496          1.016
497          1.021
497          1.027
498          1.033
498          1.038
498          1.045
498          1.05
498          1.057
498          1.063
498          1.069
498          1.075
498          1.08
498          1.086
497          1.092
497          1.097
496          1.105
496          1.11
495          1.116
494          1.123
494          1.128
492          1.134
492          1.14
490          1.146
489          1.153
488          1.159
486          1.165
485          1.17
484          1.177
481          1.186
480          1.193
478          1.198
476          1.206
473          1.211
472          1.217
470          1.223
468          1.229
466          1.235
463          1.24
461          1.246
458          1.253
454          1.264
452          1.269
449          1.275
446          1.28
444          1.286
441          1.293
438          1.298
435          1.304
432          1.311
429          1.317
426          1.323
422          1.328
419          1.335
416          1.34
412          1.346
409          1.352
406          1.358
402          1.365
398          1.37
395          1.376
391          1.382
387          1.388
383          1.394
381          1.399
377          1.406
372          1.413
368          1.418
364          1.425
360          1.43
356          1.436
352          1.441
349          1.447
345          1.453
340          1.459
335          1.466
330          1.473
326          1.478
322          1.484
319          1.489
315          1.496
310          1.501
306          1.507
300          1.515
297          1.52
293          1.526
287          1.531
284          1.537
280          1.543
275          1.549
270          1.555
266          1.56
261          1.567
257          1.573
249          1.579
245          1.589
240          1.595
236          1.6
231          1.607
225          1.613
222          1.619
218          1.625
213          1.631
209          1.637
204          1.643
200          1.648
196          1.655
191          1.66
187          1.667
181          1.674
178          1.679
174          1.685
170          1.69
166          1.696
162          1.703
158          1.708
154          1.715
149          1.721
145          1.727
141          1.733
138          1.739
134          1.745
130          1.75
126          1.756
122          1.762
118          1.769
115          1.775
111          1.78
108          1.786
104          1.793
101          1.798
97          1.804
95          1.809
92          1.815
88          1.822
84          1.828
82          1.835
78          1.84
76          1.846
73          1.851
71          1.857
68          1.863
65          1.87
62          1.876
60          1.881
58          1.887
55          1.894
53          1.899
51          1.905
49          1.911
47          1.917
44          1.924
43          1.929
42          1.936
40          1.941
38          1.947
36          1.953
35          1.959
34          1.965
32          1.971
32          1.977
30          1.987
29          1.993
28          1.998
27          2.005
26          2.012
26          2.018
25          2.025
25          2.03
24          2.036
24          2.043
24          2.048
24          2.054
24          2.059
24          2.065
24          2.072
25          2.078
25          2.085
25          2.09
26          2.096
26          2.101
27          2.107
28          2.113
28          2.119
29          2.126
30          2.131
32          2.143
34          2.153
36          2.158
38          2.166
39          2.176
42          2.184
43          2.189
46          2.198
48          2.204
49          2.209
51          2.216
55          2.225
57          2.23
59          2.237
62          2.245
65          2.25
67          2.257
71          2.264
72          2.27
77          2.279
80          2.285
83          2.291
86          2.297
90          2.305
93          2.311
96          2.317
100          2.324
105          2.332
108          2.338
113          2.344
117          2.353
123          2.363
128          2.37
132          2.377
138          2.386
143          2.395
147          2.4
154          2.411
158          2.417
164          2.424
169          2.43
173          2.438
178          2.445
183          2.45
186          2.457
192          2.465
200          2.47
204          2.48
210          2.488
214          2.495
219          2.5
225          2.506
230          2.515
234          2.52
239          2.526
247          2.537
253          2.545
259          2.553
264          2.559
269          2.565
275          2.573
280          2.579
284          2.586
296          2.599
305          2.606
310          2.616
314          2.622
319          2.628
327          2.638
333          2.647
338          2.653
342          2.659
350          2.669
356          2.676
363          2.684
369          2.694
372          2.699
378          2.706
384          2.716
390          2.721
394          2.729
399          2.737
403          2.743
410          2.752
414          2.758
418          2.765
422          2.771
426          2.777
433          2.788
437          2.794
440          2.799
444          2.806
448          2.811
456          2.826
459          2.832
462          2.838
465          2.845
468          2.85
471          2.856
474          2.862
476          2.867
480          2.874
482          2.879
485          2.886
488          2.892
489          2.897
492          2.904
494          2.909
496          2.915
498          2.921
500          2.927
502          2.933
504          2.939
506          2.946
508          2.951
509          2.957
510          2.963
512          2.969
513          2.975
515          2.983
516          2.989
517          2.995
518          3.001
