0          0.149
0          0.155
0          0.161
1          0.168
2          0.174
3          0.18
5          0.186
6          0.191
8          0.198
10          0.203
12          0.209
15          0.215
18          0.222
21          0.228
24          0.233
27          0.239
30          0.245
34          0.251
37          0.257
40          0.262
44          0.269
47          0.275
50          0.281
53          0.287
56          0.292
59          0.298
62          0.305
65          0.31
68          0.316
72          0.327
74          0.332
76          0.339
78          0.345
80          0.35
81          0.357
82          0.362
84          0.368
84          0.375
85          0.381
86          0.387
86          0.392
86          0.398
86          0.404
86          0.409
85          0.416
84          0.422
83          0.428
82          0.435
81          0.44
79          0.446
78          0.451
76          0.458
74          0.463
72          0.469
68          0.476
66          0.482
63          0.488
59          0.493
57          0.499
54          0.505
50          0.511
47          0.517
42          0.523
40          0.529
36          0.535
32          0.541
28          0.547
24          0.552
21          0.558
17          0.565
13          0.57
9          0.577
5          0.582
1          0.589
-3          0.595
-6          0.6
-10          0.607
-14          0.612
-17          0.618
-20          0.625
-24          0.63
-27          0.637
-30          0.642
-33          0.648
-36          0.653
-37          0.659
-40          0.666
-42          0.671
-45          0.678
-46          0.684
-48          0.689
-50          0.696
-50          0.701
-52          0.707
-52          0.713
-53          0.719
-54          0.728
-54          0.737
-53          0.742
-53          0.748
-52          0.754
-51          0.76
-50          0.766
-49          0.772
-46          0.779
-45          0.785
-42          0.79
-40          0.797
-39          0.802
-36          0.808
-32          0.813
-30          0.819
-28          0.826
-23          0.832
-21          0.838
-16          0.843
-14          0.849
-10          0.856
-6          0.861
-2          0.867
1          0.872
5          0.879
9          0.886
13          0.891
17          0.897
22          0.902
26          0.909
30          0.915
34          0.92
38          0.926
42          0.933
46          0.939
49          0.945
53          0.95
56          0.956
59          0.962
63          0.968
66          0.973
70          0.981
72          0.987
76          0.992
78          0.998
80          1.004
82          1.009
84          1.016
86          1.021
88          1.027
89          1.034
90          1.04
92          1.046
92          1.052
93          1.058
93          1.063
93          1.069
93          1.076
92          1.082
92          1.088
90          1.094
90          1.099
88          1.106
87          1.111
85          1.117
83          1.123
79          1.135
76          1.14
74          1.147
71          1.152
68          1.158
65          1.164
63          1.17
58          1.176
56          1.181
52          1.188
48          1.194
46          1.2
40          1.206
38          1.211
34          1.217
30          1.223
26          1.229
21          1.236
18          1.242
14          1.248
10          1.253
7          1.259
3          1.265
0          1.271
-4          1.277
-8          1.282
-11          1.289
-14          1.295
-18          1.301
-21          1.307
-24          1.312
-26          1.318
-29          1.324
-32          1.33
-34          1.337
-36          1.342
-38          1.348
-40          1.354
-41          1.36
-42          1.366
-43          1.371
-44          1.378
-45          1.383
-46          1.39
-46          1.396
-46          1.402
-45          1.408
-45          1.413
-44          1.419
-43          1.425
-42          1.431
-40          1.437
-39          1.443
-37          1.449
-35          1.456
-33          1.461
-30          1.467
-28          1.472
-25          1.478
-22          1.484
-19          1.491
-16          1.497
-13          1.502
-9          1.509
-6          1.515
-2          1.52
4          1.53
8          1.537
12          1.543
16          1.549
20          1.556
24          1.561
28          1.567
32          1.573
36          1.579
40          1.585
44          1.591
48          1.597
52          1.603
56          1.609
60          1.615
64          1.62
67          1.627
71          1.632
74          1.638
77          1.645
80          1.651
83          1.657
86          1.662
88          1.668
90          1.674
92          1.679
94          1.686
96          1.692
98          1.698
99          1.704
100          1.71
101          1.716
101          1.721
102          1.727
102          1.733
102          1.739
101          1.746
101          1.752
100          1.758
98          1.763
98          1.769
96          1.776
94          1.781
93          1.787
90          1.793
88          1.799
86          1.806
84          1.811
81          1.817
78          1.823
75          1.829
72          1.835
68          1.84
65          1.847
62          1.852
58          1.858
54          1.865
50          1.87
47          1.876
44          1.882
40          1.888
35          1.893
31          1.9
27          1.906
23          1.912
20          1.919
13          1.925
8          1.936
6          1.941
1          1.948
-3          1.954
-6          1.96
-10          1.966
-12          1.972
-14          1.978
-17          1.983
-20          1.989
-23          1.995
-25          2.002
-27          2.008
-30          2.013
-31          2.019
-32          2.026
-34          2.031
-35          2.037
-36          2.042
-37          2.05
-38          2.057
-38          2.062
-38          2.068
-38          2.073
-37          2.079
-36          2.085
-36          2.091
-34          2.097
-33          2.103
-32          2.109
-30          2.116
-28          2.121
-26          2.127
-24          2.132
-20          2.14
-17          2.146
-14          2.153
-11          2.159
-8          2.165
-5          2.17
-1          2.176
1          2.182
5          2.188
8          2.193
14          2.199
18          2.206
20          2.211
24          2.218
28          2.223
32          2.229
36          2.235
40          2.241
44          2.247
49          2.253
52          2.259
56          2.265
60          2.271
64          2.277
68          2.282
72          2.289
75          2.295
78          2.3
82          2.307
84          2.312
88          2.318
90          2.325
95          2.335
97          2.34
99          2.347
101          2.353
103          2.359
104          2.365
106          2.371
107          2.377
108          2.382
108          2.388
108          2.394
109          2.399
108          2.407
108          2.412
108          2.418
107          2.424
106          2.43
104          2.436
104          2.441
102          2.447
99          2.453
98          2.46
95          2.466
94          2.472
91          2.478
88          2.483
85          2.489
82          2.495
79          2.5
76          2.508
72          2.513
69          2.519
65          2.525
62          2.53
58          2.537
54          2.542
50          2.548
46          2.553
42          2.56
38          2.567
34          2.572
31          2.578
27          2.583
24          2.589
20          2.596
16          2.601
12          2.608
8          2.614
6          2.619
3          2.626
-1          2.631
-4          2.637
-7          2.642
-10          2.648
-12          2.655
-15          2.661
-17          2.667
-20          2.673
-22          2.679
-23          2.685
-25          2.69
-26          2.696
-27          2.702
-29          2.709
-30          2.715
-30          2.721
-30          2.727
-30          2.738
-30          2.743
-30          2.749
-28          2.756
-27          2.762
-26          2.768
-24          2.774
-22          2.78
-21          2.786
-19          2.791
-17          2.798
-15          2.803
-11          2.809
-8          2.816
-6          2.822
-2          2.828
1          2.833
4          2.839
7          2.845
10          2.851
14          2.857
18          2.863
27          2.878
31          2.883
35          2.889
39          2.895
44          2.901
48          2.907
53          2.913
56          2.919
60          2.925
64          2.931
68          2.937
72          2.942
75          2.949
79          2.955
82          2.96
86          2.967
89          2.973
92          2.979
95          2.985
98          2.99
100          2.996
102          3.001
