0          0.019
0          0.025
0          0.03
0          0.035
-1          0.041
-2          0.049
-2          0.054
-3          0.059
-4          0.066
-6          0.072
-6          0.076
-8          0.082
-10          0.089
-11          0.094
-12          0.099
-14          0.105
-16          0.112
-17          0.117
-19          0.122
-21          0.129
-23          0.135
-24          0.139
-26          0.145
-28          0.152
-30          0.158
-32          0.163
-34          0.168
-36          0.174
-38          0.179
-40          0.185
-43          0.193
-44          0.197
-46          0.203
-48          0.208
-51          0.216
-53          0.221
-54          0.226
-57          0.231
-59          0.238
-61          0.244
-63          0.248
-66          0.257
-68          0.263
-71          0.27
-73          0.275
-75          0.28
-77          0.286
-80          0.293
-81          0.298
-84          0.304
-85          0.308
-87          0.315
-90          0.319
-92          0.326
-94          0.333
-96          0.337
-98          0.344
-102          0.351
-103          0.356
-106          0.361
-107          0.366
-110          0.373
-112          0.377
-114          0.384
-116          0.389
-118          0.395
-120          0.401
-122          0.406
-124          0.412
-126          0.416
-128          0.422
-130          0.426
-132          0.432
-133          0.436
-136          0.443
-138          0.447
-140          0.453
-142          0.457
-144          0.463
-145          0.468
-148          0.473
-149          0.478
-152          0.483
-153          0.488
-155          0.494
-158          0.499
-159          0.505
-161          0.509
-163          0.515
-165          0.519
-166          0.525
-169          0.529
-170          0.535
-172          0.539
-175          0.546
-177          0.551
-179          0.556
-181          0.561
-182          0.566
-185          0.572
-186          0.576
-188          0.582
-190          0.586
-192          0.592
-194          0.597
-197          0.603
-198          0.607
-200          0.613
-202          0.618
-204          0.623
-206          0.628
-208          0.634
-210          0.638
-212          0.644
-214          0.649
-217          0.659
-220          0.665
-222          0.669
-223          0.675
-226          0.679
-228          0.685
-230          0.69
-232          0.695
-234          0.702
-236          0.706
-238          0.712
-239          0.716
-242          0.722
-243          0.726
-245          0.732
-247          0.736
-249          0.742
-252          0.747
-254          0.753
-255          0.757
-258          0.763
-259          0.768
-261          0.773
-262          0.778
-265          0.783
-266          0.788
-269          0.793
-271          0.799
-272          0.805
-275          0.809
-276          0.815
-279          0.819
-280          0.825
-282          0.829
-284          0.835
-286          0.839
-288          0.845
-291          0.85
-292          0.856
-294          0.86
-296          0.866
-298          0.871
-300          0.876
-302          0.881
-304          0.886
-306          0.891
-307          0.896
-310          0.903
-312          0.907
-313          0.913
-316          0.917
-318          0.923
-320          0.927
-322          0.933
-323          0.937
-326          0.943
-327          0.947
-330          0.954
-331          0.959
-333          0.964
-334          0.969
-337          0.974
-338          0.979
-341          0.984
-343          0.989
-344          0.994
-346          0.999
-349          1.005
-351          1.01
-353          1.015
-354          1.02
-356          1.025
-358          1.03
-360          1.035
-362          1.04
-364          1.045
-368          1.05
-370          1.061
-372          1.066
-374          1.071
-376          1.076
-378          1.082
-379          1.086
-382          1.092
-383          1.096
-386          1.102
-388          1.107
-390          1.113
-392          1.117
-394          1.123
-395          1.127
-398          1.133
-399          1.138
-402          1.143
-403          1.148
-406          1.154
-407          1.16
-410          1.165
-411          1.17
-414          1.175
-415          1.18
-417          1.185
-419          1.19
-421          1.195
-422          1.2
-425          1.206
-427          1.212
-428          1.216
-431          1.222
-432          1.226
-434          1.232
-436          1.236
-438          1.242
-440          1.247
-442          1.252
-444          1.258
-447          1.263
-448          1.268
-451          1.273
-452          1.278
-454          1.284
-456          1.288
-458          1.294
-460          1.298
-462          1.304
-464          1.309
-466          1.315
-468          1.319
-470          1.325
-472          1.329
-474          1.335
-476          1.339
-478          1.345
-479          1.35
-482          1.355
-484          1.361
-486          1.366
-488          1.371
-489          1.376
-492          1.381
-493          1.386
-496          1.391
-497          1.396
-499          1.401
-501          1.406
-503          1.413
-505          1.417
-506          1.423
-509          1.427
-511          1.433
-513          1.437
-514          1.443
-516          1.447
-520          1.453
-522          1.463
-524          1.468
-526          1.474
-528          1.478
-530          1.484
-532          1.489
-534          1.494
-536          1.499
-538          1.504
-540          1.509
-542          1.515
-544          1.519
-546          1.525
-548          1.53
-549          1.535
-551          1.54
-554          1.545
-555          1.55
-558          1.555
-560          1.562
-561          1.566
-564          1.572
-565          1.576
-567          1.582
-569          1.586
-571          1.592
-572          1.596
-575          1.602
-576          1.606
-580          1.613
-581          1.617
-583          1.623
-585          1.627
-587          1.633
-588          1.637
-591          1.643
-592          1.648
-594          1.653
-596          1.658
-598          1.664
-600          1.669
-602          1.675
-604          1.679
-606          1.685
-608          1.689
-610          1.695
-612          1.699
-614          1.705
-616          1.709
-618          1.716
-620          1.72
-622          1.726
-624          1.73
-626          1.736
-628          1.74
-629          1.746
-632          1.75
-633          1.756
-636          1.76
-637          1.767
-639          1.772
-642          1.777
-643          1.782
-645          1.787
-647          1.792
-649          1.797
-650          1.802
-653          1.807
-654          1.813
-657          1.818
-659          1.824
-660          1.829
-663          1.834
-664          1.839
-666          1.844
-668          1.849
-670          1.854
-674          1.864
-676          1.869
-678          1.875
-680          1.879
-682          1.885
-684          1.89
-686          1.895
-688          1.9
-690          1.905
-692          1.91
-694          1.915
-696          1.921
-698          1.926
-700          1.931
-701          1.936
-704          1.942
-705          1.946
-708          1.952
-709          1.956
-711          1.962
-714          1.967
-716          1.973
-717          1.977
-720          1.983
-721          1.988
-724          1.993
-725          1.997
-727          2.003
-730          2.009
-732          2.015
-734          2.021
-736          2.026
-738          2.031
-739          2.036
-742          2.041
-743          2.046
-745          2.051
-747          2.056
-749          2.061
-750          2.066
-753          2.073
-755          2.077
-757          2.083
-759          2.087
-760          2.093
-763          2.097
-764          2.103
-766          2.107
-768          2.113
-770          2.117
-772          2.124
-774          2.129
-776          2.134
-778          2.139
-780          2.144
-782          2.149
-784          2.154
-786          2.159
-788          2.165
-791          2.169
-792          2.176
-794          2.18
-796          2.186
-798          2.191
-800          2.196
-802          2.201
-804          2.206
-806          2.211
-808          2.216
-819          2.247
-822          2.253
-826          2.262
-827          2.269
-831          2.278
-833          2.285
-837          2.294
-840          2.302
-842          2.307
-844          2.313
-846          2.318
-848          2.325
-852          2.333
-854          2.338
-856          2.343
-859          2.35
-860          2.356
-863          2.36
-864          2.366
-867          2.373
-870          2.379
-871          2.385
-875          2.394
-876          2.399
-879          2.405
-882          2.412
-883          2.417
-886          2.422
-888          2.428
-890          2.435
-893          2.439
-895          2.446
-897          2.452
-899          2.457
-902          2.464
-903          2.469
-906          2.475
-908          2.482
-910          2.487
-912          2.493
-914          2.497
-916          2.503
-918          2.507
-920          2.513
-922          2.517
-924          2.523
-926          2.528
-928          2.534
-930          2.538
-932          2.544
-933          2.549
-936          2.554
-937          2.559
-939          2.564
-941          2.569
-943          2.574
-946          2.58
-948          2.585
-949          2.59
-952          2.595
-953          2.6
-955          2.606
-958          2.612
-959          2.616
-961          2.622
-963          2.626
-965          2.633
-968          2.637
-969          2.643
-971          2.647
-973          2.653
-976          2.657
-978          2.667
-980          2.672
-982          2.677
-985          2.684
-986          2.688
-988          2.694
-990          2.698
-992          2.704
-994          2.708
-996          2.714
-998          2.719
-1000          2.724
-1002          2.729
-1004          2.735
-1006          2.74
-1008          2.745
-1010          2.75
-1012          2.755
-1014          2.76
-1016          2.765
-1017          2.77
-1020          2.775
-1022          2.78
-1024          2.786
-1026          2.792
-1027          2.796
-1030          2.802
-1031          2.806
-1033          2.812
-1035          2.816
-1037          2.822
-1038          2.826
-1041          2.832
-1043          2.837
-1046          2.843
-1047          2.847
-1049          2.853
-1051          2.857
-1053          2.863
-1054          2.867
-1057          2.873
-1058          2.877
-1060          2.884
-1062          2.888
-1064          2.894
-1066          2.898
-1068          2.904
-1070          2.909
-1072          2.914
-1074          2.919
-1076          2.924
-1077          2.929
-1080          2.935
-1082          2.94
-1084          2.945
-1086          2.95
-1088          2.955
-1090          2.96
-1092          2.965
-1093          2.97
-1096          2.975
-1097          2.98
-1099          2.986
-1102          2.992
-1103          2.996
-1105          3.002
-1107          3.006
-1109          3.012
-1110          3.016
-1113          3.022
-1114          3.027
-1117          3.032
-1119          3.038
-1121          3.043
-1123          3.048
-1125          3.053
-1126          3.058
-1130          3.067
-1132          3.073
-1134          3.077
-1136          3.083
-1138          3.089
-1140          3.094
-1142          3.099
-1144          3.105
-1146          3.109
-1148          3.115
-1150          3.119
-1152          3.125
-1154          3.129
-1155          3.135
-1158          3.14
-1160          3.146
-1162          3.151
-1164          3.157
-1166          3.162
-1168          3.167
-1170          3.172
-1171          3.177
-1174          3.182
-1176          3.187
-1178          3.193
-1180          3.198
-1182          3.204
-1183          3.208
-1186          3.214
-1187          3.218
-1190          3.224
-1191          3.228
-1193          3.234
-1196          3.239
-1197          3.245
-1199          3.249
-1201          3.255
-1203          3.26
-1205          3.265
-1207          3.27
-1210          3.279
-1212          3.285
-1215          3.29
-1217          3.296
-1219          3.3
-1220          3.305
-1223          3.31
-1224          3.316
-1226          3.32
-1228          3.326
-1230          3.33
-1232          3.336
-1234          3.342
-1236          3.347
-1238          3.352
-1240          3.357
-1242          3.362
-1244          3.367
-1246          3.372
-1248          3.377
-1249          3.382
-1252          3.387
-1254          3.394
-1256          3.398
-1258          3.404
-1259          3.408
-1262          3.414
-1263          3.418
-1265          3.424
-1267          3.428
-1269          3.434
-1270          3.438
-1273          3.445
-1275          3.449
-1276          3.455
-1279          3.459
-1282          3.469
-1284          3.474
-1286          3.479
-1288          3.484
-1290          3.489
-1292          3.495
-1295          3.5
-1296          3.506
-1298          3.511
-1301          3.519
-1303          3.524
-1304          3.529
-1307          3.534
-1310          3.542
-1312          3.549
-1314          3.554
-1316          3.559
-1318          3.564
-1320          3.569
-1322          3.574
-1324          3.579
-1326          3.584
-1328          3.589
-1330          3.594
-1332          3.6
-1334          3.605
-1336          3.61
-1338          3.615
-1339          3.62
-1342          3.625
-1343          3.63
-1346          3.635
-1347          3.64
-1349          3.645
-1352          3.652
-1353          3.656
-1355          3.662
-1357          3.666
-1359          3.672
-1361          3.676
-1363          3.682
-1364          3.686
-1366          3.692
-1369          3.697
-1371          3.703
-1373          3.707
-1375          3.713
-1376          3.717
-1379          3.723
-1380          3.728
-1382          3.733
-1384          3.738
-1386          3.743
-1388          3.749
-1390          3.755
-1392          3.759
-1394          3.765
-1396          3.769
-1398          3.775
-1400          3.779
-1402          3.785
-1404          3.789
-1405          3.795
-1408          3.8
-1410          3.806
-1412          3.811
-1414          3.816
-1416          3.821
-1417          3.826
-1420          3.831
-1421          3.836
-1424          3.841
-1425          3.846
-1427          3.852
-1430          3.857
-1432          3.865
-1435          3.872
-1436          3.877
-1438          3.882
-1441          3.887
-1442          3.893
-1444          3.897
-1447          3.904
-1448          3.908
-1451          3.914
-1452          3.918
-1454          3.924
-1456          3.929
-1458          3.934
-1460          3.939
-1462          3.944
-1464          3.949
-1466          3.955
-1468          3.96
-1470          3.965
-1472          3.97
-1474          3.975
-1476          3.98
-1478          3.985
-1480          3.99
-1482          3.995
-1483          4.0
-1486          4.006
-1488          4.012
-1489          4.016
-1492          4.022
-1493          4.026
-1495          4.032
-1497          4.036
-1499          4.042
-1501          4.046
-1504          4.052
-1505          4.058
-1508          4.063
-1509          4.068
-1511          4.073
-1513          4.078
-1515          4.083
-1516          4.088
-1519          4.093
-1520          4.098
-1523          4.105
-1525          4.109
-1526          4.115
-1529          4.119
-1530          4.125
-1532          4.129
-1534          4.135
-1536          4.139
-1538          4.145
-1540          4.149
-1542          4.157
-1544          4.162
-1547          4.167
-1548          4.173
-1551          4.177
-1552          4.183
-1554          4.187
-1556          4.193
-1558          4.197
-1560          4.203
-1562          4.208
-1564          4.214
-1566          4.218
-1568          4.224
-1570          4.229
-1572          4.234
-1573          4.238
-1576          4.245
-1578          4.25
-1580          4.255
-1582          4.262
-1585          4.27
-1588          4.276
-1590          4.28
-1592          4.286
-1594          4.291
-1595          4.296
-1598          4.302
-1600          4.306
-1602          4.313
-1604          4.317
-1606          4.323
-1607          4.327
-1610          4.333
-1611          4.337
-1613          4.343
-1615          4.348
-1617          4.353
-1619          4.359
-1621          4.364
-1622          4.369
-1628          4.383
-1630          4.387
-1632          4.393
-1634          4.397
-1636          4.403
-1638          4.407
-1640          4.414
-1642          4.418
-1644          4.424
-1645          4.429
-1648          4.434
-1649          4.439
-1651          4.444
-1653          4.449
-1655          4.454
-1657          4.459
-1660          4.465
-1661          4.47
-1663          4.475
-1665          4.48
-1667          4.485
-1669          4.49
-1671          4.495
-1672          4.5
-1675          4.505
-1677          4.511
-1678          4.516
-1681          4.521
-1682          4.526
-1684          4.532
-1686          4.536
-1688          4.542
-1690          4.546
-1692          4.552
-1694          4.556
-1697          4.563
-1698          4.567
-1700          4.573
-1702          4.577
-1704          4.583
-1706          4.588
-1708          4.593
-1710          4.598
-1712          4.603
-1713          4.608
-1716          4.614
-1717          4.619
-1720          4.624
-1721          4.629
-1723          4.634
-1724          4.639
-1727          4.644
-1729          4.649
-1730          4.654
-1733          4.659
-1737          4.669
-1738          4.675
-1740          4.679
-1743          4.685
-1744          4.69
-1746          4.695
-1748          4.7
-1750          4.705
-1752          4.71
-1754          4.716
-1756          4.722
-1758          4.726
-1760          4.732
-1762          4.736
-1764          4.742
-1766          4.746
-1768          4.752
-1769          4.756
-1772          4.762
-1774          4.768
-1776          4.773
-1778          4.778
-1780          4.783
-1781          4.788
-1784          4.793
-1785          4.798
-1788          4.803
-1789          4.808
-1791          4.813
-1794          4.819
-1795          4.825
-1797          4.829
-1799          4.835
-1801          4.839
-1802          4.845
-1805          4.849
-1806          4.855
-1808          4.859
-1810          4.865
-1813          4.87
-1815          4.875
-1817          4.88
-1818          4.886
-1821          4.891
-1822          4.896
-1824          4.9
-1826          4.906
-1828          4.91
-1830          4.916
-1832          4.922
-1834          4.927
-1836          4.933
-1838          4.937
-1840          4.943
-1842          4.947
-1844          4.953
-1846          4.957
-1848          4.963
-1849          4.968
-1852          4.974
-1853          4.979
-1856          4.984
-1857          4.989
-1859          4.994
-1861          4.999
-1863          5.004
-1864          5.009
-1867          5.014
-1869          5.02
-1871          5.025
-1873          5.03
-1875          5.035
-1877          5.04
-1879          5.045
-1880          5.05
-1883          5.055
-1884          5.06
-1888          5.068
-1890          5.075
-1892          5.08
-1894          5.086
-1896          5.091
-1898          5.096
-1900          5.101
-1902          5.106
-1904          5.113
-1906          5.117
-1908          5.124
-1910          5.128
-1912          5.134
-1914          5.138
-1916          5.144
-1918          5.149
-1920          5.154
-1922          5.159
-1924          5.165
-1926          5.169
-1928          5.176
-1930          5.18
-1932          5.186
-1934          5.191
-1936          5.196
-1938          5.201
-1940          5.206
-1942          5.21
-1943          5.216
-1946          5.22
-1947          5.227
-1949          5.232
-1951          5.237
-1953          5.242
-1956          5.247
-1957          5.253
-1959          5.257
-1961          5.263
-1963          5.267
-1965          5.274
-1967          5.279
-1969          5.284
-1970          5.289
-1973          5.294
-1974          5.299
-1976          5.305
-1979          5.309
-1980          5.315
-1983          5.319
-1985          5.326
-1987          5.33
-1989          5.336
-1991          5.34
-1992          5.346
-1995          5.35
-1996          5.356
-1998          5.36
-2000          5.366
-2002          5.37
-2004          5.377
-2006          5.382
-2008          5.387
-2010          5.392
-2012          5.397
-2014          5.402
-2016          5.407
-2018          5.412
-2020          5.417
-2021          5.422
-2024          5.428
-2026          5.434
-2027          5.438
-2030          5.444
-2031          5.449
-2034          5.454
-2035          5.459
-2037          5.464
-2041          5.473
-2042          5.479
-2045          5.485
-2047          5.489
-2048          5.495
-2051          5.499
-2052          5.505
-2054          5.509
-2056          5.515
-2058          5.519
-2060          5.525
-2063          5.531
-2064          5.536
-2066          5.541
-2068          5.546
-2070          5.551
-2072          5.556
-2074          5.561
-2076          5.566
-2078          5.571
-2080          5.576
-2082          5.583
-2084          5.587
-2086          5.593
-2088          5.597
-2090          5.603
-2092          5.607
-2094          5.613
-2096          5.617
-2097          5.623
-2099          5.627
-2102          5.634
-2103          5.639
-2105          5.644
-2107          5.649
-2109          5.654
-2110          5.659
-2113          5.664
-2114          5.669
-2116          5.674
-2119          5.68
-2121          5.685
-2123          5.69
-2125          5.695
-2126          5.7
-2129          5.705
-2130          5.71
-2132          5.715
-2134          5.72
-2136          5.725
-2138          5.732
-2140          5.736
-2142          5.742
-2144          5.746
-2146          5.752
-2148          5.757
-2150          5.762
-2152          5.767
-2154          5.772
-2155          5.777
-2158          5.783
-2160          5.788
-2162          5.793
-2164          5.798
-2166          5.803
-2167          5.808
-2170          5.813
-2171          5.818
-2174          5.823
-2175          5.828
-2177          5.835
-2180          5.839
-2181          5.845
-2183          5.849
-2185          5.855
-2187          5.859
-2188          5.865
-2192          5.873
-2194          5.879
-2197          5.885
-2198          5.89
-2201          5.895
-2202          5.9
-2204          5.905
-2207          5.91
-2208          5.916
-2210          5.92
-2212          5.925
-2214          5.93
-2216          5.937
-2218          5.942
-2220          5.947
-2222          5.952
-2224          5.957
-2226          5.962
-2228          5.967
-2230          5.973
-2232          5.977
-2233          5.983
-2236          5.988
-2238          5.994
-2239          5.998
-2242          6.004
-2243          6.008
-2246          6.014
-2247          6.018
-2249          6.024
-2250          6.029
-2253          6.034
-2255          6.04
-2257          6.045
-2259          6.05
-2261          6.055
-2263          6.06
-2265          6.065
-2266          6.07
-2268          6.075
-2270          6.08
-2272          6.085
-2275          6.092
-2276          6.096
-2278          6.102
-2280          6.106
-2282          6.112
-2284          6.116
-2286          6.122
-2288          6.126
-2290          6.132
-2292          6.137
-2294          6.143
-2296          6.148
-2298          6.153
-2300          6.159
-2302          6.164
-2304          6.169
-2306          6.174
-2307          6.179
-2310          6.184
-2312          6.19
-2314          6.195
-2316          6.2
-2318          6.205
-2320          6.21
-2322          6.215
-2323          6.22
-2326          6.225
-2327          6.23
-2329          6.235
-2332          6.242
-2333          6.246
-2336          6.252
-2337          6.256
-2339          6.262
-2341          6.266
-2344          6.276
-2347          6.281
-2348          6.286
-2351          6.293
-2353          6.297
-2355          6.303
-2356          6.308
-2359          6.313
-2360          6.318
-2363          6.323
-2364          6.328
-2366          6.333
-2368          6.338
-2370          6.345
-2372          6.349
-2374          6.355
-2376          6.359
-2378          6.365
-2380          6.369
-2382          6.375
-2384          6.382
-2386          6.387
-2389          6.393
-2391          6.398
-2393          6.403
-2394          6.408
-2397          6.413
-2398          6.418
-2400          6.423
-2405          6.436
-2407          6.441
-2410          6.447
-2411          6.452
-2414          6.457
-2415          6.463
-2417          6.467
-2419          6.473
-2421          6.477
-2422          6.483
-2424          6.487
-2427          6.493
-2428          6.499
-2431          6.504
-2432          6.509
-2434          6.514
-2436          6.519
-2438          6.524
-2440          6.529
-2442          6.534
-2444          6.539
-2447          6.545
-2448          6.55
-2450          6.555
-2452          6.56
-2454          6.565
-2456          6.57
-2458          6.575
-2460          6.58
-2462          6.585
-2464          6.59
-2466          6.596
-2468          6.602
-2469          6.606
-2472          6.612
-2473          6.616
-2476          6.622
-2477          6.627
-2479          6.632
-2482          6.637
-2483          6.642
-2486          6.648
-2488          6.653
-2489          6.658
-2492          6.664
-2493          6.668
-2497          6.677
-2499          6.683
-2500          6.688
-2503          6.693
-2505          6.699
-2506          6.705
-2509          6.709
-2510          6.715
-2513          6.719
-2514          6.725
-2516          6.729
-2518          6.735
-2520          6.739
-2522          6.745
-2524          6.75
-2526          6.756
-2528          6.76
-2530          6.766
-2532          6.77
-2534          6.776
-2536          6.78
-2538          6.786
-2540          6.79
-2541          6.795
-2544          6.802
-2545          6.807
-2548          6.812
-2549          6.817
-2551          6.822
-2553          6.827
-2555          6.832
-2556          6.837
-2559          6.842
-2560          6.847
-2564          6.853
-2565          6.858
-2567          6.864
-2568          6.868
-2571          6.874
-2572          6.879
-2575          6.884
-2576          6.889
-2578          6.894
-2581          6.899
-2582          6.905
-2584          6.91
-2586          6.915
-2588          6.92
-2590          6.925
-2592          6.93
-2594          6.935
-2596          6.94
-2598          6.945
-2600          6.95
-2602          6.956
-2604          6.961
-2606          6.966
-2608          6.971
-2610          6.976
-2612          6.981
-2613          6.986
-2616          6.992
-2617          6.996
-2620          7.003
-2622          7.007
-2624          7.013
-2626          7.018
-2628          7.023
-2629          7.028
-2632          7.033
-2633          7.038
-2635          7.043
-2637          7.048
-2639          7.054
-2642          7.059
-2643          7.064
-2645          7.069
-2648          7.078
-2650          7.084
-2652          7.089
-2654          7.094
-2656          7.099
-2659          7.105
-2660          7.11
-2662          7.115
-2664          7.12
-2666          7.125
-2668          7.13
-2670          7.135
-2672          7.14
-2674          7.145
-2676          7.15
-2678          7.157
-2681          7.163
-2682          7.167
-2684          7.173
-2686          7.177
-2688          7.183
-2690          7.187
-2691          7.193
-2694          7.197
-2696          7.203
-2698          7.209
-2700          7.214
-2701          7.219
-2704          7.224
-2705          7.229
-2707          7.234
-2709          7.239
-2711          7.244
-2712          7.249
-2715          7.254
-2717          7.26
-2720          7.265
-2721          7.27
-2723          7.275
-2725          7.28
-2727          7.286
-2729          7.29
-2731          7.296
-2733          7.3
-2734          7.306
-2737          7.312
-2738          7.317
-2740          7.322
-2742          7.327
-2744          7.332
-2746          7.337
-2748          7.342
-2750          7.347
-2752          7.352
-2754          7.358
-2756          7.364
-2758          7.368
-2760          7.374
-2762          7.378
-2764          7.384
-2766          7.388
-2768          7.394
-2769          7.399
-2772          7.404
-2774          7.41
-2776          7.415
-2778          7.42
-2780          7.425
-2782          7.43
-2783          7.435
-2785          7.44
-2787          7.445
-2789          7.45
-2791          7.455
-2794          7.461
-2795          7.466
-2798          7.472
-2800          7.48
-2803          7.485
-2804          7.49
-2806          7.496
-2809          7.5
-2810          7.506
-2812          7.512
-2815          7.517
-2816          7.522
-2818          7.527
-2820          7.533
-2822          7.537
-2824          7.543
-2826          7.547
-2828          7.553
-2830          7.557
-2832          7.564
-2834          7.568
-2836          7.574
-2838          7.578
-2840          7.584
-2841          7.589
-2844          7.594
-2845          7.599
-2848          7.604
-2849          7.609
-2852          7.616
-2854          7.621
-2856          7.626
-2858          7.631
-2860          7.636
-2862          7.641
-2863          7.646
-2866          7.652
-2867          7.656
-2870          7.662
-2872          7.667
-2876          7.675
-2878          7.684
-2880          7.69
-2882          7.696
-2885          7.704
-2887          7.709
-2889          7.715
-2891          7.719
-2894          7.725
-2895          7.73
-2898          7.735
-2899          7.74
-2901          7.745
-2902          7.75
-2905          7.755
-2906          7.76
-2909          7.766
-2911          7.772
-2912          7.776
-2915          7.782
-2916          7.787
-2918          7.792
-2921          7.797
-2922          7.802
-2924          7.807
-2926          7.812
-2928          7.818
-2930          7.824
-2932          7.828
-2934          7.834
-2936          7.838
-2938          7.844
-2940          7.849
-2942          7.854
-2944          7.859
-2946          7.864
-2948          7.869
-2951          7.879
-2953          7.885
-2956          7.889
-2957          7.895
-2960          7.899
-2961          7.905
-2963          7.91
-2966          7.915
-2968          7.922
-2969          7.926
-2972          7.932
-2973          7.936
-2975          7.942
-2977          7.946
-2979          7.952
-2980          7.956
-2983          7.962
-2985          7.966
-2988          7.973
-2989          7.977
-2991          7.983
-2993          7.987
-2995          7.993
-2996          7.997
-2999          8.003
