0          0.018
0          0.023
0          0.029
0          0.035
0          0.043
1          0.047
2          0.054
2          0.058
2          0.065
4          0.072
4          0.077
5          0.082
6          0.089
7          0.094
8          0.099
9          0.104
10          0.111
11          0.116
12          0.121
13          0.126
14          0.132
14          0.137
16          0.143
17          0.148
18          0.154
20          0.162
21          0.166
22          0.171
23          0.176
24          0.182
25          0.187
27          0.193
28          0.198
29          0.204
30          0.209
32          0.215
33          0.222
34          0.226
35          0.233
36          0.237
38          0.243
40          0.254
41          0.258
42          0.264
44          0.271
45          0.276
46          0.281
48          0.288
49          0.293
50          0.298
51          0.303
52          0.307
54          0.315
55          0.32
56          0.325
58          0.329
58          0.336
60          0.342
60          0.347
62          0.353
63          0.358
65          0.364
66          0.369
68          0.375
69          0.382
70          0.386
71          0.393
72          0.397
74          0.403
75          0.408
76          0.414
78          0.422
79          0.426
80          0.431
81          0.436
82          0.442
84          0.447
84          0.452
86          0.457
87          0.462
88          0.467
90          0.473
90          0.478
92          0.483
93          0.488
94          0.493
95          0.498
96          0.503
98          0.508
99          0.513
100          0.517
101          0.524
102          0.528
103          0.534
104          0.538
106          0.543
106          0.548
108          0.553
108          0.558
110          0.563
111          0.568
112          0.574
113          0.579
114          0.584
116          0.589
117          0.594
118          0.599
119          0.604
120          0.609
122          0.614
122          0.619
124          0.625
125          0.629
126          0.635
127          0.639
128          0.645
130          0.654
131          0.659
133          0.664
134          0.669
136          0.675
136          0.68
140          0.696
142          0.702
143          0.707
144          0.713
146          0.72
147          0.727
149          0.734
150          0.739
151          0.745
153          0.75
154          0.756
155          0.763
156          0.769
158          0.775
160          0.782
161          0.787
162          0.793
164          0.799
165          0.805
166          0.811
167          0.817
169          0.823
170          0.83
172          0.835
173          0.839
174          0.845
175          0.849
176          0.855
177          0.859
178          0.865
180          0.869
180          0.875
182          0.88
183          0.886
184          0.892
186          0.896
187          0.901
188          0.906
189          0.91
190          0.916
192          0.92
192          0.926
194          0.932
194          0.936
196          0.942
197          0.946
198          0.952
199          0.956
200          0.961
201          0.966
202          0.97
204          0.976
205          0.982
206          0.987
207          0.992
208          0.997
210          1.002
210          1.006
212          1.012
213          1.016
214          1.022
215          1.026
217          1.033
218          1.037
219          1.043
221          1.05
222          1.056
223          1.062
224          1.066
225          1.072
226          1.076
228          1.083
229          1.087
230          1.093
231          1.097
232          1.103
234          1.107
234          1.112
236          1.117
237          1.122
238          1.127
240          1.133
240          1.138
242          1.143
243          1.148
244          1.153
245          1.158
246          1.163
247          1.167
248          1.173
250          1.177
251          1.184
252          1.188
253          1.193
254          1.198
256          1.203
256          1.208
258          1.213
258          1.218
260          1.223
261          1.227
262          1.233
263          1.238
264          1.244
266          1.248
267          1.254
268          1.258
269          1.263
270          1.268
271          1.274
272          1.278
274          1.283
275          1.289
276          1.294
277          1.299
278          1.304
279          1.309
280          1.314
281          1.318
283          1.324
284          1.328
285          1.334
286          1.339
287          1.345
289          1.349
290          1.355
291          1.359
292          1.364
293          1.369
294          1.374
295          1.379
296          1.384
298          1.39
299          1.395
300          1.4
301          1.405
302          1.41
303          1.415
304          1.419
306          1.425
307          1.429
308          1.435
309          1.44
310          1.445
312          1.455
314          1.459
314          1.465
316          1.469
317          1.475
318          1.479
321          1.493
322          1.497
323          1.502
324          1.507
325          1.512
327          1.517
328          1.522
328          1.527
330          1.532
331          1.537
333          1.543
334          1.547
334          1.553
336          1.557
337          1.562
338          1.567
339          1.572
340          1.577
341          1.582
342          1.587
344          1.593
345          1.597
346          1.603
347          1.607
348          1.613
350          1.617
350          1.622
351          1.627
352          1.632
354          1.637
356          1.644
356          1.648
358          1.653
358          1.658
360          1.663
361          1.668
362          1.673
363          1.677
364          1.683
365          1.687
367          1.694
368          1.698
369          1.704
370          1.708
371          1.713
372          1.718
374          1.723
374          1.728
376          1.733
377          1.737
378          1.744
379          1.748
380          1.754
381          1.758
383          1.764
384          1.768
385          1.774
386          1.778
387          1.783
388          1.788
390          1.794
390          1.799
392          1.804
392          1.809
394          1.814
395          1.819
396          1.824
397          1.828
398          1.834
400          1.838
401          1.845
403          1.849
404          1.858
406          1.864
406          1.868
408          1.874
408          1.878
410          1.884
411          1.889
413          1.895
414          1.9
415          1.905
416          1.91
417          1.915
418          1.92
419          1.925
420          1.929
421          1.935
422          1.939
424          1.945
425          1.95
426          1.955
427          1.96
428          1.965
430          1.97
430          1.975
432          1.979
433          1.985
434          1.989
435          1.995
436          2.0
438          2.005
439          2.012
440          2.017
441          2.022
442          2.026
444          2.032
444          2.037
446          2.042
447          2.046
448          2.053
449          2.057
450          2.063
452          2.067
452          2.073
454          2.077
455          2.082
456          2.087
457          2.092
458          2.097
460          2.103
461          2.107
462          2.113
463          2.117
464          2.123
465          2.127
466          2.133
468          2.137
468          2.142
469          2.147
471          2.153
472          2.158
474          2.163
474          2.168
476          2.173
477          2.178
478          2.183
479          2.187
480          2.193
481          2.197
482          2.204
484          2.208
485          2.213
486          2.218
487          2.223
488          2.228
489          2.233
490          2.238
492          2.243
492          2.247
494          2.257
496          2.263
497          2.268
498          2.273
500          2.278
501          2.283
502          2.288
503          2.293
504          2.298
506          2.304
506          2.309
508          2.314
508          2.318
510          2.324
511          2.328
512          2.333
513          2.338
516          2.351
518          2.357
518          2.363
520          2.367
521          2.372
522          2.377
523          2.382
524          2.387
526          2.392
526          2.396
528          2.402
529          2.407
530          2.413
531          2.419
532          2.424
534          2.429
535          2.434
536          2.438
537          2.444
538          2.448
539          2.453
541          2.459
542          2.464
542          2.469
544          2.475
545          2.479
546          2.484
547          2.489
548          2.494
550          2.499
551          2.504
552          2.509
553          2.515
554          2.519
555          2.525
556          2.529
558          2.535
559          2.539
560          2.544
561          2.549
562          2.554
563          2.56
565          2.565
566          2.57
566          2.575
568          2.579
569          2.585
570          2.589
571          2.595
572          2.599
574          2.605
575          2.61
576          2.615
577          2.62
578          2.625
579          2.63
580          2.635
582          2.64
582          2.645
584          2.649
586          2.66
588          2.665
588          2.67
590          2.675
590          2.68
592          2.685
593          2.69
594          2.695
595          2.699
596          2.705
598          2.71
599          2.716
600          2.72
601          2.725
602          2.73
604          2.735
604          2.74
606          2.745
606          2.75
608          2.755
609          2.761
610          2.766
612          2.77
612          2.776
614          2.78
615          2.785
616          2.79
617          2.795
618          2.8
619          2.805
621          2.809
622          2.816
623          2.821
624          2.826
625          2.83
626          2.836
628          2.84
628          2.845
629          2.85
630          2.855
632          2.86
633          2.866
634          2.871
635          2.876
636          2.88
638          2.886
639          2.892
640          2.896
641          2.902
642          2.906
644          2.912
645          2.917
646          2.922
646          2.927
648          2.932
649          2.937
650          2.942
651          2.947
652          2.952
654          2.957
655          2.962
656          2.968
658          2.973
658          2.977
659          2.983
660          2.987
662          2.992
663          2.997
664          3.002
665          3.007
666          3.012
668          3.018
669          3.023
670          3.028
671          3.033
672          3.038
674          3.043
674          3.047
676          3.055
678          3.062
679          3.067
680          3.073
681          3.078
682          3.083
683          3.088
685          3.093
686          3.097
686          3.103
688          3.107
689          3.113
690          3.118
692          3.123
692          3.128
694          3.133
695          3.138
696          3.143
697          3.148
698          3.153
699          3.157
700          3.163
702          3.169
703          3.174
704          3.178
705          3.184
706          3.188
708          3.194
708          3.198
710          3.204
710          3.208
712          3.213
713          3.219
714          3.224
715          3.229
717          3.234
718          3.239
719          3.244
720          3.248
721          3.254
722          3.258
724          3.264
725          3.269
726          3.275
727          3.279
728          3.284
729          3.289
730          3.294
731          3.299
732          3.304
734          3.308
735          3.314
736          3.318
737          3.325
738          3.329
740          3.335
741          3.339
742          3.345
743          3.349
744          3.354
745          3.359
746          3.364
747          3.369
748          3.375
750          3.38
751          3.385
752          3.389
753          3.395
754          3.399
755          3.405
756          3.409
758          3.414
758          3.419
760          3.425
761          3.43
762          3.435
764          3.44
764          3.445
766          3.449
768          3.459
769          3.464
770          3.469
771          3.475
772          3.479
774          3.485
775          3.489
776          3.495
777          3.499
778          3.505
779          3.509
780          3.515
782          3.519
783          3.525
784          3.53
785          3.535
786          3.54
788          3.545
788          3.55
790          3.555
791          3.559
792          3.565
793          3.569
794          3.576
796          3.58
796          3.585
798          3.59
799          3.595
800          3.6
801          3.605
802          3.61
803          3.615
804          3.62
806          3.626
807          3.631
808          3.636
809          3.64
810          3.646
812          3.65
812          3.655
814          3.66
815          3.665
816          3.67
817          3.676
818          3.682
819          3.686
821          3.691
822          3.696
823          3.7
824          3.706
825          3.71
826          3.715
827          3.72
828          3.725
830          3.732
830          3.736
832          3.742
833          3.746
834          3.751
835          3.756
836          3.761
838          3.766
839          3.77
840          3.775
841          3.782
842          3.786
844          3.792
844          3.796
846          3.802
846          3.806
848          3.811
849          3.816
850          3.821
851          3.826
852          3.832
853          3.837
855          3.842
856          3.846
857          3.852
859          3.859
860          3.865
861          3.87
862          3.875
864          3.882
865          3.887
866          3.893
868          3.897
868          3.903
870          3.907
870          3.912
872          3.917
873          3.922
874          3.927
876          3.933
876          3.938
878          3.943
879          3.947
880          3.953
881          3.957
882          3.963
884          3.967
884          3.972
886          3.977
887          3.984
888          3.988
889          3.993
890          3.998
892          4.003
892          4.008
894          4.013
895          4.017
896          4.023
897          4.027
898          4.034
899          4.038
900          4.044
902          4.048
903          4.053
904          4.058
905          4.063
906          4.068
908          4.073
908          4.078
910          4.084
911          4.089
912          4.094
913          4.099
914          4.104
915          4.108
916          4.114
918          4.119
919          4.124
920          4.128
921          4.135
922          4.139
923          4.145
924          4.149
926          4.155
927          4.159
928          4.164
929          4.169
930          4.174
931          4.179
932          4.185
934          4.189
935          4.195
936          4.199
937          4.205
938          4.209
939          4.215
940          4.219
942          4.225
943          4.229
944          4.235
945          4.24
946          4.245
947          4.25
949          4.255
950          4.264
952          4.269
953          4.274
954          4.279
956          4.284
956          4.29
958          4.295
959          4.3
960          4.305
961          4.309
962          4.315
963          4.319
964          4.325
966          4.329
966          4.335
968          4.34
969          4.345
970          4.352
972          4.357
973          4.362
974          4.367
975          4.372
976          4.377
978          4.382
979          4.386
980          4.393
981          4.398
982          4.403
983          4.407
984          4.413
986          4.417
986          4.423
988          4.427
989          4.432
990          4.437
992          4.443
992          4.448
994          4.453
994          4.458
996          4.463
997          4.468
998          4.473
999          4.477
1000          4.483
1002          4.487
1003          4.494
1004          4.498
1005          4.504
1006          4.508
1008          4.514
1008          4.519
1010          4.524
1010          4.528
1012          4.534
1013          4.538
1014          4.545
1016          4.549
1016          4.554
1019          4.567
1020          4.572
1022          4.577
1023          4.582
1024          4.587
1026          4.593
1026          4.598
1028          4.603
1029          4.608
1030          4.613
1031          4.617
1032          4.623
1033          4.627
1035          4.633
1036          4.637
1037          4.644
1038          4.648
1039          4.654
1041          4.662
1042          4.667
1043          4.672
1044          4.677
1046          4.682
1047          4.687
1048          4.693
1049          4.698
1050          4.703
1052          4.708
1053          4.713
1054          4.717
1055          4.723
1056          4.727
1057          4.733
1058          4.737
1059          4.742
1060          4.748
1062          4.753
1063          4.758
1064          4.764
1065          4.768
1066          4.773
1067          4.778
1068          4.783
1070          4.788
1071          4.793
1072          4.799
1073          4.804
1074          4.809
1076          4.814
1076          4.819
1078          4.824
1079          4.828
1080          4.834
1081          4.838
1082          4.844
1084          4.849
1085          4.855
1086          4.859
1087          4.864
1088          4.869
1089          4.874
1090          4.879
1091          4.884
1093          4.889
1094          4.895
1096          4.9
1096          4.905
1098          4.91
1099          4.915
1100          4.92
1101          4.925
1102          4.93
1103          4.936
1104          4.941
1106          4.946
1107          4.952
1108          4.957
1109          4.962
1110          4.967
1111          4.972
1112          4.976
1114          4.982
1114          4.986
1116          4.991
1117          4.996
1119          5.003
1120          5.013
1122          5.017
1123          5.022
1124          5.027
1125          5.032
1126          5.037
1128          5.042
1128          5.047
1130          5.053
1132          5.058
1133          5.067
1134          5.072
1136          5.077
1136          5.082
1138          5.087
1139          5.092
1140          5.097
1141          5.103
1142          5.108
1144          5.113
1144          5.118
1146          5.123
1147          5.128
1148          5.133
1149          5.138
1150          5.143
1152          5.147
1153          5.154
1154          5.159
1155          5.164
1156          5.168
1157          5.174
1158          5.179
1160          5.184
1160          5.188
1162          5.194
1163          5.198
1164          5.205
1166          5.209
1166          5.215
1168          5.219
1169          5.224
1170          5.229
1171          5.234
1172          5.239
1173          5.244
1174          5.249
1176          5.255
1177          5.259
1178          5.265
1179          5.269
1180          5.275
1182          5.279
1182          5.285
1184          5.289
1184          5.295
1186          5.299
1187          5.305
1188          5.31
1190          5.315
1190          5.32
1192          5.325
1193          5.33
1194          5.335
1195          5.339
1196          5.345
1197          5.349
1199          5.356
1200          5.36
1201          5.365
1202          5.37
1203          5.375
1204          5.38
1206          5.385
1206          5.39
1207          5.395
1208          5.399
1210          5.406
1211          5.41
1212          5.416
1214          5.42
1214          5.426
1216          5.43
1217          5.435
1218          5.44
1219          5.445
1220          5.45
1222          5.456
1223          5.465
1224          5.469
1226          5.475
1227          5.48
1228          5.485
1229          5.49
1230          5.495
1231          5.5
1233          5.505
1234          5.511
1235          5.516
1236          5.52
1237          5.525
1238          5.53
1240          5.535
1240          5.54
1242          5.545
1243          5.55
1244          5.555
1246          5.562
1246          5.566
1248          5.571
1249          5.576
1250          5.58
1251          5.586
1252          5.59
1253          5.596
1254          5.6
1256          5.605
1257          5.612
1258          5.616
1259          5.622
1260          5.626
1261          5.631
1262          5.636
1264          5.64
1264          5.646
1266          5.65
1267          5.656
1268          5.662
1269          5.666
1270          5.672
1272          5.677
1273          5.682
1274          5.686
1275          5.692
1276          5.696
1277          5.702
1278          5.706
1280          5.713
1281          5.717
1282          5.723
1283          5.727
1284          5.733
1286          5.737
1286          5.743
1288          5.747
1288          5.753
1290          5.757
1292          5.764
1292          5.768
1294          5.774
1294          5.778
1296          5.784
1297          5.788
1298          5.793
1299          5.798
1300          5.804
1301          5.808
1303          5.815
1304          5.819
1305          5.824
1306          5.829
1307          5.834
1308          5.839
1310          5.844
1310          5.849
1312          5.854
1313          5.859
1315          5.869
1316          5.874
1317          5.879
1319          5.884
1320          5.89
1322          5.895
1322          5.9
1324          5.905
1324          5.91
1326          5.916
1327          5.92
1328          5.926
1330          5.93
1330          5.936
1332          5.94
1332          5.945
1334          5.95
1335          5.955
1336          5.96
1337          5.967
1339          5.972
1340          5.976
1341          5.982
1342          5.986
1343          5.992
1344          5.996
1346          6.001
1346          6.006
1348          6.01
1349          6.017
1350          6.022
1351          6.027
1352          6.032
1353          6.037
1354          6.042
1356          6.046
1357          6.052
1358          6.056
1359          6.062
1360          6.067
1361          6.073
1363          6.077
1364          6.083
1365          6.087
1366          6.092
1367          6.097
1368          6.102
1369          6.107
1370          6.112
1372          6.118
1373          6.123
1374          6.127
1375          6.133
1376          6.137
1378          6.143
1378          6.147
1380          6.153
1381          6.157
1382          6.162
1383          6.167
1384          6.173
1386          6.178
1387          6.183
1388          6.187
1389          6.193
1390          6.198
1391          6.203
1392          6.207
1393          6.213
1394          6.217
1396          6.224
1397          6.228
1398          6.233
1399          6.238
1400          6.243
1401          6.248
1402          6.253
1404          6.258
1405          6.267
1407          6.273
1408          6.278
1410          6.283
1410          6.288
1412          6.293
1413          6.298
1414          6.303
1415          6.307
1416          6.313
1417          6.317
1418          6.324
1420          6.329
1421          6.334
1422          6.339
1423          6.344
1424          6.348
1425          6.354
1426          6.358
1428          6.363
1428          6.368
1430          6.375
1431          6.379
1432          6.384
1433          6.389
1434          6.394
1436          6.399
1437          6.404
1438          6.409
1439          6.414
1440          6.418
1441          6.425
1443          6.429
1444          6.435
1445          6.439
1446          6.445
1447          6.449
1448          6.455
1449          6.459
1450          6.465
1452          6.469
1453          6.475
1454          6.48
1455          6.485
1456          6.489
1458          6.495
1458          6.5
1460          6.505
1461          6.509
1462          6.515
1463          6.519
1464          6.525
1466          6.53
1467          6.535
1468          6.54
1469          6.545
1470          6.55
1471          6.555
1472          6.56
1474          6.566
1475          6.572
1476          6.577
1478          6.583
1478          6.587
1479          6.593
1481          6.597
1482          6.603
1483          6.607
1484          6.612
1485          6.617
1486          6.622
1488          6.628
1489          6.633
1490          6.638
1491          6.643
1492          6.647
1494          6.653
1494          6.657
1496          6.663
1498          6.672
1499          6.678
1500          6.683
1503          6.696
1504          6.7
1505          6.705
1507          6.71
1508          6.716
1509          6.72
1510          6.725
1511          6.732
1512          6.736
1514          6.742
1514          6.746
1516          6.752
1517          6.756
1518          6.761
1519          6.766
1520          6.771
1521          6.776
1522          6.782
1524          6.786
1525          6.792
1526          6.796
1527          6.802
1528          6.806
1530          6.812
1530          6.816
1532          6.821
1532          6.826
1534          6.832
1535          6.837
1536          6.842
1537          6.847
1538          6.852
1540          6.857
1541          6.862
1542          6.867
1543          6.872
1544          6.876
1546          6.883
1546          6.888
1548          6.894
1549          6.898
1550          6.903
1551          6.908
1552          6.913
1554          6.918
1555          6.923
1556          6.928
1557          6.934
1558          6.939
1560          6.944
1560          6.949
1562          6.954
1562          6.958
1564          6.964
1565          6.968
1566          6.974
1567          6.978
1568          6.985
1570          6.989
1571          6.994
1572          6.999
1573          7.004
1574          7.009
1575          7.014
1576          7.019
1578          7.024
1578          7.028
1580          7.035
1581          7.039
1582          7.045
1584          7.049
1584          7.055
1586          7.059
1587          7.064
1589          7.074
1590          7.079
1591          7.085
1592          7.089
1594          7.095
1595          7.1
1596          7.105
1597          7.11
1598          7.115
1600          7.12
1600          7.125
1602          7.129
1603          7.136
1604          7.14
1605          7.145
1606          7.15
1608          7.155
1608          7.16
1610          7.165
1611          7.17
1612          7.175
1613          7.18
1614          7.186
1616          7.19
1616          7.196
1618          7.2
1619          7.205
1620          7.21
1621          7.215
1622          7.22
1624          7.225
1624          7.23
1626          7.235
1627          7.241
1628          7.246
1630          7.25
1630          7.256
1632          7.26
1633          7.265
1634          7.27
1635          7.275
1636          7.28
1637          7.285
1638          7.292
1639          7.296
1641          7.301
1642          7.306
1643          7.311
1644          7.316
1645          7.32
1646          7.325
1647          7.33
1648          7.335
1650          7.342
1651          7.346
1652          7.352
1653          7.356
1654          7.361
1656          7.366
1657          7.371
1658          7.376
1659          7.38
1660          7.386
1661          7.392
1662          7.397
1664          7.402
1664          7.406
1666          7.412
1666          7.416
1668          7.421
1669          7.426
1670          7.431
1671          7.436
1672          7.442
1674          7.447
1675          7.452
1676          7.457
1677          7.462
1680          7.472
1680          7.477
1682          7.482
1682          7.487
1684          7.493
1685          7.498
1687          7.503
1688          7.508
1689          7.513
1690          7.517
1691          7.523
1692          7.527
1693          7.533
1694          7.537
1696          7.543
1696          7.548
1698          7.553
1699          7.558
1700          7.563
1701          7.568
1702          7.573
1704          7.577
1705          7.583
1706          7.587
1707          7.594
1708          7.598
1709          7.604
1710          7.608
1712          7.614
1712          7.618
1714          7.624
1715          7.628
1716          7.634
1717          7.638
1718          7.644
1719          7.649
1721          7.654
1722          7.659
1723          7.664
1724          7.669
1725          7.674
1726          7.678
1728          7.684
1728          7.688
1730          7.695
1731          7.699
1732          7.705
1734          7.709
1734          7.714
1735          7.719
1736          7.724
1738          7.729
1739          7.734
1740          7.739
1741          7.744
1742          7.749
1744          7.755
1745          7.759
1746          7.765
1747          7.769
1748          7.775
1749          7.779
1750          7.784
1751          7.789
1752          7.794
1754          7.799
1755          7.805
1756          7.809
1757          7.815
1758          7.819
1759          7.825
1761          7.829
1762          7.835
1763          7.839
1764          7.845
1765          7.85
1766          7.855
1768          7.86
1768          7.865
1771          7.874
1772          7.879
1774          7.884
1774          7.89
1776          7.895
1777          7.902
1778          7.906
1779          7.911
1780          7.916
1782          7.92
1782          7.925
1783          7.93
1785          7.935
1786          7.94
1787          7.945
1788          7.952
1789          7.956
1790          7.961
1792          7.966
1793          7.971
1794          7.976
1795          7.98
1796          7.986
1798          7.99
1798          7.995
1800          8.002
