0          0.019
0          0.024
0          0.029
0          0.034
0          0.041
1          0.048
1          0.057
1          0.063
1          0.067
2          0.074
3          0.08
3          0.085
4          0.092
5          0.096
5          0.102
6          0.109
7          0.114
7          0.119
8          0.124
9          0.13
9          0.135
10          0.142
11          0.146
11          0.153
11          0.157
13          0.163
13          0.168
14          0.174
15          0.181
15          0.185
17          0.192
17          0.196
17          0.203
18          0.207
19          0.214
20          0.219
21          0.224
21          0.231
22          0.235
23          0.242
24          0.246
25          0.253
25          0.257
26          0.264
27          0.27
28          0.275
29          0.281
29          0.286
31          0.292
31          0.297
32          0.303
33          0.31
33          0.315
34          0.32
35          0.325
36          0.331
37          0.336
37          0.342
38          0.347
39          0.353
39          0.358
40          0.364
41          0.37
42          0.375
43          0.381
43          0.386
44          0.392
45          0.397
46          0.403
47          0.408
47          0.414
49          0.42
49          0.424
49          0.429
51          0.436
51          0.443
53          0.448
53          0.453
55          0.463
55          0.468
56          0.473
57          0.478
57          0.483
58          0.488
59          0.493
59          0.498
60          0.503
61          0.508
62          0.514
62          0.519
63          0.524
63          0.529
65          0.534
65          0.538
66          0.544
67          0.548
67          0.554
68          0.558
69          0.565
69          0.569
70          0.574
71          0.579
71          0.584
72          0.589
73          0.594
73          0.599
75          0.604
75          0.608
76          0.615
77          0.62
77          0.624
78          0.629
79          0.634
79          0.639
80          0.644
81          0.649
81          0.654
82          0.658
83          0.665
84          0.67
84          0.675
85          0.68
86          0.685
87          0.689
87          0.694
88          0.699
89          0.704
89          0.709
90          0.715
91          0.72
91          0.725
92          0.73
93          0.735
93          0.74
94          0.745
95          0.749
95          0.754
97          0.759
97          0.765
98          0.77
99          0.775
99          0.78
100          0.785
101          0.79
101          0.795
102          0.8
103          0.805
103          0.81
105          0.815
105          0.821
106          0.825
107          0.831
107          0.835
108          0.841
109          0.845
109          0.851
111          0.858
111          0.864
112          0.871
113          0.875
113          0.881
114          0.885
115          0.891
115          0.895
116          0.901
117          0.905
118          0.911
119          0.916
119          0.923
121          0.933
122          0.941
123          0.948
125          0.955
125          0.961
127          0.969
127          0.974
128          0.982
129          0.986
129          0.992
130          0.996
131          1.003
131          1.007
133          1.014
133          1.02
134          1.027
135          1.033
136          1.037
137          1.043
138          1.05
138          1.055
139          1.06
139          1.065
141          1.073
142          1.078
142          1.083
143          1.088
144          1.094
145          1.101
145          1.105
147          1.112
147          1.116
148          1.125
149          1.133
151          1.139
151          1.145
152          1.15
153          1.158
154          1.163
154          1.167
155          1.173
157          1.183
157          1.187
158          1.194
159          1.2
159          1.205
161          1.211
161          1.216
162          1.223
163          1.228
164          1.234
165          1.242
165          1.247
167          1.253
168          1.263
169          1.269
170          1.276
171          1.281
171          1.286
172          1.292
173          1.297
174          1.303
174          1.307
176          1.318
177          1.325
178          1.331
179          1.338
179          1.343
180          1.348
181          1.353
183          1.368
183          1.373
185          1.382
185          1.386
186          1.392
187          1.399
188          1.405
189          1.411
190          1.42
191          1.425
192          1.434
193          1.442
194          1.446
196          1.455
197          1.467
198          1.473
199          1.48
199          1.485
201          1.491
201          1.496
202          1.502
203          1.507
203          1.513
205          1.518
206          1.529
207          1.534
207          1.539
208          1.544
209          1.549
209          1.554
210          1.559
211          1.564
211          1.568
212          1.574
213          1.58
213          1.585
215          1.59
215          1.595
216          1.6
217          1.604
217          1.609
218          1.614
219          1.619
219          1.624
220          1.63
221          1.635
222          1.64
222          1.645
223          1.651
224          1.655
225          1.664
226          1.669
227          1.674
227          1.681
228          1.685
229          1.691
229          1.695
230          1.701
231          1.705
231          1.711
232          1.715
233          1.721
233          1.725
235          1.732
235          1.736
236          1.741
237          1.746
237          1.751
238          1.756
239          1.761
239          1.767
241          1.773
241          1.777
242          1.783
243          1.788
243          1.793
244          1.798
245          1.803
245          1.807
246          1.813
247          1.817
247          1.823
248          1.827
249          1.833
250          1.838
251          1.843
251          1.848
252          1.853
253          1.858
253          1.863
254          1.868
255          1.873
255          1.878
256          1.884
257          1.889
258          1.894
258          1.898
259          1.904
260          1.908
260          1.913
261          1.918
262          1.923
263          1.929
263          1.935
264          1.941
265          1.945
266          1.95
266          1.955
267          1.96
268          1.964
269          1.969
269          1.974
270          1.979
271          1.985
271          1.99
272          1.995
273          2.0
273          2.005
275          2.012
275          2.016
276          2.022
277          2.026
277          2.031
278          2.037
279          2.042
279          2.047
280          2.052
281          2.057
282          2.066
283          2.071
283          2.076
284          2.081
285          2.086
286          2.092
287          2.097
287          2.102
288          2.107
289          2.112
289          2.117
290          2.122
291          2.127
292          2.132
292          2.136
293          2.143
294          2.147
295          2.153
295          2.157
296          2.163
297          2.167
297          2.173
298          2.177
299          2.182
299          2.187
300          2.193
301          2.198
301          2.203
302          2.207
303          2.213
303          2.217
305          2.223
305          2.227
306          2.233
306          2.237
307          2.243
308          2.248
309          2.253
309          2.258
310          2.263
311          2.268
311          2.273
312          2.277
313          2.283
313          2.287
315          2.293
315          2.298
316          2.303
317          2.308
317          2.313
318          2.318
319          2.323
319          2.327
320          2.333
321          2.337
321          2.343
323          2.348
323          2.353
324          2.358
325          2.363
325          2.368
326          2.373
327          2.378
327          2.383
328          2.388
329          2.394
330          2.399
330          2.404
331          2.409
332          2.414
332          2.419
333          2.424
334          2.428
335          2.434
335          2.438
339          2.458
339          2.468
340          2.474
341          2.479
342          2.487
343          2.492
344          2.498
344          2.503
345          2.51
346          2.515
347          2.52
347          2.525
349          2.532
349          2.536
350          2.542
351          2.548
352          2.554
353          2.561
353          2.565
354          2.572
355          2.576
355          2.582
356          2.587
357          2.593
358          2.6
359          2.605
360          2.611
360          2.615
361          2.621
362          2.625
363          2.631
363          2.635
364          2.64
365          2.645
366          2.651
366          2.656
367          2.661
368          2.666
368          2.671
369          2.675
370          2.681
370          2.685
371          2.691
371          2.695
373          2.702
373          2.706
374          2.712
375          2.716
375          2.722
376          2.726
377          2.731
377          2.736
378          2.741
379          2.745
380          2.752
381          2.757
381          2.762
382          2.766
383          2.772
383          2.776
384          2.782
385          2.786
385          2.791
386          2.796
387          2.802
387          2.807
389          2.812
389          2.817
390          2.822
391          2.826
391          2.832
392          2.836
393          2.842
393          2.846
394          2.853
395          2.857
396          2.866
397          2.872
397          2.876
399          2.882
399          2.886
400          2.892
400          2.896
401          2.903
402          2.907
403          2.913
403          2.917
404          2.922
405          2.928
405          2.933
406          2.937
407          2.943
407          2.947
409          2.954
409          2.958
410          2.963
411          2.968
411          2.973
412          2.978
413          2.983
413          2.988
414          2.993
415          2.997
416          3.004
416          3.008
417          3.014
418          3.018
418          3.023
419          3.028
420          3.033
421          3.038
421          3.043
422          3.048
423          3.053
423          3.059
424          3.064
425          3.068
425          3.074
426          3.078
427          3.084
427          3.088
428          3.093
429          3.098
430          3.103
431          3.109
431          3.114
432          3.119
433          3.124
433          3.128
434          3.134
435          3.138
436          3.144
436          3.148
437          3.153
438          3.159
439          3.164
439          3.169
440          3.174
441          3.179
441          3.184
442          3.189
443          3.194
443          3.198
444          3.204
445          3.209
445          3.214
447          3.219
447          3.224
447          3.229
449          3.234
449          3.238
450          3.244
451          3.248
451          3.254
452          3.259
453          3.268
454          3.274
455          3.278
455          3.284
456          3.288
457          3.294
458          3.298
458          3.303
459          3.309
460          3.315
461          3.319
461          3.324
462          3.329
463          3.334
463          3.339
464          3.344
465          3.349
466          3.354
467          3.36
467          3.364
468          3.369
469          3.374
469          3.379
470          3.384
471          3.389
471          3.394
472          3.399
473          3.404
473          3.41
474          3.415
475          3.421
476          3.426
476          3.431
477          3.436
478          3.441
479          3.445
479          3.451
480          3.455
481          3.462
481          3.466
482          3.471
483          3.476
483          3.481
485          3.485
485          3.491
486          3.496
487          3.501
487          3.505
488          3.512
489          3.516
489          3.522
490          3.526
491          3.532
491          3.536
493          3.542
493          3.546
494          3.552
494          3.556
495          3.561
496          3.567
497          3.572
497          3.577
498          3.582
499          3.586
499          3.592
500          3.596
501          3.601
501          3.606
502          3.611
503          3.617
504          3.622
504          3.627
505          3.632
506          3.637
507          3.642
507          3.646
508          3.652
509          3.656
510          3.662
511          3.672
511          3.676
513          3.682
513          3.686
514          3.692
514          3.696
515          3.702
516          3.706
517          3.712
517          3.717
518          3.722
519          3.727
519          3.733
520          3.737
521          3.742
521          3.747
522          3.752
523          3.757
524          3.762
524          3.767
525          3.773
526          3.777
527          3.783
527          3.787
528          3.793
529          3.797
529          3.802
530          3.807
531          3.812
532          3.818
532          3.823
533          3.827
534          3.833
535          3.837
535          3.843
536          3.847
537          3.853
537          3.857
538          3.863
539          3.868
539          3.873
540          3.878
541          3.883
542          3.888
542          3.893
543          3.897
543          3.903
544          3.907
545          3.913
546          3.918
547          3.924
547          3.929
548          3.934
549          3.939
549          3.944
550          3.949
551          3.954
552          3.958
553          3.964
553          3.969
554          3.975
555          3.979
555          3.984
556          3.989
557          3.994
557          3.999
558          4.004
559          4.009
560          4.014
561          4.018
561          4.024
562          4.029
563          4.034
563          4.039
564          4.044
565          4.049
565          4.054
566          4.059
567          4.068
568          4.074
569          4.079
569          4.084
571          4.089
571          4.094
572          4.099
573          4.104
573          4.109
574          4.114
575          4.118
575          4.125
576          4.129
577          4.134
577          4.139
578          4.144
579          4.149
579          4.154
580          4.159
581          4.164
582          4.168
583          4.175
583          4.179
584          4.185
585          4.189
585          4.194
586          4.199
587          4.204
587          4.209
588          4.214
589          4.219
589          4.225
590          4.23
591          4.235
592          4.24
592          4.245
593          4.249
594          4.254
595          4.259
595          4.264
596          4.269
597          4.275
597          4.281
598          4.285
599          4.29
599          4.295
600          4.3
601          4.304
602          4.309
603          4.314
603          4.319
604          4.325
605          4.331
605          4.335
606          4.341
607          4.345
607          4.35
608          4.355
609          4.36
609          4.365
610          4.369
611          4.374
612          4.381
612          4.385
613          4.39
614          4.395
615          4.4
615          4.405
616          4.41
617          4.415
617          4.419
618          4.424
619          4.431
619          4.435
620          4.44
621          4.445
621          4.45
623          4.457
623          4.462
625          4.471
625          4.476
626          4.482
627          4.487
628          4.492
628          4.497
629          4.502
630          4.507
631          4.512
631          4.517
632          4.522
633          4.526
633          4.533
634          4.537
635          4.543
635          4.547
636          4.552
637          4.557
637          4.562
638          4.567
639          4.572
639          4.577
641          4.583
641          4.587
642          4.593
642          4.597
643          4.603
644          4.607
645          4.612
645          4.617
646          4.622
647          4.627
647          4.633
649          4.638
649          4.643
649          4.647
651          4.653
651          4.657
652          4.663
653          4.667
653          4.672
654          4.677
656          4.691
657          4.696
657          4.701
658          4.706
659          4.711
659          4.716
660          4.721
661          4.725
662          4.731
662          4.736
663          4.742
664          4.746
665          4.752
665          4.756
666          4.761
667          4.766
667          4.771
668          4.775
669          4.781
669          4.786
670          4.792
671          4.796
672          4.801
672          4.806
673          4.812
674          4.816
675          4.821
675          4.826
676          4.831
677          4.837
677          4.842
678          4.847
679          4.852
679          4.857
680          4.862
681          4.871
682          4.875
683          4.881
684          4.887
685          4.892
685          4.897
686          4.902
687          4.906
687          4.912
688          4.916
689          4.922
689          4.927
690          4.933
691          4.938
691          4.943
693          4.948
693          4.953
693          4.957
695          4.963
695          4.967
696          4.973
697          4.977
697          4.983
698          4.988
699          4.993
700          4.998
700          5.003
701          5.008
702          5.013
703          5.018
703          5.023
704          5.027
705          5.033
705          5.038
706          5.044
707          5.049
707          5.054
708          5.059
709          5.064
709          5.068
711          5.074
711          5.078
712          5.084
713          5.089
713          5.095
714          5.099
715          5.104
715          5.109
716          5.114
717          5.119
717          5.124
718          5.129
719          5.134
720          5.14
721          5.145
721          5.149
722          5.154
723          5.159
723          5.164
724          5.169
725          5.174
725          5.179
726          5.184
727          5.19
727          5.195
729          5.199
729          5.204
730          5.209
731          5.214
731          5.219
732          5.224
732          5.229
733          5.234
734          5.239
735          5.245
735          5.25
736          5.255
737          5.26
737          5.264
739          5.274
739          5.278
740          5.284
741          5.288
742          5.295
743          5.3
743          5.305
744          5.309
745          5.314
745          5.319
746          5.324
747          5.329
747          5.334
748          5.338
749          5.345
750          5.349
750          5.355
751          5.359
752          5.364
753          5.369
753          5.374
754          5.379
755          5.384
755          5.389
756          5.395
757          5.4
757          5.405
758          5.41
759          5.415
759          5.42
760          5.424
761          5.429
761          5.434
763          5.439
763          5.445
764          5.45
765          5.455
765          5.46
766          5.465
767          5.47
767          5.475
768          5.48
769          5.485
769          5.49
771          5.496
771          5.501
771          5.505
773          5.511
773          5.515
774          5.521
775          5.525
775          5.53
776          5.535
777          5.54
777          5.546
778          5.551
779          5.555
779          5.561
780          5.565
781          5.571
781          5.575
782          5.581
783          5.585
784          5.59
785          5.596
785          5.601
786          5.606
787          5.611
787          5.616
788          5.621
789          5.625
789          5.631
790          5.635
791          5.641
792          5.645
793          5.652
793          5.656
794          5.662
795          5.666
796          5.675
797          5.681
797          5.685
798          5.691
799          5.695
800          5.702
800          5.706
801          5.712
802          5.716
802          5.721
803          5.726
804          5.731
805          5.735
805          5.741
806          5.745
807          5.752
807          5.756
808          5.762
809          5.766
809          5.772
810          5.776
811          5.782
812          5.786
812          5.791
813          5.796
814          5.802
815          5.807
815          5.812
816          5.816
817          5.822
817          5.826
818          5.832
819          5.836
819          5.841
820          5.846
821          5.852
822          5.857
823          5.862
823          5.867
824          5.872
825          5.877
825          5.882
826          5.886
827          5.892
827          5.896
828          5.903
829          5.907
829          5.913
830          5.917
831          5.922
833          5.933
834          5.942
835          5.95
836          5.958
837          5.963
838          5.971
839          5.975
839          5.98
840          5.985
841          5.992
842          5.997
843          6.003
843          6.008
844          6.014
845          6.021
845          6.025
847          6.032
847          6.037
849          6.047
850          6.054
851          6.06
851          6.067
853          6.076
854          6.082
854          6.086
855          6.093
856          6.097
857          6.104
858          6.111
859          6.116
860          6.124
861          6.129
861          6.136
863          6.143
863          6.151
864          6.155
865          6.161
866          6.166
867          6.172
867          6.177
868          6.183
869          6.188
871          6.198
871          6.203
872          6.209
873          6.214
873          6.221
874          6.225
875          6.232
876          6.236
877          6.243
877          6.247
878          6.255
879          6.263
880          6.267
881          6.275
882          6.28
883          6.285
883          6.289
885          6.3
886          6.306
887          6.313
887          6.317
888          6.323
889          6.328
890          6.335
891          6.341
891          6.345
892          6.352
893          6.356
894          6.363
896          6.376
897          6.383
898          6.388
898          6.395
899          6.401
901          6.409
901          6.418
902          6.423
903          6.428
904          6.436
905          6.443
905          6.447
907          6.454
908          6.463
909          6.469
910          6.478
911          6.483
912          6.491
913          6.496
913          6.502
914          6.506
916          6.515
917          6.522
917          6.527
918          6.533
919          6.537
919          6.544
920          6.548
921          6.554
921          6.558
923          6.564
923          6.569
924          6.574
925          6.579
925          6.584
926          6.589
927          6.594
927          6.598
928          6.603
929          6.608
929          6.614
930          6.619
931          6.624
932          6.629
932          6.634
933          6.639
934          6.644
934          6.648
935          6.654
936          6.658
937          6.663
937          6.669
938          6.674
939          6.679
941          6.692
941          6.698
943          6.704
943          6.709
944          6.714
945          6.72
945          6.724
946          6.729
947          6.734
947          6.739
948          6.744
949          6.749
949          6.754
950          6.758
951          6.764
953          6.778
953          6.783
954          6.788
955          6.793
956          6.798
956          6.803
957          6.808
958          6.813
959          6.819
959          6.824
960          6.828
961          6.833
961          6.838
962          6.843
963          6.848
963          6.853
964          6.858
965          6.863
966          6.869
967          6.878
968          6.883
969          6.888
969          6.893
970          6.898
971          6.903
971          6.908
972          6.913
973          6.918
973          6.925
975          6.93
975          6.935
976          6.939
977          6.944
977          6.949
978          6.954
979          6.959
979          6.964
980          6.968
981          6.975
981          6.98
982          6.984
983          6.989
983          6.994
985          6.999
985          7.004
985          7.009
987          7.014
987          7.018
988          7.024
989          7.029
991          7.043
991          7.047
992          7.053
993          7.057
993          7.063
994          7.067
995          7.073
995          7.078
996          7.083
997          7.088
997          7.093
999          7.098
999          7.103
999          7.107
1000          7.113
1001          7.117
1002          7.123
1003          7.128
1003          7.133
1004          7.138
1005          7.143
1005          7.148
1006          7.153
1007          7.158
1007          7.163
1009          7.168
1009          7.173
1010          7.179
1011          7.184
1011          7.188
1012          7.194
1013          7.198
1013          7.203
1014          7.208
1015          7.213
1015          7.218
1016          7.223
1017          7.229
1018          7.234
1018          7.239
1019          7.244
1020          7.248
1020          7.253
1021          7.258
1022          7.263
1023          7.268
1024          7.278
1025          7.284
1025          7.288
1026          7.294
1027          7.298
1028          7.304
1028          7.308
1029          7.314
1030          7.318
1030          7.323
1031          7.329
1032          7.334
1033          7.339
1033          7.344
1034          7.349
1035          7.354
1035          7.358
1036          7.364
1037          7.368
1037          7.373
1039          7.379
1039          7.384
1040          7.389
1041          7.394
1041          7.399
1042          7.404
1043          7.409
1043          7.414
1044          7.418
1045          7.424
1045          7.43
1046          7.435
1047          7.44
1047          7.444
1049          7.449
1049          7.454
1050          7.459
1051          7.464
1051          7.469
1052          7.474
1053          7.48
1053          7.485
1054          7.49
1055          7.494
1056          7.499
1056          7.504
1057          7.509
1058          7.514
1058          7.519
1059          7.524
1060          7.529
1061          7.535
1061          7.54
1062          7.544
1063          7.549
1063          7.554
1064          7.559
1065          7.564
1065          7.569
1066          7.574
1067          7.579
1067          7.585
1069          7.59
1069          7.595
1070          7.6
1070          7.605
1071          7.609
1072          7.614
1073          7.619
1073          7.624
1074          7.629
1075          7.635
1075          7.64
1076          7.645
1077          7.65
1077          7.655
1078          7.66
1079          7.664
1080          7.669
1081          7.678
1082          7.685
1083          7.689
1083          7.695
1084          7.7
1085          7.705
1085          7.71
1086          7.714
1087          7.719
1087          7.724
1089          7.729
1089          7.735
1090          7.741
1090          7.745
1091          7.75
1092          7.755
1093          7.76
1093          7.765
1094          7.77
1095          7.775
1095          7.779
1096          7.785
1097          7.791
1097          7.795
1098          7.801
1099          7.805
1099          7.81
1100          7.815
1101          7.82
1102          7.825
1103          7.83
1103          7.836
1104          7.841
1105          7.845
1105          7.851
1106          7.855
1107          7.861
1107          7.865
1108          7.87
1109          7.875
1110          7.88
1111          7.886
1111          7.891
1112          7.896
1113          7.901
1113          7.905
1114          7.911
1115          7.915
1115          7.921
1116          7.926
1117          7.932
1117          7.937
1119          7.943
1119          7.947
1120          7.953
1121          7.957
1121          7.963
1122          7.967
1123          7.972
1123          7.977
1124          7.982
1125          7.987
1125          7.993
1127          7.998
1127          8.003
