0          0.02
0          0.025
0          0.03
0          0.036
-1          0.042
-2          0.048
-4          0.054
-6          0.06
-8          0.066
-9          0.071
-12          0.076
-14          0.084
-16          0.088
-19          0.094
-22          0.1
-24          0.106
-26          0.11
-30          0.116
-33          0.122
-35          0.127
-40          0.135
-42          0.139
-45          0.145
-47          0.149
-52          0.157
-56          0.163
-58          0.167
-62          0.173
-67          0.18
-70          0.185
-73          0.19
-76          0.195
-81          0.203
-84          0.207
-90          0.216
-94          0.222
-98          0.228
-102          0.235
-104          0.239
-109          0.245
-113          0.25
-117          0.257
-120          0.261
-125          0.268
-128          0.273
-133          0.28
-136          0.286
-140          0.29
-142          0.296
-148          0.303
-152          0.308
-155          0.313
-160          0.318
-163          0.325
-167          0.33
-170          0.335
-176          0.34
-178          0.347
-182          0.353
-186          0.358
-191          0.364
-196          0.371
-199          0.376
-203          0.381
-206          0.387
-210          0.393
-214          0.398
-218          0.404
-221          0.408
-226          0.414
-230          0.42
-234          0.426
-239          0.434
-242          0.438
-246          0.444
-249          0.449
-253          0.455
-256          0.46
-260          0.465
-263          0.47
-267          0.475
-270          0.48
-274          0.485
-278          0.49
-281          0.495
-285          0.5
-290          0.506
-294          0.511
-296          0.516
-300          0.521
-304          0.527
-308          0.531
-310          0.536
-314          0.541
-317          0.546
-322          0.551
-326          0.558
-328          0.563
-333          0.568
-336          0.573
-340          0.578
-342          0.583
-346          0.588
-350          0.593
-354          0.598
-356          0.603
-360          0.609
-368          0.618
-372          0.624
-374          0.628
-379          0.634
-382          0.639
-386          0.645
-388          0.649
-393          0.655
-397          0.66
-401          0.666
-404          0.67
-408          0.676
-411          0.681
-415          0.686
-418          0.691
-422          0.696
-425          0.701
-429          0.707
-433          0.712
-436          0.717
-440          0.722
-443          0.727
-447          0.732
-450          0.737
-454          0.743
-457          0.747
-461          0.753
-465          0.758
-470          0.764
-472          0.768
-476          0.774
-479          0.778
-484          0.784
-486          0.789
-490          0.795
-493          0.799
-498          0.805
-502          0.81
-504          0.816
-508          0.82
-513          0.826
-516          0.83
-518          0.836
-522          0.84
-525          0.846
-530          0.85
-534          0.856
-538          0.862
-541          0.867
-545          0.872
-548          0.877
-552          0.883
-554          0.887
-559          0.893
-562          0.897
-566          0.903
-568          0.907
-574          0.914
-577          0.919
-581          0.924
-584          0.929
-588          0.934
-591          0.939
-595          0.944
-598          0.949
-602          0.954
-606          0.959
-609          0.965
-613          0.97
-616          0.975
-620          0.98
-624          0.987
-628          0.992
-632          0.997
-636          1.001
-638          1.007
-645          1.013
-650          1.022
-652          1.027
-656          1.032
-660          1.037
-664          1.043
-666          1.047
-670          1.053
-674          1.058
-679          1.064
-682          1.069
-686          1.074
-689          1.079
-693          1.084
-696          1.089
-700          1.095
-702          1.099
-707          1.105
-710          1.109
-714          1.115
-718          1.12
-721          1.126
-725          1.13
-728          1.136
-732          1.14
-735          1.146
-739          1.15
-743          1.156
-746          1.161
-750          1.167
-754          1.173
-758          1.178
-761          1.183
-765          1.188
-768          1.193
-772          1.198
-775          1.203
-779          1.208
-784          1.214
-786          1.219
-790          1.225
-793          1.229
-798          1.235
-800          1.239
-804          1.245
-807          1.249
-812          1.255
-814          1.259
-825          1.274
-828          1.279
-832          1.284
-838          1.291
-840          1.296
-845          1.302
-848          1.307
-852          1.313
-856          1.319
-860          1.324
-863          1.329
-867          1.334
-870          1.339
-874          1.344
-877          1.349
-881          1.354
-884          1.359
-888          1.365
-892          1.37
-895          1.375
-899          1.38
-902          1.385
-906          1.39
-909          1.395
-913          1.4
-916          1.405
-920          1.41
-927          1.42
-931          1.426
-934          1.43
-938          1.436
-941          1.441
-945          1.446
-950          1.451
-952          1.457
-956          1.461
-959          1.467
-963          1.473
-968          1.478
-970          1.483
-974          1.488
-978          1.493
-982          1.498
-984          1.503
-988          1.508
-991          1.513
-996          1.518
-1000          1.525
-1002          1.529
-1007          1.535
-1010          1.539
-1014          1.545
-1016          1.549
-1021          1.555
-1024          1.559
-1028          1.565
-1032          1.569
-1036          1.576
-1039          1.58
-1043          1.586
-1046          1.59
-1050          1.596
-1053          1.601
-1057          1.606
-1060          1.611
-1064          1.616
-1068          1.622
-1071          1.627
-1075          1.632
-1078          1.637
-1082          1.642
-1085          1.647
-1089          1.653
-1092          1.657
-1096          1.663
-1099          1.667
-1104          1.674
-1107          1.678
-1111          1.684
-1114          1.688
-1118          1.694
-1121          1.699
-1125          1.704
-1128          1.709
-1132          1.714
-1135          1.719
-1139          1.725
-1143          1.73
-1146          1.735
-1150          1.74
-1153          1.745
-1157          1.75
-1160          1.756
-1164          1.76
-1167          1.766
-1171          1.77
-1175          1.777
-1180          1.781
-1182          1.786
-1186          1.791
-1190          1.796
-1194          1.801
-1196          1.806
-1200          1.811
-1204          1.819
-1210          1.827
-1214          1.833
-1217          1.837
-1222          1.843
-1226          1.848
-1228          1.853
-1232          1.858
-1235          1.863
-1240          1.868
-1242          1.873
-1246          1.879
-1251          1.885
-1253          1.889
-1258          1.895
-1260          1.899
-1265          1.905
-1268          1.909
-1272          1.915
-1274          1.919
-1278          1.925
-1283          1.93
-1287          1.936
-1290          1.941
-1294          1.946
-1296          1.951
-1301          1.956
-1304          1.961
-1308          1.966
-1311          1.971
-1315          1.976
-1319          1.982
-1323          1.988
-1328          1.994
-1330          1.998
-1334          2.004
-1338          2.01
-1342          2.015
-1346          2.02
-1348          2.025
-1354          2.031
-1357          2.036
-1361          2.041
-1364          2.046
-1368          2.051
-1370          2.057
-1375          2.061
-1378          2.066
-1382          2.071
-1385          2.076
-1389          2.083
-1393          2.088
-1396          2.093
-1400          2.098
-1403          2.103
-1407          2.108
-1411          2.114
-1414          2.118
-1418          2.124
-1421          2.128
-1425          2.135
-1428          2.139
-1432          2.145
-1435          2.149
-1439          2.155
-1442          2.159
-1446          2.165
-1449          2.169
-1453          2.175
-1457          2.18
-1462          2.186
-1464          2.191
-1468          2.196
-1471          2.201
-1481          2.215
-1488          2.224
-1491          2.229
-1495          2.235
-1499          2.24
-1502          2.245
-1506          2.25
-1509          2.255
-1513          2.26
-1516          2.265
-1520          2.27
-1523          2.275
-1527          2.28
-1531          2.286
-1535          2.291
-1538          2.297
-1542          2.302
-1545          2.307
-1549          2.312
-1552          2.317
-1556          2.322
-1559          2.327
-1563          2.332
-1568          2.338
-1570          2.343
-1574          2.348
-1579          2.353
-1581          2.358
-1586          2.364
-1588          2.368
-1592          2.374
-1596          2.378
-1600          2.384
-1602          2.389
-1606          2.395
-1609          2.399
-1614          2.405
-1616          2.409
-1620          2.415
-1625          2.42
-1628          2.425
-1632          2.43
-1636          2.436
-1638          2.441
-1643          2.446
-1646          2.451
-1650          2.456
-1652          2.461
-1657          2.466
-1660          2.471
-1664          2.476
-1668          2.481
-1671          2.487
-1675          2.493
-1678          2.497
-1682          2.503
-1685          2.507
-1689          2.513
-1692          2.517
-1696          2.523
-1699          2.527
-1703          2.533
-1707          2.539
-1711          2.544
-1714          2.549
-1718          2.554
-1721          2.559
-1725          2.564
-1728          2.569
-1732          2.574
-1735          2.579
-1739          2.584
-1744          2.59
-1746          2.595
-1750          2.6
-1754          2.606
-1757          2.61
-1762          2.616
-1767          2.625
-1770          2.63
-1774          2.635
-1780          2.641
-1782          2.646
-1786          2.651
-1790          2.657
-1794          2.662
-1796          2.667
-1800          2.672
-1803          2.677
-1808          2.682
-1810          2.687
-1814          2.693
-1819          2.698
-1822          2.703
-1826          2.708
-1828          2.713
-1832          2.718
-1836          2.723
-1840          2.728
-1844          2.734
-1846          2.738
-1851          2.745
-1854          2.749
-1858          2.755
-1860          2.759
-1865          2.765
-1868          2.769
-1872          2.775
-1874          2.78
-1878          2.785
-1883          2.79
-1887          2.796
-1890          2.801
-1894          2.806
-1897          2.811
-1901          2.816
-1904          2.821
-1908          2.826
-1911          2.831
-1915          2.836
-1919          2.841
-1922          2.847
-1926          2.853
-1929          2.857
-1933          2.863
-1936          2.867
-1940          2.873
-1943          2.877
-1947          2.883
-1950          2.887
-1956          2.894
-1958          2.899
-1962          2.904
-1965          2.909
-1969          2.914
-1972          2.919
-1976          2.924
-1979          2.929
-1984          2.934
-1986          2.939
-1990          2.945
-1994          2.95
-1997          2.955
-2001          2.96
-2004          2.965
-2008          2.97
-2011          2.975
-2015          2.98
-2022          2.986
-2029          3.001
-2034          3.006
-2038          3.011
-2046          3.024
-2052          3.033
-2056          3.038
-2060          3.045
-2064          3.05
-2070          3.058
-2074          3.064
-2077          3.068
-2081          3.074
-2085          3.081
-2089          3.086
-2092          3.091
-2096          3.097
-2102          3.104
-2105          3.109
-2109          3.115
-2114          3.12
-2117          3.127
-2123          3.133
-2126          3.138
-2130          3.145
-2135          3.15
-2138          3.157
-2142          3.163
-2146          3.168
-2151          3.174
-2158          3.184
-2160          3.188
-2164          3.194
-2170          3.2
-2173          3.207
-2178          3.214
-2182          3.221
-2187          3.226
-2190          3.231
-2194          3.236
-2200          3.244
-2202          3.249
-2206          3.255
-2215          3.26
-2219          3.273
-2223          3.278
-2227          3.285
-2230          3.289
-2236          3.296
-2240          3.303
-2244          3.309
-2248          3.315
-2252          3.32
-2255          3.325
-2262          3.334
-2265          3.338
-2269          3.344
-2275          3.353
-2278          3.357
-2282          3.363
-2284          3.367
-2290          3.375
-2294          3.38
-2297          3.385
-2302          3.39
-2305          3.396
-2310          3.403
-2318          3.414
-2320          3.419
-2329          3.431
-2333          3.436
-2337          3.441
-2340          3.446
-2353          3.465
-2358          3.471
-2365          3.481
-2368          3.486
-2372          3.492
-2382          3.503
-2385          3.511
-2389          3.516
-2393          3.521
-2397          3.528
-2402          3.535
-2407          3.543
-2412          3.55
-2417          3.557
-2421          3.562
-2426          3.568
-2429          3.575
-2434          3.58
-2436          3.585
-2442          3.59
-2444          3.596
-2452          3.606
-2456          3.611
-2460          3.619
-2464          3.624
-2467          3.629
-2471          3.634
-2475          3.641
-2480          3.646
-2484          3.651
-2486          3.657
-2492          3.664
-2495          3.669
-2500          3.676
-2504          3.683
-2513          3.694
-2516          3.699
-2520          3.705
-2525          3.711
-2531          3.721
-2535          3.727
-2540          3.733
-2546          3.741
-2550          3.749
-2554          3.755
-2558          3.76
-2564          3.768
-2571          3.779
-2575          3.785
-2578          3.789
-2584          3.797
-2589          3.805
-2593          3.811
-2598          3.816
-2603          3.825
-2608          3.833
-2614          3.84
-2618          3.846
-2621          3.85
-2625          3.856
-2630          3.863
-2636          3.872
-2639          3.877
-2643          3.883
-2646          3.887
-2652          3.895
-2657          3.901
-2663          3.909
-2666          3.915
-2670          3.92
-2672          3.925
-2678          3.933
-2681          3.937
-2685          3.943
-2688          3.947
-2696          3.956
-2700          3.965
-2703          3.969
-2708          3.975
-2710          3.979
-2716          3.987
-2720          3.993
-2724          3.998
-2728          4.005
-2731          4.009
-2736          4.016
-2742          4.024
-2746          4.031
-2750          4.036
-2754          4.041
-2757          4.046
-2762          4.053
-2764          4.057
-2770          4.065
-2774          4.07
-2778          4.076
-2785          4.086
-2789          4.093
-2792          4.097
-2798          4.105
-2800          4.109
-2806          4.116
-2810          4.123
-2813          4.127
-2823          4.14
-2830          4.15
-2834          4.156
-2836          4.161
-2842          4.169
-2846          4.175
-2852          4.183
-2856          4.188
-2860          4.195
-2866          4.203
-2873          4.212
-2877          4.218
-2882          4.227
-2888          4.235
-2894          4.242
-2898          4.248
-2902          4.255
-2906          4.261
-2912          4.269
-2916          4.275
-2919          4.28
-2923          4.285
-2928          4.293
-2934          4.3
-2937          4.305
-2941          4.31
-2944          4.315
-2949          4.322
-2952          4.327
-2956          4.333
-2959          4.337
-2963          4.343
-2966          4.347
-2970          4.353
-2973          4.357
-2977          4.363
-2981          4.367
-2986          4.374
-2988          4.379
-2992          4.384
-2995          4.389
-2999          4.394
-3002          4.399
-3006          4.405
-3009          4.409
-3013          4.415
-3018          4.42
-3020          4.425
-3024          4.43
-3027          4.435
-3031          4.44
-3034          4.445
-3038          4.45
-3042          4.456
-3045          4.46
-3049          4.466
-3054          4.472
-3056          4.477
-3060          4.482
-3063          4.487
-3068          4.492
-3070          4.497
-3074          4.502
-3077          4.507
-3081          4.512
-3084          4.517
-3090          4.524
-3092          4.528
-3101          4.541
-3105          4.546
-3108          4.551
-3112          4.556
-3116          4.561
-3119          4.566
-3123          4.573
-3127          4.579
-3132          4.585
-3134          4.589
-3138          4.595
-3141          4.599
-3145          4.605
-3148          4.609
-3152          4.615
-3156          4.62
-3164          4.63
-3166          4.635
-3170          4.64
-3173          4.646
-3177          4.65
-3182          4.656
-3184          4.661
-3188          4.666
-3191          4.671
-3196          4.677
-3200          4.682
-3202          4.687
-3207          4.693
-3210          4.697
-3214          4.703
-3218          4.708
-3220          4.713
-3225          4.718
-3229          4.723
-3232          4.729
-3236          4.734
-3238          4.739
-3243          4.744
-3246          4.749
-3250          4.755
-3252          4.759
-3257          4.765
-3260          4.769
-3264          4.775
-3268          4.78
-3270          4.785
-3275          4.79
-3278          4.795
-3282          4.8
-3285          4.805
-3289          4.81
-3293          4.816
-3296          4.82
-3300          4.827
-3304          4.832
-3307          4.837
-3311          4.842
-3314          4.847
-3318          4.852
-3321          4.857
-3325          4.862
-3328          4.867
-3332          4.872
-3336          4.878
-3340          4.884
-3343          4.888
-3348          4.894
-3350          4.898
-3354          4.904
-3357          4.908
-3361          4.914
-3364          4.918
-3368          4.924
-3371          4.929
-3375          4.935
-3378          4.94
-3382          4.945
-3386          4.95
-3389          4.955
-3393          4.96
-3396          4.965
-3400          4.97
-3403          4.975
-3408          4.981
-3411          4.987
-3416          4.993
-3418          4.997
-3422          5.003
-3425          5.007
-3430          5.013
-3432          5.017
-3436          5.023
-3443          5.033
-3448          5.038
-3450          5.043
-3454          5.048
-3458          5.054
-3462          5.058
-3466          5.064
-3468          5.068
-3473          5.074
-3477          5.079
-3480          5.085
-3484          5.09
-3486          5.095
-3491          5.1
-3495          5.106
-3498          5.11
-3502          5.116
-3504          5.121
-3509          5.126
-3513          5.132
-3516          5.137
-3520          5.142
-3523          5.147
-3527          5.153
-3530          5.157
-3534          5.163
-3537          5.167
-3541          5.173
-3544          5.177
-3549          5.184
-3552          5.188
-3556          5.194
-3559          5.198
-3563          5.204
-3566          5.209
-3570          5.214
-3573          5.219
-3577          5.224
-3580          5.229
-3584          5.235
-3588          5.24
-3591          5.245
-3595          5.25
-3598          5.255
-3602          5.26
-3605          5.265
-3609          5.27
-3612          5.275
-3616          5.28
-3620          5.286
-3624          5.291
-3627          5.297
-3632          5.301
-3634          5.307
-3638          5.311
-3641          5.317
-3646          5.321
-3648          5.326
-3652          5.331
-3656          5.338
-3659          5.343
-3664          5.348
-3666          5.353
-3670          5.358
-3673          5.363
-3678          5.368
-3680          5.373
-3684          5.378
-3687          5.383
-3691          5.389
-3696          5.395
-3698          5.399
-3702          5.405
-3705          5.409
-3710          5.415
-3712          5.419
-3716          5.425
-3723          5.434
-3726          5.44
-3730          5.445
-3734          5.45
-3738          5.455
-3742          5.46
-3744          5.466
-3748          5.47
-3752          5.476
-3756          5.481
-3760          5.486
-3764          5.492
-3766          5.497
-3770          5.502
-3774          5.507
-3778          5.512
-3780          5.517
-3785          5.522
-3788          5.527
-3792          5.532
-3796          5.538
-3800          5.544
-3803          5.548
-3807          5.554
-3810          5.558
-3814          5.564
-3816          5.568
-3821          5.574
-3824          5.578
-3828          5.584
-3830          5.589
-3835          5.595
-3839          5.6
-3842          5.605
-3846          5.61
-3848          5.615
-3853          5.62
-3856          5.625
-3860          5.63
-3862          5.635
-3868          5.641
-3871          5.646
-3875          5.651
-3878          5.656
-3882          5.661
-3885          5.666
-3889          5.671
-3892          5.676
-3896          5.681
-3899          5.686
-3903          5.693
-3907          5.698
-3910          5.703
-3914          5.708
-3917          5.713
-3921          5.718
-3926          5.724
-3928          5.728
-3932          5.734
-3935          5.738
-3939          5.745
-3942          5.749
-3946          5.755
-3949          5.759
-3953          5.765
-3956          5.769
-3960          5.775
-3963          5.779
-3967          5.785
-3970          5.789
-3976          5.796
-3978          5.801
-3982          5.806
-3985          5.811
-3989          5.816
-3992          5.821
-3996          5.826
-4002          5.835
-4006          5.84
-4010          5.846
-4014          5.851
-4017          5.857
-4022          5.862
-4024          5.867
-4028          5.871
-4031          5.877
-4035          5.881
-4038          5.887
-4042          5.891
-4046          5.898
-4049          5.903
-4054          5.908
-4056          5.913
-4060          5.918
-4063          5.923
-4068          5.928
-4070          5.933
-4074          5.938
-4077          5.943
-4081          5.949
-4086          5.955
-4088          5.959
-4092          5.965
-4095          5.969
-4100          5.975
-4102          5.979
-4106          5.985
-4110          5.99
-4115          5.997
-4119          6.002
-4122          6.007
-4126          6.012
-4129          6.017
-4133          6.022
-4136          6.027
-4140          6.032
-4143          6.037
-4147          6.042
-4151          6.048
-4154          6.053
-4158          6.058
-4161          6.063
-4165          6.068
-4169          6.074
-4172          6.078
-4176          6.084
-4179          6.088
-4183          6.094
-4186          6.099
-4193          6.108
-4197          6.114
-4200          6.119
-4204          6.124
-4206          6.129
-4211          6.135
-4214          6.139
-4218          6.145
-4222          6.15
-4225          6.155
-4229          6.16
-4232          6.165
-4236          6.17
-4240          6.176
-4244          6.181
-4247          6.186
-4251          6.191
-4254          6.197
-4258          6.203
-4262          6.208
-4265          6.213
-4269          6.218
-4272          6.223
-4276          6.228
-4282          6.237
-4286          6.242
-4289          6.247
-4294          6.254
-4297          6.259
-4302          6.265
-4304          6.269
-4308          6.275
-4311          6.279
-4316          6.285
-4318          6.289
-4322          6.295
-4326          6.299
-4329          6.305
-4334          6.31
-4338          6.316
-4340          6.32
-4344          6.326
-4348          6.33
-4352          6.336
-4354          6.341
-4358          6.346
-4363          6.352
-4366          6.357
-4370          6.362
-4372          6.367
-4377          6.372
-4380          6.377
-4384          6.383
-4386          6.387
-4390          6.393
-4394          6.397
-4399          6.404
-4402          6.408
-4406          6.414
-4409          6.418
-4413          6.424
-4416          6.428
-4420          6.434
-4423          6.438
-4427          6.444
-4430          6.448
-4434          6.455
-4438          6.46
-4441          6.465
-4445          6.47
-4448          6.475
-4452          6.48
-4455          6.485
-4459          6.49
-4462          6.495
-4466          6.5
-4470          6.506
-4474          6.511
-4477          6.516
-4481          6.521
-4484          6.526
-4488          6.531
-4492          6.538
-4495          6.543
-4499          6.548
-4504          6.553
-4506          6.559
-4510          6.565
-4513          6.569
-4518          6.575
-4520          6.579
-4524          6.585
-4527          6.589
-4532          6.595
-4541          6.608
-4546          6.614
-4548          6.618
-4552          6.624
-4555          6.628
-4562          6.638
-4566          6.643
-4569          6.648
-4573          6.654
-4576          6.659
-4580          6.665
-4584          6.67
-4587          6.675
-4591          6.68
-4594          6.685
-4598          6.69
-4601          6.695
-4605          6.7
-4608          6.705
-4614          6.711
-4616          6.717
-4621          6.721
-4624          6.727
-4628          6.731
-4630          6.737
-4634          6.742
-4637          6.747
-4642          6.752
-4646          6.757
-4650          6.764
-4653          6.768
-4657          6.774
-4660          6.778
-4664          6.784
-4666          6.788
-4671          6.794
-4674          6.798
-4678          6.804
-4680          6.809
-4685          6.815
-4688          6.819
-4692          6.825
-4694          6.829
-4699          6.835
-4702          6.839
-4706          6.845
-4708          6.849
-4713          6.855
-4717          6.861
-4721          6.866
-4724          6.871
-4728          6.876
-4731          6.881
-4735          6.886
-4738          6.891
-4742          6.896
-4746          6.901
-4749          6.906
-4753          6.913
-4757          6.918
-4760          6.923
-4764          6.928
-4767          6.933
-4771          6.938
-4774          6.943
-4778          6.948
-4781          6.953
-4785          6.958
-4790          6.964
-4792          6.969
-4796          6.975
-4799          6.979
-4803          6.985
-4807          6.99
-4810          6.995
-4814          7.0
-4817          7.005
-4821          7.01
-4826          7.016
-4828          7.021
-4832          7.026
-4840          7.031
-4842          7.04
-4846          7.046
-4849          7.051
-4853          7.056
-4856          7.061
-4860          7.067
-4864          7.073
-4867          7.077
-4871          7.083
-4874          7.087
-4878          7.093
-4882          7.098
-4886          7.103
-4890          7.108
-4894          7.113
-4896          7.119
-4900          7.124
-4903          7.129
-4908          7.134
-4910          7.139
-4914          7.144
-4917          7.149
-4922          7.155
-4924          7.159
-4928          7.166
-4933          7.17
-4936          7.176
-4940          7.18
-4944          7.186
-4946          7.191
-4951          7.196
-4954          7.201
-4958          7.206
-4960          7.21
-4965          7.217
-4969          7.223
-4972          7.227
-4976          7.233
-4978          7.237
-4983          7.243
-4986          7.247
-4990          7.253
-4992          7.257
-4996          7.263
-5001          7.268
-5005          7.274
-5008          7.279
-5012          7.284
-5015          7.289
-5019          7.295
-5022          7.299
-5026          7.305
-5029          7.309
-5033          7.315
-5037          7.32
-5040          7.325
-5044          7.33
-5047          7.336
-5051          7.34
-5054          7.346
-5058          7.35
-5061          7.356
-5065          7.36
-5068          7.366
-5073          7.371
-5076          7.377
-5080          7.382
-5083          7.387
-5087          7.391
-5090          7.397
-5094          7.402
-5097          7.407
-5101          7.412
-5104          7.417
-5108          7.423
-5112          7.428
-5118          7.436
-5122          7.443
-5125          7.447
-5129          7.453
-5133          7.458
-5136          7.463
-5140          7.468
-5144          7.475
-5147          7.479
-5151          7.485
-5154          7.489
-5158          7.495
-5161          7.499
-5165          7.505
-5168          7.509
-5172          7.515
-5176          7.519
-5180          7.526
-5183          7.53
-5188          7.536
-5190          7.541
-5194          7.546
-5197          7.551
-5201          7.556
-5204          7.561
-5208          7.566
-5212          7.572
-5215          7.577
-5220          7.583
-5222          7.587
-5226          7.593
-5229          7.597
-5233          7.603
-5236          7.607
-5240          7.613
-5243          7.617
-5248          7.624
-5251          7.628
-5256          7.634
-5258          7.638
-5262          7.644
-5265          7.648
-5270          7.654
-5272          7.658
-5276          7.664
-5279          7.669
-5283          7.675
-5288          7.68
-5290          7.685
-5294          7.69
-5297          7.695
-5302          7.7
-5304          7.705
-5308          7.71
-5311          7.715
-5315          7.72
-5320          7.727
-5324          7.732
-5326          7.737
-5330          7.742
-5333          7.747
-5338          7.752
-5340          7.757
-5344          7.762
-5347          7.767
-5352          7.772
-5356          7.778
-5358          7.783
-5362          7.788
-5366          7.793
-5370          7.798
-5372          7.803
-5376          7.808
-5380          7.814
-5383          7.818
-5388          7.824
-5392          7.83
-5398          7.839
-5402          7.845
-5404          7.849
-5408          7.855
-5411          7.859
-5416          7.865
-5418          7.87
-5422          7.875
-5426          7.881
-5430          7.886
-5434          7.891
-5438          7.896
-5440          7.901
-5444          7.906
-5447          7.911
-5452          7.916
-5454          7.921
-5458          7.926
-5463          7.933
-5466          7.937
-5470          7.943
-5472          7.947
-5476          7.953
-5481          7.958
-5484          7.963
-5488          7.968
-5490          7.973
-5495          7.979
-5499          7.984
-5503          7.99
-5506          7.995
-5510          8.0
-5513          8.005
