-0.48391152342761173	0.454407450123949
-0.4852046757966329	0.45587335525877165
-0.4825806351133422	0.45297527069346766
-0.4801294029158352	0.4502503690573533
-0.4783513184084311	0.4482347494969721
-0.4765928872850647	0.4462019615808239
-0.474258434784168	0.44337637142412195
-0.4724202913681324	0.4410919128803648
-0.47061187457897663	0.43878385075538645
-0.4684172883561966	0.43584830659401225
-0.46600609315521274	0.4324658685932278
-0.4636721379198865	0.4290296785394194
-0.4618053658349787	0.42616308739634806
-0.4599946063246521	0.42326078954907465
-0.4582405421464897	0.420323879326168
-0.45643295083103175	0.4171354248653242
-0.45469805034915944	0.41390684181225074
-0.4524970674228655	0.40954362283202056
-0.4510359645070788	0.4064505077245592
-0.4494350863327321	0.4028837623276857
-0.4480951806114231	0.39973624974525973
-0.4468166427907355	0.3965633135909072
-0.4455241417810728	0.39313358045950836
-0.4436347903760393	0.38758196452425686
-0.44241159149744624	0.3836122625669549
-0.44133310818529237	0.379854423107821
-0.44040209429570626	0.3763094490105967
-0.439464399362836	0.37226278651672995
-0.4386949059840627	0.36867928150729884
-0.43785282124819425	0.36411371435172596
-0.43726983726373986	0.36049518455546015
-0.43672883671937285	0.35637668148548524
-0.43634924769850325	0.35297696164794545
-0.4359909562066326	0.34908387664218576
-0.43571415935648555	0.3454291520675642
-0.4355545691944221	0.3427460870836635
-0.4353961771319266	0.3390843197279823
-0.4352706255090737	0.3344434419075234
-0.43519019604606063	0.33053473179334286
-0.43514195915637266	0.32711422656735656
-0.4351516181441457	0.3224716608049377
-0.43521036069693364	0.3185625646219678
-0.43529440442231837	0.3146539305501415
-0.4353971407959226	0.3105013175939491
-0.43551331600883925	0.30634905887774394
-0.43564795045618393	0.3024418402735696
-0.4358828856083018	0.2978052126598046
-0.43616019173864595	0.29366059561640095
-0.4364509099163683	0.2895168977428175
-0.4366682320633149	0.2861029624940214
-0.43697869227323854	0.2812259121385983
-0.43721810724312754	0.27781345506623545
-0.43762320666998933	0.27294335238090794
-0.4380161589548102	0.2685627116597361
-0.4383860280296808	0.2639348928406937
-0.4386007060391565	0.2610106090979103
-0.43878881780121215	0.25832939282676803
-0.43899403063254555	0.2554044296218856
-0.43936389970741613	0.2507766108028432
-0.4397710272930884	0.24639726476089588
-0.4401329184803527	0.24250451272360934
-0.44050404008268357	0.2383672409313915
-0.44086177001371396	0.234228789720752
-0.4411892302510647	0.23057825578644212
-0.44163885755986326	0.22620306894365266
-0.4421284080365148	0.22158637635206305
-0.44251548825524084	0.21769604827341868
-0.44278690664568904	0.21477648424545379
-0.4432115546595543	0.21064436333837488
-0.44372647519783603	0.20529346773577692
-0.444335017652169	0.19896968202361573
-0.44478464496096753	0.1945944951808263
-0.4451563738613687	0.19119390693419414
-0.44555604258030074	0.18730485196282576
-0.44598578836517705	0.182682208918548
-0.4463024431540333	0.17927605088592233
-0.4466895233727593	0.1753857228072779
-0.44710177640572907	0.17149798167751826
-0.44747646582972783	0.16785199264186038
-0.4478041425359071	0.16444687725838894
-0.4480981791255593	0.16128401622809363
-0.4483695975160075	0.15836445220012874
-0.4487082927073928	0.1549604151313149
-0.4492127819293658	0.15034533108231413
-0.4495314067011382	0.14743054115662943
-0.4498942944061939	0.14378335858290028
-0.4501657127966421	0.14086379455493542
-0.45044951166901276	0.13769999847853348
-0.450788784657073	0.1340505434435774
-0.4512633912608048	0.12943229066507742
-0.4515983468500927	0.12627350099714768
-0.4519026180772592	0.12311160814106709
-0.4523323638621355	0.11848896509678933
-0.45261616273450617	0.11532516902038742
-0.4530091150193271	0.11094452829921556
-0.4534203877517235	0.10681105471565594
-0.45387177284506774	0.10268176898760262
-0.45429660587409765	0.09879538242002298
-0.4547462331828962	0.09442019557723355
-0.455095524102737	0.09052629271396967
-0.4554011536575977	0.08711912770861378
-0.45568201940575137	0.08420045737992396
-0.45596288515390504	0.08128178705123423
-0.45633737281810993	0.07739022661298116
-0.45680548239836605	0.07252577606516489
-0.45706745058824666	0.06960534891771696
-0.45737308014310735	0.06619818391236107
-0.45768872419989887	0.06254660931473796
-0.4580053789887551	0.05914045128211227
-0.4583440741801404	0.055736414213298474
-0.45876872219400566	0.05160429330621953
-0.45919002081623617	0.04722628781318485
-0.4594735904150394	0.04381721593345561
-0.4597571600138426	0.04040814405372634
-0.46000021966995963	0.03748608244252987
-0.4602316919782734	0.034808261070939595
-0.4607745287591698	0.028969133015009807
-0.4611112157530808	0.025074120110878558
-0.46143323276729437	0.02068769449670338
-0.46168974880646113	0.017031490490600303
-0.46192231665005984	0.013863516435918277
-0.4622590036439708	0.009968503531786979
-0.46251151888940406	0.007047243853688561
-0.46280612000907617	0.0036391075625736412
-0.463117588703704	-0.0002580030218830992
-0.46338090333116416	-0.0034235697673459567
-0.46377385561598505	-0.007804210488517798
-0.4643420149182098	-0.014377044764239323
-0.4645924725959315	-0.017788709130820028
-0.46478821809970383	-0.020714321161457903
-0.46507445544567144	-0.0246133661518358
-0.4653859241402993	-0.028510476736292614
-0.4656584592480986	-0.03192044849769217
-0.4659446965940663	-0.03581949348807011
-0.46620121263323305	-0.039475697494173165
-0.46647482974167764	-0.04337564843401646
-0.4668110411502678	-0.047761008911202885
-0.4671603320701086	-0.05165491177446677
-0.46755328435492954	-0.056035552495638664
-0.46803727190867656	-0.06163463354532736
-0.4683876741901329	-0.06601888295284121
-0.46862127571110374	-0.06894171589118368
-0.4688845903385639	-0.07210728263664662
-0.4692002343953554	-0.0757588572342697
-0.4695790072635052	-0.08014074675141736
-0.46985154237130455	-0.08355071851281694
-0.470094361721953	-0.0867179233018961
-0.47034743003633817	-0.08988432565176724
-0.4706512546064845	-0.09353690266576284
-0.47089431426260153	-0.09645896427695937
-0.4711863161638151	-0.10011250544988752
-0.4714291355144636	-0.10327971023896662
-0.47164327024202024	-0.10595897376578066
-0.47194709481216657	-0.10961155077977626
-0.47227117435365595	-0.11350763292803823
-0.4725952538951454	-0.11740371507630024
-0.47284832220953055	-0.12057011742617138
-0.47306300021900627	-0.1234944011689548
-0.47330581956965473	-0.12666160595803394
-0.47367040905383034	-0.13104469837482868
-0.47401969997367116	-0.13493860123809256
-0.47431170187488475	-0.13859214241102077
-0.47452637988436047	-0.1415164261538042
-0.47478289592352724	-0.14517263015990722
-0.47515646415529406	-0.1500452529123366
-0.47554941644011495	-0.1544258936335085
-0.47597916222499126	-0.15904853667778626
-0.476306622462342	-0.16269907061209612
-0.4767175475172855	-0.16805895563976853
-0.47691433569263825	-0.17073954907065333
-0.47712901370211397	-0.17366383281343675
-0.4773923283295741	-0.17682939955889965
-0.47795405982588146	-0.18266674021627924
-0.47851859683489445	-0.18973025315060707
-0.4787067085969501	-0.1924114694217493
-0.4789187662260368	-0.19558088245494037
-0.479141080126648	-0.19874959259356298
-0.4793652210657081	-0.20167316624502063
-0.47966407565112157	-0.2055712644469641
-0.4798782103786782	-0.2082505279737781
-0.4802031306949561	-0.21288171971484204
-0.4804083435262895	-0.21580668291972452
-0.4805877769047475	-0.2184884939478092
-0.48098135325545305	-0.22384968080957882
-0.4812928219500809	-0.22774679139403556
-0.4816999495357532	-0.23212613743598287
-0.48205774621821273	-0.23699994367395533
-0.4822934859476289	-0.24090236733562922
-0.482470290744691	-0.2438291850818847
-0.48270313590213376	-0.247486972848452
-0.48288256928059176	-0.2501687838765367
-0.48327481592394694	-0.25528503776658756
-0.4837878480022805	-0.26259744577879374
-0.4840904066444865	-0.2682092557204428
-0.48430061178059197	-0.2723578172696009
-0.484523720602325	-0.2762609834342527
-0.48476840248204045	-0.27991799847255006
-0.485161978832746	-0.2852791853343197
-0.4854868991490239	-0.28991037707538353
-0.4856842200026365	-0.29357025312428525
-0.48582023509070477	-0.2962546164796228
-0.4860154553097212	-0.2996698868736931
-0.48629486949865247	-0.30405923219357384
-0.48657428368758376	-0.3084485775134546
-0.486745295094048	-0.31162047008916927
-0.4869515673572872	-0.3150350907931341
-0.48715783962052633	-0.31844971149709883
-0.48742278134633427	-0.3230847213176228
-0.4877984678629168	-0.3282022178674939
-0.4881204848771304	-0.33258864348166906
-0.4885140612278359	-0.33794983034343873
-0.4887568805784844	-0.3411170351325179
-0.48905573516389783	-0.34501513333446143
-0.48942930339566465	-0.34988775608689077
-0.48976023888370673	-0.35402843608287604
-0.48999384040467764	-0.3569512690212186
-0.4903053090993055	-0.36084837960567534
-0.4906228420963073	-0.36499010894524037
-0.4909064116951105	-0.36839918082496964
-0.4912641416261409	-0.3725376320356091
-0.49155874274581296	-0.37594576832672383
-0.4918702114404408	-0.3798428789111807
-0.49211303079108926	-0.38301008370025974
-0.49240503269230285	-0.38666362487318795
-0.4926775678001022	-0.39007359663458746
-0.4930279700815585	-0.3944578460421014
-0.49334550307856034	-0.39859957538166646
-0.49364963025865094	-0.4027423106839429
-0.49386430826812666	-0.4056665944267264
-0.494136843375926	-0.40907656618812605
-0.49449873456319027	-0.4129693182254125
-0.49492700401830353	-0.4183278452790405
-0.4952490210325171	-0.42271427089321567
-0.49543713279457274	-0.42539548716435793
-0.4956986305568095	-0.4288063230910585
-0.4960984463620788	-0.4334316509147144
-0.4965431504633221	-0.43805287893513994
-0.4968472776434127	-0.4421956142374165
-0.497043023147185	-0.4451212262680543
-0.49718273024165066	-0.44731589892799467
-0.4973221732552338	-0.4497553777809021
-0.4974253093868534	-0.4514626881328845
