0.0	0.0
0.0	0.0
0.000733003735470736	7.1170422017216965e-06
0.0034199099579632552	7.66992180268605e-05
0.005129248873064297	0.00013757756354266522
0.007081714711734711	0.00023243568195911545
0.010737619782249146	0.0004931775619490724
0.013172435381855507	0.0006985416866958248
0.015360491798737509	0.0009188035151529745
0.018030076736696963	0.0012312502893107476
0.02093518386069764	0.0016285847254480725
0.023111018229418506	0.0019477256918357573
0.02600332142808673	0.0024294976950007675
0.02840817496811987	0.0028621417505586212
0.0310454667769672	0.003380792541214904
0.03415193987157523	0.004044096638512159
0.03700702422881832	0.004711940459390875
0.040561904323519124	0.005604384141027891
0.043391409371807126	0.006373424606655567
0.0459733757892424	0.007120255341760938
0.048311632381531355	0.00782952083255879
0.051565293909711325	0.00888586805699201
0.05387937558797819	0.009670423608963386
0.05663746960910395	0.010665631841792273
0.0596075680216119	0.011791981180600035
0.06255905194601558	0.0129662426749026
0.06504005676088068	0.014000129436727973
0.0677317801775981	0.015162948039931028
0.0701744142959418	0.01628448506186336
0.07303933840820072	0.017656475311104376
0.07544440264241484	0.018856463959786383
0.07825389662647443	0.020338655231703688
0.08103903921604914	0.02186611330600623
0.08337447622032076	0.02319654208152951
0.0861087347453709	0.02481332213187823
0.08983540876598951	0.027149199990453333
0.09208942421177184	0.02861334516694243
0.09431945299489233	0.03011377122447266
0.09731327285248273	0.0322281673257014
0.10006865969038928	0.034255487273814555
0.10278416256421417	0.03633592639591711
0.1048910424131806	0.03800486738639006
0.10715367164437048	0.0398698153798272
0.10937966258832574	0.04177834527833266
0.11158076085103437	0.043715530993219356
0.1135810984321169	0.045510790386557955
0.11609719129782699	0.04782843131855087
0.118227945482475	0.049842732353814714
0.12050065044392125	0.05206195734719249
0.12258522857654675	0.05412400876872389
0.12447764978243503	0.05603268598270374
0.12685453741442004	0.058492886784151245
0.1288918696704072	0.0606016303282491
0.13107669572876793	0.06290742357737679
0.13307963934528302	0.06504885742532106
0.13559196883492552	0.06771753289230212
0.1375879714972193	0.06986543778502347
0.1395700296050228	0.0720262172076741
0.14153806011749082	0.07419978063165208
0.14350609062995884	0.07637334405563007
0.1458021262278382	0.07890916805027105
0.14775604669182948	0.08109542441137238
0.15034235142987185	0.08402723468101769
0.15210078255323822	0.08606002259716586
0.15450760177283512	0.08882423124644921
0.1570748756070718	0.09177272047235142
0.15964214944130853	0.09472120969825368
0.16448555827702468	0.1005451181428853
0.16663867326742796	0.10320336542946851
0.16879178825783123	0.1058616127160517
0.17156007895977832	0.10927935922737295
0.17559059138512442	0.1141901187654882
0.17979260588673845	0.11927618104755175
0.1830480197687488	0.12324256375141408
0.1850393418027874	0.1257173938404843
0.18702264395105034	0.1281986556166197
0.18885338439560073	0.1304890511022831
0.1906989115302321	0.13276754877649727
0.1949009260318461	0.1378536110585608
0.19801352936637504	0.14162106460083013
0.20017523614320826	0.14427232969687756
0.2030739085137464	0.14789878921584465
0.20475887331177905	0.1499928762142887
0.20706578223006827	0.15284099830705639
0.2090571042641069	0.15531582839612662
0.21074883747085235	0.15740445126415628
0.21529737687101386	0.1628379313950797
0.21836094923107324	0.1666453623013416
0.2207920402946935	0.1697071068850069
0.22336453278682625	0.17296855311395484
0.22489014982395159	0.17487721601867434
0.22704326481435488	0.17753546330525755
0.23028582497960476	0.18151236094932874
0.23287937394271785	0.18475708788735193
0.2351585218148618	0.18762747343453812
0.23819738564438708	0.19145465416411972
0.24190316869038692	0.1959996800430582
0.2447264000422113	0.19937218495190726
0.24708817606574876	0.20217497681489627
0.2505254339491602	0.2063080731304413
0.252548626116604	0.20875691793291637
0.25501914814727056	0.21178693518554204
0.25688671014798786	0.2140474073109036
0.25891781707909467	0.21648969149736202
0.26160476286437134	0.21965750959084251
0.265339886865806	0.22417845384156565
0.267323189014069	0.22665971561770104
0.26990622326916547	0.22991281923784537
0.27188952541742845	0.2323940810139808
0.273880847451467	0.234868911103051
0.27682622191614303	0.23845754307321215
0.2800687820813929	0.24243444071728337
0.28280375952796566	0.2458789033739068
0.2857024318985038	0.24950536289287387
0.288327361556087	0.25272475622378865
0.29050618389025723	0.25536197370337715
0.29376159777226757	0.2593283564072395
0.29681283184651824	0.2631456822166785
0.2987880933357097	0.2656333496909066
0.3004662720765476	0.26773287888609804
0.3037088322417974	0.2717097765301692
0.3071326959097792	0.2758539754266654
0.30991203319427907	0.27926274483586927
0.31248452568641183	0.28252419106481724
0.3155357597606625	0.2863415168742563
0.317511021249854	0.2888291843484843
0.31934916466588964	0.29111364289224145
0.3229146179652343	0.29545777632980497
0.32539493330390884	0.29847978219941435
0.33097088507047245	0.3055963070847643
0.33292190078594314	0.3081030350498617
0.33472283836945455	0.31041693778687474
0.33653871542272473	0.31271913512495564
0.33883639469276927	0.31557470830465206
0.34128725258081677	0.3186206530296616
0.34614943470805726	0.32474414219699216
0.3543683276983153	0.3344339387182265
0.36517130490953476	0.34540047349654324
0.37323835497117436	0.35391417164716854
0.37799442870963873	0.359166949921782
0.3818453394609938	0.3635896837606354
0.38752360734890795	0.36998467526054146
0.3926076861727837	0.37559971410581794
0.399120754386088	0.38288723530948904
0.4038624234189292	0.3884775025332781
0.4075975474203639	0.39299844678400137
0.41004840530841136	0.3960443915090108
0.41174013851515684	0.39813301437704046
0.4139274844409641	0.40076316657784183
0.4164273083561725	0.40376905480732916
0.41907302119052203	0.4069713903182581
0.4214166061110298	0.4097894105334024
0.4243966836490667	0.4133492768260764
0.42721991500089107	0.41672178173492547
0.4305264014338435	0.4206456903431101
0.432430295975409	0.4228756472105533
0.43448501922297356	0.42529809634086196
0.4376219429472229	0.4290453240173609
0.4398177895541974	0.4316683833909101
0.4415497586381249	0.4337237640904354
0.4448941863128626	0.4376153851954677
0.4479314764350409	0.44112656432336006
0.450152686733534	0.44372818066871045
0.4525235212499546	0.446523314280605
0.45440567548450417	0.44877165088650434
0.45613764456843164	0.4508270315860296
0.4586953625660555	0.45378381400951784
0.462238466389901	0.4578265410846613
0.46496619483877744	0.4609593108871824
0.46686286245191394	0.46319541777669804
