0.4674950849896261	0.46394078673986994
0.46861408661358656	0.46523437905014603
0.46908825351687067	0.4657934057725249
0.4686122798814793	0.4652359165556641
0.4678159875779703	0.46430934010208497
0.4663665360136699	0.4626554972077081
0.46456250804390753	0.4606630640690616
0.4623926524593495	0.4583431774004553
0.4598289789093427	0.45572378698633426
0.45650733319645975	0.4524803043037052
0.45365765047362744	0.4498037781905487
0.45058424287657967	0.44700933462003106
0.4481997197586453	0.44491071676223715
0.4450374987749211	0.4422171860725117
0.44181507357764843	0.43959597929425465
0.4387348724627074	0.4371883155414158
0.43581103812832067	0.434978152425794
0.43206269972800837	0.4322389062902354
0.42846192316064896	0.4297132711744496
0.42523243914339853	0.42750988363760045
0.42176367992761793	0.42522461371276987
0.4182583965482296	0.42299577151185425
0.4151340821111008	0.42107945016339976
0.4117624184823533	0.41910046859961525
0.4079407942935452	0.41692340333057715
0.4043116899102153	0.41490242572028696
0.40131230558298103	0.4132574708710381
0.39696807157475994	0.41101924912306637
0.39391703033648345	0.4094722099636193
0.3904301260641675	0.4077041652099656
0.38580217172898	0.40548787326888397
0.3824713070221477	0.4039585046026126
0.3789079000093086	0.40235020919564696
0.37533415763105354	0.4007650123406532
0.3717604152527985	0.39917981548565945
0.36816645174989804	0.39764101400559876
0.36455286941073056	0.3961488657779502
0.3609202738114645	0.39470362086188554
0.3572876782121985	0.39325837594582086
0.3534230959249805	0.391735302450641
0.3497766397105937	0.3903253943927245
0.3454304216639194	0.38869324891967644
0.34221264530593937	0.38753217264804274
0.33851831728898785	0.38625294469400756
0.3343529702681075	0.3848407447004591
0.3308934371876849	0.3836302658373411
0.3265064226675549	0.38211118264192434
0.3232667083179813	0.3810128048691644
0.3197843235731333	0.3798697280119743
0.31558805530311096	0.37855224661470943
0.31256051242880833	0.37759092899951957
0.30697120250701887	0.37581618878686135
0.30253289959004087	0.37445421324685607
0.29925614388434507	0.37347184119731663
0.29502717493497116	0.3722634347047131
0.2845258995684999	0.3690037001156877
0.27521038303218415	0.36604579976125734
0.2675330197388812	0.36358067229769697
0.25762975206987326	0.3608890306680001
0.24787488051595938	0.35860723094666447
0.24098035280656863	0.3569709532586159
0.23200467825398297	0.35459370549202124
0.22565539178150215	0.3528016349858257
0.21589318657419904	0.35055141755363173
0.2125500833565024	0.3498262667594151
0.2089608125246714	0.34908413260148885
0.20585220900366907	0.34843088566332014
0.2025091057859725	0.34770573486910356
0.19892471375373244	0.34694038398760674
0.19510136225267638	0.3461240097140101
0.19175137614296747	0.3454313511666122
0.1874277711244457	0.34462458957236736
0.1840609761683993	0.34401888789458634
0.18021321050434622	0.3433266574056938
0.1763654448402932	0.34263442691680124
0.17347962059225347	0.3421152540501318
0.17034799765974212	0.34158319651416014
0.1662505681282955	0.34090068617634306
0.162869221106224	0.34038234737318945
0.1592445709118096	0.3398387122191337
0.1548993043382033	0.33915821017620135
0.1505585334747575	0.33844959678570213
0.14766168909235328	0.33799592875708057
0.1435557677084094	0.3373665173532512
0.13823706147375836	0.33658639499097015
0.13412522268206525	0.3359968774954487
0.13097943285959954	0.3355562486199923
0.12710769153964172	0.33501393615789204
0.12323252110008984	0.33449669567258444
0.11959501204391677	0.3340470779695827
0.11546774872199252	0.33357756056000415
0.11110101456116318	0.3330521489168318
0.1074664919441025	0.3325789961310763
0.10455887385045397	0.3322004739024718
0.10116386539802569	0.3317808307130035
0.09776621184062279	0.33138317118225724
0.09315338812788394	0.33085841643037533
0.08951304503066651	0.3304323526474329
0.08441466092711306	0.3298523605532476
0.08052478285265621	0.3294607839693238
0.07443774385364027	0.32894737365745697
0.06908418611755666	0.3284609104244521
0.06567945175278728	0.3281292981449978
0.06276300893954831	0.32782617544184506
0.06008871776335919	0.32755696654039745
0.05692717871035903	0.32724904085233275
0.05327597138816985	0.32692917634510266
0.04889212992069751	0.32657370677649666
0.04499538194961091	0.32625773382662465
0.0406115404821386	0.32590226425801866
0.037444618470725534	0.32565578426564123
0.03403244040491205	0.3254124251776506
0.03012953472718773	0.32518480504232605
0.02671327464589848	0.32500774613824046
0.02183464254874311	0.32472322096908474
0.018420960771562193	0.32450195298073303
0.015982616645004406	0.3243439044176247
0.013056603693135016	0.32415424614189464
0.009153698015410742	0.3239266260065701
0.0057363634494019934	0.32377168323491584
0.0015851117984423046	0.3236238358243775
-0.0023219485789314617	0.32348468532034136
-0.006471569123370688	0.3232965405261898
-0.010133517110002271	0.32314238101205295
-0.014040577487376088	0.3230032305080168
-0.01745997179706856	0.32290360444029936
-0.02136899747139702	0.3228403436099312
-0.02454523054586363	0.322799223424142
-0.0286985703248376	0.3227320087918758
-0.03456210883633026	0.3226371175463235
-0.039204295637473775	0.322577018813247
-0.04335815750313372	0.32259046230292765
-0.047022657941268795	0.3226616293704622
-0.05190794198216428	0.32278814241741705
-0.05557219290642454	0.3228711687786054
-0.059969846790043975	0.3229423372127696
-0.06412338234896184	0.32299610976341697
-0.06778809391864483	0.32305541679188715
-0.07071900332695265	0.3231408105642164
-0.07486975474920683	0.3233020921721359
-0.07828708931521552	0.32345703494379013
-0.08146077757029631	0.32359063985604203
-0.08634562658414266	0.3237329628099241
-0.08903253280663516	0.32380254498574923
-0.09269678373089538	0.3238855713469376
-0.10245215517051179	0.32448619678781404
-0.10586510296577932	0.32471851154262865
-0.10927647556266021	0.324972912414829
-0.11317518710195276	0.3252636562687723
-0.11780804094241257	0.32556394853867815
-0.12170767301762792	0.32584207321066744
-0.12487537614330299	0.3260783025919963
-0.12925921761077538	0.3264337721606023
-0.1324244778902637	0.3267007455227731
-0.13607568521245292	0.32702061003000327
-0.13972583821432813	0.32735228950705203
-0.14507265003859954	0.3279080144628321
-0.1487169581930185	0.32829871420461526
-0.15235998281447646	0.3287012062170143
-0.1564901987228179	0.32914399925770194
-0.1611012999792933	0.329683680049429
-0.16522543779785445	0.33017990215686954
-0.1693479480615173	0.3306894688869382
-0.17274016917077392	0.33113107815364334
-0.17661364533610815	0.33166085740182644
-0.18097130602210915	0.3322568590560324
-0.18460427830918905	0.3327417720110083
-0.18847601962914687	0.33328408447310853
-0.19355052990132707	0.33404517368878656
-0.1979001101346244	0.3346975358736534
-0.20247959019918244	0.33546034154533133
-0.20705657756208354	0.3362379640979053
-0.2106679828684852	0.33686356774678206
-0.21427734457911024	0.3375008559503975
-0.21740365418115337	0.33806329322262274
-0.22124685864206153	0.33878041463972924
-0.2246055306036582	0.3394296491527601
-0.2284440128454831	0.3401716314533668
-0.23180268480707977	0.34082086596639766
-0.2365946838128874	0.34177938108866607
-0.23994466992259625	0.3424720396360639
-0.24352656622727123	0.3432489869155817
-0.24734181137362593	0.3441024434923534
-0.2509262034058659	0.34486779437385023
-0.253793717031658	0.3454800750790477
-0.2571391495950821	0.34619440256844475
-0.26142817054599987	0.34716842716193463
-0.2645188208984854	0.3479019309531288
-0.26760708117800974	0.3486454333801099
-0.2716548248005501	0.34957845036419033
-0.2747524510428796	0.3502819125705997
-0.28021201033334914	0.35161501605758516
-0.2847036709291093	0.35278910942990427
-0.28824670035776156	0.35372749670619164
-0.29155352782450367	0.3546033248307265
-0.2958051631388864	0.35572938956227135
-0.2998100816943318	0.35683183071292157
-0.30310230430969226	0.35776105245687484
-0.3068507818652754	0.35887163773973574
-0.31035470522078445	0.35994688158710836
-0.3143374626235915	0.361126878450148
-0.31762360170032733	0.36207739029482755
-0.32114115062432974	0.3631071853131897
-0.32465534833268894	0.3641483590158718
-0.33024465825447846	0.36592309922853
-0.3341828929910909	0.36724410501418636
-0.3381081165091019	0.3686032847153487
-0.3425000243641513	0.37010816196854385
-0.348272411890638	0.37210695564672375
-0.35516764694345243	0.37459497622879595
-0.3624328381419845	0.3774854660609253
-0.366036686556925	0.3790009726618182
-0.36963065005982537	0.38053977414187884
-0.37232612268700077	0.3816938752519244
-0.3785979967170814	0.38442743105799554
-0.3826068296065254	0.38623676339083196
-0.3863648032846899	0.38800661732848335
-0.38945010617481496	0.3894841452892045
-0.39319071928016863	0.39129040183866093
-0.3969254670876144	0.39310875492350916
-0.40064238454049084	0.3949632828351087
-0.4043288069592111	0.3968777119607633
-0.40734402072329373	0.39849346836425137
-0.41077795477591045	0.4003623130815827
-0.41549961409825836	0.4029319745679133
-0.4204095788521752	0.40566623839360005
-0.42380029742438263	0.40761239132163685
-0.42696123207633335	0.4094676865376847
-0.4298772588843203	0.41125625312957564
-0.4333825422637087	0.4134850953304913
-0.43668163250313297	0.4155828291666472
-0.44037775602418994	0.4179667535662924
-0.44322827550081273	0.41985797579329814
-0.446066493952057	0.42176760895742754
-0.44868464206153064	0.42356634403794224
-0.4516716032796905	0.42569041816419173
-0.45423017677203237	0.42757292954458254
-0.45656924423954176	0.42934106003707995
-0.46230051926809307	0.43391128972468634
-0.4651136575008715	0.4362607325300924
-0.4676961803037974	0.4385041136325567
-0.47042391336891004	0.44095219462347307
-0.47311167653326985	0.4434440929731062
-0.47594397521253545	0.4461390081566784
-0.47854134228941503	0.4487249920082396
-0.48075583406381006	0.4510023092004972
-0.48325083739167723	0.4536871903163988
-0.48391152342761173	0.454407450123949
-0.4852046757966329	0.45587335525877165
-0.4825806351133422	0.45297527069346766
-0.4801294029158352	0.4502503690573533
-0.4783513184084311	0.4482347494969721
-0.4765928872850647	0.4462019615808239
-0.474258434784168	0.44337637142412195
-0.4724202913681324	0.4410919128803648
-0.47061187457897663	0.43878385075538645
-0.4684172883561966	0.43584830659401225
-0.46600609315521274	0.4324658685932278
-0.4636721379198865	0.4290296785394194
-0.4618053658349787	0.42616308739634806
-0.4599946063246521	0.42326078954907465
-0.4582405421464897	0.420323879326168
-0.45643295083103175	0.4171354248653242
-0.45469805034915944	0.41390684181225074
-0.4524970674228655	0.40954362283202056
-0.4510359645070788	0.4064505077245592
-0.4494350863327321	0.4028837623276857
-0.4480951806114231	0.39973624974525973
-0.4468166427907355	0.3965633135909072
-0.4455241417810728	0.39313358045950836
-0.4436347903760393	0.38758196452425686
-0.44241159149744624	0.3836122625669549
-0.44133310818529237	0.379854423107821
-0.44040209429570626	0.3763094490105967
-0.439464399362836	0.37226278651672995
-0.4386949059840627	0.36867928150729884
-0.43785282124819425	0.36411371435172596
-0.43726983726373986	0.36049518455546015
-0.43672883671937285	0.35637668148548524
-0.43634924769850325	0.35297696164794545
-0.4359909562066326	0.34908387664218576
-0.43571415935648555	0.3454291520675642
-0.4355545691944221	0.3427460870836635
-0.4353961771319266	0.3390843197279823
-0.4352706255090737	0.3344434419075234
-0.43519019604606063	0.33053473179334286
-0.43514195915637266	0.32711422656735656
-0.4351516181441457	0.3224716608049377
-0.43521036069693364	0.3185625646219678
-0.43529440442231837	0.3146539305501415
-0.4353971407959226	0.3105013175939491
-0.43551331600883925	0.30634905887774394
-0.43564795045618393	0.3024418402735696
-0.4358828856083018	0.2978052126598046
-0.43616019173864595	0.29366059561640095
-0.4364509099163683	0.2895168977428175
-0.4366682320633149	0.2861029624940214
-0.43697869227323854	0.2812259121385983
-0.43721810724312754	0.27781345506623545
-0.43762320666998933	0.27294335238090794
-0.4380161589548102	0.2685627116597361
-0.4383860280296808	0.2639348928406937
-0.4386007060391565	0.2610106090979103
-0.43878881780121215	0.25832939282676803
-0.43899403063254555	0.2554044296218856
-0.43936389970741613	0.2507766108028432
-0.4397710272930884	0.24639726476089588
-0.4401329184803527	0.24250451272360934
-0.44050404008268357	0.2383672409313915
-0.44086177001371396	0.234228789720752
-0.4411892302510647	0.23057825578644212
-0.44163885755986326	0.22620306894365266
-0.4421284080365148	0.22158637635206305
-0.44251548825524084	0.21769604827341868
-0.44278690664568904	0.21477648424545379
-0.4432115546595543	0.21064436333837488
-0.44372647519783603	0.20529346773577692
-0.444335017652169	0.19896968202361573
-0.44478464496096753	0.1945944951808263
-0.4451563738613687	0.19119390693419414
-0.44555604258030074	0.18730485196282576
-0.44598578836517705	0.182682208918548
-0.4463024431540333	0.17927605088592233
-0.4466895233727593	0.1753857228072779
-0.44710177640572907	0.17149798167751826
-0.44747646582972783	0.16785199264186038
-0.4478041425359071	0.16444687725838894
-0.4480981791255593	0.16128401622809363
-0.4483695975160075	0.15836445220012874
-0.4487082927073928	0.1549604151313149
-0.4492127819293658	0.15034533108231413
-0.4495314067011382	0.14743054115662943
-0.4498942944061939	0.14378335858290028
-0.4501657127966421	0.14086379455493542
-0.45044951166901276	0.13769999847853348
-0.450788784657073	0.1340505434435774
-0.4512633912608048	0.12943229066507742
-0.4515983468500927	0.12627350099714768
-0.4519026180772592	0.12311160814106709
-0.4523323638621355	0.11848896509678933
-0.45261616273450617	0.11532516902038742
-0.4530091150193271	0.11094452829921556
-0.4534203877517235	0.10681105471565594
-0.45387177284506774	0.10268176898760262
-0.45429660587409765	0.09879538242002298
-0.4547462331828962	0.09442019557723355
-0.455095524102737	0.09052629271396967
-0.4554011536575977	0.08711912770861378
-0.45568201940575137	0.08420045737992396
-0.45596288515390504	0.08128178705123423
-0.45633737281810993	0.07739022661298116
-0.45680548239836605	0.07252577606516489
-0.45706745058824666	0.06960534891771696
-0.45737308014310735	0.06619818391236107
-0.45768872419989887	0.06254660931473796
-0.4580053789887551	0.05914045128211227
-0.4583440741801404	0.055736414213298474
-0.45876872219400566	0.05160429330621953
-0.45919002081623617	0.04722628781318485
-0.4594735904150394	0.04381721593345561
-0.4597571600138426	0.04040814405372634
-0.46000021966995963	0.03748608244252987
-0.4602316919782734	0.034808261070939595
-0.4607745287591698	0.028969133015009807
-0.4611112157530808	0.025074120110878558
-0.46143323276729437	0.02068769449670338
-0.46168974880646113	0.017031490490600303
-0.46192231665005984	0.013863516435918277
-0.4622590036439708	0.009968503531786979
-0.46251151888940406	0.007047243853688561
-0.46280612000907617	0.0036391075625736412
-0.463117588703704	-0.0002580030218830992
-0.46338090333116416	-0.0034235697673459567
-0.46377385561598505	-0.007804210488517798
-0.4643420149182098	-0.014377044764239323
-0.4645924725959315	-0.017788709130820028
-0.46478821809970383	-0.020714321161457903
-0.46507445544567144	-0.0246133661518358
-0.4653859241402993	-0.028510476736292614
-0.4656584592480986	-0.03192044849769217
-0.4659446965940663	-0.03581949348807011
-0.46620121263323305	-0.039475697494173165
-0.46647482974167764	-0.04337564843401646
-0.4668110411502678	-0.047761008911202885
-0.4671603320701086	-0.05165491177446677
-0.46755328435492954	-0.056035552495638664
-0.46803727190867656	-0.06163463354532736
-0.4683876741901329	-0.06601888295284121
-0.46862127571110374	-0.06894171589118368
-0.4688845903385639	-0.07210728263664662
-0.4692002343953554	-0.0757588572342697
-0.4695790072635052	-0.08014074675141736
-0.46985154237130455	-0.08355071851281694
-0.470094361721953	-0.0867179233018961
-0.47034743003633817	-0.08988432565176724
-0.4706512546064845	-0.09353690266576284
-0.47089431426260153	-0.09645896427695937
-0.4711863161638151	-0.10011250544988752
-0.4714291355144636	-0.10327971023896662
-0.47164327024202024	-0.10595897376578066
-0.47194709481216657	-0.10961155077977626
-0.47227117435365595	-0.11350763292803823
-0.4725952538951454	-0.11740371507630024
-0.47284832220953055	-0.12057011742617138
-0.47306300021900627	-0.1234944011689548
-0.47330581956965473	-0.12666160595803394
-0.47367040905383034	-0.13104469837482868
-0.47401969997367116	-0.13493860123809256
-0.47431170187488475	-0.13859214241102077
-0.47452637988436047	-0.1415164261538042
-0.47478289592352724	-0.14517263015990722
-0.47515646415529406	-0.1500452529123366
-0.47554941644011495	-0.1544258936335085
-0.47597916222499126	-0.15904853667778626
-0.476306622462342	-0.16269907061209612
-0.4767175475172855	-0.16805895563976853
-0.47691433569263825	-0.17073954907065333
-0.47712901370211397	-0.17366383281343675
-0.4773923283295741	-0.17682939955889965
-0.47795405982588146	-0.18266674021627924
-0.47851859683489445	-0.18973025315060707
-0.4787067085969501	-0.1924114694217493
-0.4789187662260368	-0.19558088245494037
-0.479141080126648	-0.19874959259356298
-0.4793652210657081	-0.20167316624502063
-0.47966407565112157	-0.2055712644469641
-0.4798782103786782	-0.2082505279737781
-0.4802031306949561	-0.21288171971484204
-0.4804083435262895	-0.21580668291972452
-0.4805877769047475	-0.2184884939478092
-0.48098135325545305	-0.22384968080957882
-0.4812928219500809	-0.22774679139403556
-0.4816999495357532	-0.23212613743598287
-0.48205774621821273	-0.23699994367395533
-0.4822934859476289	-0.24090236733562922
-0.482470290744691	-0.2438291850818847
-0.48270313590213376	-0.247486972848452
-0.48288256928059176	-0.2501687838765367
-0.48327481592394694	-0.25528503776658756
-0.4837878480022805	-0.26259744577879374
-0.4840904066444865	-0.2682092557204428
-0.48430061178059197	-0.2723578172696009
-0.484523720602325	-0.2762609834342527
-0.48476840248204045	-0.27991799847255006
-0.485161978832746	-0.2852791853343197
-0.4854868991490239	-0.28991037707538353
-0.4856842200026365	-0.29357025312428525
-0.48582023509070477	-0.2962546164796228
-0.4860154553097212	-0.2996698868736931
-0.48629486949865247	-0.30405923219357384
-0.48657428368758376	-0.3084485775134546
-0.486745295094048	-0.31162047008916927
-0.4869515673572872	-0.3150350907931341
-0.48715783962052633	-0.31844971149709883
-0.48742278134633427	-0.3230847213176228
-0.4877984678629168	-0.3282022178674939
-0.4881204848771304	-0.33258864348166906
-0.4885140612278359	-0.33794983034343873
-0.4887568805784844	-0.3411170351325179
-0.48905573516389783	-0.34501513333446143
-0.48942930339566465	-0.34988775608689077
-0.48976023888370673	-0.35402843608287604
-0.48999384040467764	-0.3569512690212186
-0.4903053090993055	-0.36084837960567534
-0.4906228420963073	-0.36499010894524037
-0.4909064116951105	-0.36839918082496964
-0.4912641416261409	-0.3725376320356091
-0.49155874274581296	-0.37594576832672383
-0.4918702114404408	-0.3798428789111807
-0.49211303079108926	-0.38301008370025974
-0.49240503269230285	-0.38666362487318795
-0.4926775678001022	-0.39007359663458746
-0.4930279700815585	-0.3944578460421014
-0.49334550307856034	-0.39859957538166646
-0.49364963025865094	-0.4027423106839429
-0.49386430826812666	-0.4056665944267264
-0.494136843375926	-0.40907656618812605
-0.49449873456319027	-0.4129693182254125
-0.49492700401830353	-0.4183278452790405
-0.4952490210325171	-0.42271427089321567
-0.49543713279457274	-0.42539548716435793
-0.4956986305568095	-0.4288063230910585
-0.4960984463620788	-0.4334316509147144
-0.4965431504633221	-0.43805287893513994
-0.4968472776434127	-0.4421956142374165
-0.497043023147185	-0.4451212262680543
-0.49718273024165066	-0.44731589892799467
-0.4973221732552338	-0.4497553777809021
-0.4974253093868534	-0.4514626881328845
-0.49747187841834195	-0.4521942456861979
-0.49760448201613855	-0.4543893589958895
-0.49761368694948555	-0.45463353164685655
-0.49760160031729683	-0.45414498894612804
-0.49759792890774757	-0.4539006704346924
-0.49759792890774757	-0.4539006704346924
-0.4975957824713731	-0.4543893579114336
-0.49758070194705817	-0.45512224105784244
-0.4975674859867579	-0.45561075451262756
-0.4974935696909266	-0.4573195792786121
-0.49740306596115824	-0.45902760585174546
-0.49727437251307444	-0.4609781337060005
-0.4971452006496725	-0.4626836718408239
-0.49691339498387804	-0.46511611250014634
-0.4966835248872732	-0.46730318037637253
-0.4963966774354556	-0.4697297458436957
-0.49610321036090316	-0.4719091914687773
-0.49571868287045173	-0.4745693503619167
-0.49524292941456816	-0.4774626496387415
-0.49469712228021673	-0.4805919054584383
-0.49408056921222254	-0.48370799430944394
-0.4935162740677888	-0.4863358979830268
-0.4927992132367704	-0.4894304045959837
-0.49208197165058304	-0.4922734815494099
-0.49138241569674895	-0.49486865556960913
-0.4904281062132416	-0.49815369380503566
-0.4897161385295246	-0.5004911290330499
-0.4888074751693911	-0.5032789333579643
-0.48777434969175626	-0.5062827308145975
-0.48694979319203874	-0.5085828629861462
-0.4858104094360937	-0.5115479855923302
-0.4847233274297516	-0.5142711776104493
-0.48368657369675655	-0.5167509857531858
-0.4823952459193656	-0.5196531607968993
-0.4811686718278376	-0.5223164366095128
-0.48000495581156705	-0.5247392597068802
-0.4781221272925924	-0.5284419217079996
-0.47651264760897005	-0.5314604905653446
-0.47458455020581497	-0.5348615086569114
-0.47295577632609276	-0.5375886395781819
-0.4714198312879991	-0.5400863174789561
-0.469975018634229	-0.5423527735502638
-0.4686217931143219	-0.54438729612819
-0.46654283920190454	-0.5474058353183677
-0.4646822805828348	-0.5499804166509381
-0.4630729173527961	-0.5521331490359458
-0.4611300245452315	-0.5546461780750396
-0.4592918811291959	-0.5569306366187967
-0.45709603452222136	-0.559553695992346
-0.45549148837582343	-0.5613965017585348
-0.45370688989676466	-0.563406356229934
-0.45155966027997757	-0.5657472006044721
-0.4490215391306348	-0.5683913581723664
-0.4462421016204675	-0.5711407600677416
-0.4437791551441418	-0.5735148024964444
-0.44162894461265395	-0.5755083211761509
-0.4396286070315714	-0.5773035805694895
-0.43740880444741354	-0.5792193045953936
-0.43495762278029115	-0.5812396649216172
-0.43285615526982235	-0.5829154158070728
-0.430926169603554	-0.584413967359679
-0.42798101468480004	-0.5865956389016699
-0.425795629069924	-0.5881603741642477
-0.4233788769688714	-0.5898207450077998
-0.4209408336602079	-0.5914496915634427
-0.41784793656074765	-0.5934163170348389
-0.4157692057895603	-0.5947005988608951
-0.4123911551087918	-0.5966686581215317
-0.4091832498131581	-0.5984415009873376
-0.4063785674566918	-0.5999327770490853
-0.40419925228649434	-0.6010378050201189
-0.4013432686690358	-0.602428310320297
-0.3989079450909382	-0.6035656342836528
-0.39600846296608	-0.6048629973094259
-0.39330926936108407	-0.6060083688381488
-0.39058834493633576	-0.6071011141565411
-0.3871655323455008	-0.6084118323492184
-0.38371390680123274	-0.6096446783715384
-0.3799993630733948	-0.6108639603525412
-0.37578639145178594	-0.6121270101305204
-0.37225263978521644	-0.6130997523222707
-0.36726782478087466	-0.6143169337669095
-0.3648867991205569	-0.6148657672869569
-0.36153458885798473	-0.6155475804241376
-0.35889238579111027	-0.6160406013983983
-0.356003261545989	-0.6165410843174998
-0.3528650134650511	-0.6170325580151731
-0.3499599063410504	-0.6174298924513104
-0.3465597500276897	-0.6178055516628829
-0.3438854588515005	-0.6180747605643305
-0.34072019857201225	-0.6183417339265013
-0.3380398343887487	-0.6185416203260873
-0.33535765584953514	-0.6187154737455065
-0.3321848988616957	-0.6188696181879333
-0.32827701965061856	-0.6189834765510389
-0.3251005869537266	-0.6190040370746381
-0.32216849523351865	-0.6189850581297773
-0.31899281109915983	-0.6189131019500808
-0.31606190169085197	-0.6188277081777516
-0.3131316064078216	-0.6187233452997245
-0.3097137882869655	-0.6185794630865301
-0.3067860718618187	-0.6184182223038924
-0.30337312406655115	-0.6181859075490779
-0.30044909041208184	-0.6179678496586204
-0.2972821684006688	-0.617721369666243
-0.294358855774749	-0.6174938496732792
-0.2916813037384769	-0.6172592823679771
-0.2882755139856005	-0.6169386907933405
-0.2856003655561388	-0.616678138288055
-0.2829260743799497	-0.6164089293866073
-0.2795271516442474	-0.6160222679904838
-0.2766159955370278	-0.6156719935617022
-0.2737048394298082	-0.6153217191329207
-0.27079601152684424	-0.6149526090043704
-0.26812850488565065	-0.6146228893555025
-0.2649772746574397	-0.6142230200495731
-0.26158650052283183	-0.613770434624929
-0.2569867475764974	-0.6131413217677115
-0.2538381715943615	-0.6127210638733991
-0.24971904596169275	-0.6121848240495428
-0.24536533429989998	-0.6115606290542848
-0.24197911411850564	-0.611075144057973
-0.23835624230914337	-0.6105197810545941
-0.23521799422820552	-0.6100283073569208
-0.23159879300883773	-0.6094495062284485
-0.2289407161996005	-0.6090508404488076
-0.2248308068364611	-0.6084480186234087
-0.22096265684762403	-0.6078806569053862
-0.21758130982555252	-0.6073623181022325
-0.21348169289896482	-0.6066930721223166
-0.21058784565666758	-0.6062206631953171
-0.20721169054065414	-0.605669519447151
-0.2038320387611826	-0.6051402400804259
-0.20045238698171106	-0.6046109607137008
-0.19586806543717858	-0.603877812617636
-0.19273306425802325	-0.6033660362800531
-0.18959973579279937	-0.6028441166099577
-0.18646473461364396	-0.6023323402723749
-0.18259844107293527	-0.6017524627747155
-0.17873214753222655	-0.6011725852770561
-0.17510927572286425	-0.6006172222736772
-0.1719742745437089	-0.6001054459360944
-0.1690804273014117	-0.5996330370090949
-0.16522196431168204	-0.5990031584397623
-0.1620853232548967	-0.5985015307950863
-0.15798146037982405	-0.5978588344212058
-0.1541229973900944	-0.5972289558518732
-0.1507504803858515	-0.5966559708131345
-0.14713907507944987	-0.5960303671642577
-0.14448924029040183	-0.5955801646338201
-0.1411130851743884	-0.595029020885654
-0.137976444117603	-0.594527393240978
-0.13412003985271206	-0.5938850305700913
-0.1297863534850301	-0.5931343061914393
-0.1273814999449969	-0.5927016621358814
-0.12377213823437182	-0.5920643739322659
-0.11967470870292518	-0.5913818635944488
-0.1160573996500537	-0.5907913524356995
-0.11219893666032403	-0.5901614738663669
-0.10883019906374058	-0.5895666715429924
-0.10546146146715722	-0.5889718692196179
-0.10161147564249047	-0.5882920951357613
-0.09872398627399039	-0.5877822645728689
-0.09486552328426077	-0.5871523860035363
-0.09052025671065447	-0.5864718839606039
-0.08617499013704819	-0.5857913819176715
-0.08231652714731857	-0.5851615033483389
-0.07870512184091691	-0.5845358996994622
-0.0755734989084056	-0.5840038421634905
-0.07292222097629311	-0.5835622178272559
-0.06954786724451353	-0.5830001504902301
-0.06545266802507566	-0.5823043829431902
-0.06159836287736943	-0.5816495428989173
-0.058465034412145546	-0.5811276232288219
-0.05436541748555777	-0.580458377248906
-0.05074621626619001	-0.5798795761204337
-0.04737186253441038	-0.5793175087834079
-0.04448273828928912	-0.5788170258643065
-0.04111209333664756	-0.5782331291253548
-0.03846225854759955	-0.5777829265949173
-0.034839386738237284	-0.5772275635915384
-0.03000889099242095	-0.5764870795870333
-0.026873889813265522	-0.5759753032494505
-0.02301958466555937	-0.5753204632051776
-0.02012885580477969	-0.5748293331719729
-0.016995527339555776	-0.5743074135018775
-0.013378218286684297	-0.5737169023431282
-0.009276456904734103	-0.5730609277308597
-0.0051768399781463754	-0.5723916817509438
-0.0025255620460338545	-0.5719500574147092
0.0008487916857456779	-0.5713879900776834
0.004223145417525357	-0.5708259227406575
0.008327008292597948	-0.570183226366777
0.012193301833306691	-0.5696033488691176
0.01702616875919256	-0.5688785019970433
0.02112793014114278	-0.5682225273847747
0.026186705647507125	-0.5673630498266666
0.029802084645842476	-0.5667608348227103
0.033423140123847686	-0.5661937497869334
0.03801211108237324	-0.5654902899826535
0.04259878135451321	-0.5647719822706694
0.047416662789145934	-0.5639534322153283
0.05223454422377875	-0.5631348821599873
0.05657531508722462	-0.5624262687694881
0.060681236471168465	-0.5617968573656588
0.06430588666558298	-0.561253222211603
0.06792508788495066	-0.5606744210831308
0.07274559321606436	-0.5598714677445225
0.0773225805789655	-0.5590938451919485
0.0821506545496392	-0.5583377318109126
0.08796086879764059	-0.557543062938638
0.09183434496297478	-0.5570132836904549
0.09618805662476748	-0.5563890886951969
0.10005435016547623	-0.5558092111975375
0.10319417240025687	-0.5553278965946091
0.10681882259467133	-0.5547842614405534
0.11190498379658315	-0.5541053833035872
0.11723334315096698	-0.5533941776362892
0.1215890521359195	-0.5527840761164264
0.12521370233033396	-0.5522404409623707
0.1283535245651146	-0.5517591263594424
0.13125182201260438	-0.5513148359567392
0.13439616932389914	-0.550864028460164
0.13875383000990013	-0.5502680268059581
0.1433515228273501	-0.5496240307572141
0.14745945971435312	-0.5490079109159509
0.15035630409675732	-0.5485542428873293
0.1530130767569563	-0.5481469766848515
0.1561544402587822	-0.5476758262180031
0.15978083087331693	-0.5471439246073571
0.16340188635132213	-0.5465768395715801
0.16629573359361938	-0.5461044306445806
0.1691864624543991	-0.5456133006113759
0.17256261757041244	-0.5450621568632099
0.17618181878978026	-0.5444833557347376
0.1798028742677854	-0.5439162706989606
0.18510826087866367	-0.5430501876661282
0.1884807778829066	-0.5424772026273895
0.1918532948871496	-0.5419042175886508
0.19643761643168206	-0.541171069492586
0.20635440410576547	-0.5397492920033872
0.21214209859035996	-0.5388044741493881
0.21502958795885999	-0.5382946435864958
0.21791707732736007	-0.5377848130236034
0.221289594331603	-0.5372118279848647
0.22466574944761647	-0.5366606842366985
0.22948882818477856	-0.5358733360250327
0.2333472911745082	-0.5352434574557001
0.23744472070595474	-0.534560947117883
0.24081907443773443	-0.5339988797808571
0.24468347103438753	-0.533406492577253
0.24903918001934	-0.5327963910573903
0.254607302007008	-0.5320348333881271
0.25896101366880075	-0.5314106383928691
0.26210083590358146	-0.5309293237899407
0.2659652325002345	-0.5303369365863366
0.2691065960020603	-0.5298657861194883
0.2717684181595313	-0.5294929463017944
0.2773365401471992	-0.5287313886325312
0.28217399754919115	-0.5280378386378001
0.2850737177047228	-0.5276029305145555
0.287970562087127	-0.527149262485934
0.2918368556278357	-0.5265693849882745
0.29595058078029096	-0.5259931779972931
0.3010345182472921	-0.5252978427340528
0.3126099072164809	-0.5234082070260548
0.31933954131923686	-0.522175017650034
0.3260610523850023	-0.5208982952107787
0.33280608639348813	-0.5197523251333013
0.3410297639768744	-0.5185732901422584
0.34562745679432433	-0.5179292940935144
0.3499791255317661	-0.517291012160739
0.3548096212775824	-0.5165505281562339
0.3586740178742355	-0.5159581409526298
0.36133461944533113	-0.5155766884555277
0.36521144357019575	-0.5150719921507219
0.36836267379840665	-0.5146721228447925
0.37199719641546736	-0.5141989700590369
0.37659896131243525	-0.5135847469827342
0.38023034521743615	-0.5130880789375625
0.385320794047623	-0.5124421362125996
0.38993529190146975	-0.5119323129968941
0.3938238823191217	-0.5115281493926904
0.39746819047354065	-0.5111374496509072
0.40207929173001605	-0.5105977688591802
0.4064443025974238	-0.5100582276155781
0.4096004451377189	-0.5096991848906062
0.41251380748260663	-0.509367760836786
0.41712830533645334	-0.5088579376210806
0.4222303367526398	-0.5083109579825841
0.425626685544396	-0.507902304482339
0.4285355134473599	-0.5075331943537887
0.4314418912770238	-0.5071452639898081
0.4350764138940845	-0.5066721112040525
0.4379886883718585	-0.5063312601776986
0.4416303913029681	-0.5059169801104234
0.4455119327792608	-0.5054499475387146
0.4484230888864804	-0.5050996731099331
0.4510905955276739	-0.5047699534610651
0.4513331918699422	-0.5047407639253333
0.45327543343320065	-0.5045198145561198
0.455216204171347	-0.5042862982702655
0.457640227423817	-0.5039787064964736
0.45981905776681753	-0.5036807056693706
0.4624758304270165	-0.5032734394668927
0.46464621585873944	-0.5029191327716431
0.46705245699915615	-0.5024942739692329
0.4696914135404107	-0.5019841611375657
0.47256283020587553	-0.5013904538112247
0.47518195843222516	-0.5007867369391726
0.4782653415510019	-0.5000232607078089
0.48180222286136193	-0.4990619601257743
0.48438896920200225	-0.4983318573269539
0.48695851299604215	-0.497543345172214
0.4897502814663341	-0.49664693518546477
0.49298642409637045	-0.49553807826205787
0.49528750779254915	-0.49471618091384456
0.49780373929325533	-0.49377125458734306
0.5003106779406462	-0.4928019427975255
0.5043705040013345	-0.4911101280963567
0.5083851715588305	-0.48931377929144015
0.5119112320046876	-0.4876251759077589
0.5156160677940234	-0.48574662835700183
0.5192773987932666	-0.48378463843848063
0.5251778101435748	-0.4803214207018578
0.5276772616932778	-0.4787883636230942
0.5301464746381335	-0.4772070636866441
0.5325950105551551	-0.475593931974999
0.5348152808170148	-0.4740791030434152
0.5373980092709592	-0.47222987046036863
0.5397597694177362	-0.4704921676477002
0.5422875467254794	-0.4685685020594356
0.5447710992378516	-0.46658806919480617
0.5470397522747046	-0.46473045366557575
0.5492719082632158	-0.4628291378845931
0.5512895816706987	-0.46105338431261367
0.5532782571746708	-0.4592452149434552
0.5557641370567602	-0.45689519706898074
0.5582039179547168	-0.45449735387800844
0.5602548567947222	-0.4524018415467116
0.5630923602514519	-0.4493681435954572
0.5652243933066257	-0.4470134498861477
0.5671498486823032	-0.444802082966721
0.5691967212360357	-0.44237299668546387
0.5711880432700743	-0.43989816659639364
0.5731390589855451	-0.43739143863129626
0.5749098919008967	-0.4350544164144641
0.5766196302884613	-0.4326723339847089
0.5784298474624818	-0.4300621115428668
0.5803243631903517	-0.4272137799337701
0.5820405288454039	-0.4245407810827725
0.5837132176069738	-0.42184036264854186
0.5852085462420575	-0.41931815838854253
0.5873528448944192	-0.4154780531926377
0.5886251052477922	-0.41311042562038386
0.5899794738032269	-0.41050980879506915
0.5917900527222916	-0.4067712859444988
0.5930166268138196	-0.40410801013188524
0.5942086216852575	-0.40142907932230354
0.5955383338852205	-0.39827724679759735
0.5967064522066059	-0.3953233261825065
0.5976542862803585	-0.392808188552814
0.5985776562994839	-0.3902839669826182
0.5996692913934069	-0.387041974444033
0.600568927638376	-0.3842512439513487
0.6013520920904647	-0.381680065200533
0.6022283597815897	-0.37862682063998676
0.6030352384858977	-0.37555450975572563
0.6037922980140382	-0.37246954488009637
0.6043905644218164	-0.3698491662752024
0.6049463517516656	-0.36721945009819
0.605552816785257	-0.36410138217461196
0.6061406090837893	-0.3607314143687847
0.6065595404485272	-0.3580764561319568
0.607048652239448	-0.3544440467568208
0.6073834434728004	-0.35153106943350865
0.6076309887390392	-0.3491001801375961
0.6079114059241483	-0.3456908475048332
0.6080883594152635	-0.34300887170523253
0.6082245530585366	-0.34007988325397637
0.6083233236912288	-0.33739389161404537
0.6083886726299269	-0.3342180646462737
0.6084090637754844	-0.3295755336172324
0.608402963362154	-0.3266433868199152
0.6083589064475631	-0.3237115646826878
0.608276900414916	-0.32078055853007237
0.6081759245794075	-0.3178501445769416
0.6080559831715485	-0.31492044559671495
0.6079199680834803	-0.31223608224137733
0.6076752862037649	-0.30857906720308
0.6074606081942892	-0.3056547834602965
0.6072551456668174	-0.3029748409464603
0.6070410109392608	-0.3002955774196463
0.6067776963118007	-0.29713001067418343
0.606496830563647	-0.2942113403454936
0.6062134066034803	-0.29153851831878386
0.6059042168287531	-0.28862271247146404
0.6054919637957833	-0.2847349713417044
0.605182774021056	-0.2818191654943846
0.6047046707595853	-0.27769288794703406
0.6043084440605482	-0.274541197636108
0.6039645462807645	-0.27187548177639576
0.6036120230685543	-0.26921089285640926
0.6031853173926681	-0.26581676482925815
0.6026649533767374	-0.2614494262899347
0.6021163317934553	-0.2570855473978833
0.6016676658870059	-0.2536942524088096
0.6012408582161356	-0.25054655759750705
0.6008883350039255	-0.24788196867752058
0.6004819103550901	-0.24473157720695152
0.5997315879264711	-0.23891546987667028
0.5992500172066579	-0.23552869081089925
0.5987723320791324	-0.23238831434748666
0.5983126380797549	-0.22949242010166265
0.597871697962039	-0.22659361105851256
0.5973572678247039	-0.22321166717483745
0.5967240161812432	-0.2188592635880604
0.5960626060046694	-0.21451105002333526
0.5955747599697042	-0.21137223597035543
0.5949235268039194	-0.20726971912210482
0.5943840815538045	-0.20364444298990161
0.5937454001643695	-0.19904600888281493
0.5931872670563083	-0.19492979259111154
0.5926830449067544	-0.1912994498749905
0.5920716736232908	-0.18719080359182685
0.5915463009702514	-0.1838105423040024
0.5911710347895089	-0.18139606995555638
0.590739478589417	-0.17849584904979382
0.5901414075928152	-0.1743852456622822
0.5895081559493545	-0.17003284207550518
0.5889452566782407	-0.1664111335528361
0.5884761929112554	-0.16351674221119597
0.5879289518497726	-0.1601399523126158
0.5872307966633892	-0.15555017132762813
0.586424041224103	-0.1497416229818345
0.5857907895806422	-0.14538921939505745
0.5851293794040685	-0.1410410058303323
0.584733786220651	-0.13838247000004994
0.584206076517767	-0.13475546701106908
0.5834321022868706	-0.1294358626272305
0.582869203015757	-0.12581415410456148
0.5824001392487717	-0.1229197627629213
0.5819498198318807	-0.12002239594478603
0.5813986446847359	-0.11639888464084844
0.5808107245277815	-0.11253380591664833
0.5801462175245523	-0.10843341818265805
0.57962791985118	-0.1052994885512222
0.5790916101852396	-0.10192094526442759
0.5785771800479044	-0.09853900138075246
0.57798925989095	-0.09467392265655232
0.5772997188918837	-0.09033008128781637
0.5767915664776496	-0.08719449066770618
0.5763225027106643	-0.08430009932606607
0.5757713275635195	-0.08067658802212842
0.5752084372137766	-0.07680778483388215
0.5746455468640337	-0.07293898164563585
0.5738574878844745	-0.0678685897138993
0.5729764077190009	-0.062318125742736624
0.5722211843688401	-0.05724273915765211
0.5714332317456949	-0.0514316102752474
0.5708422672783361	-0.047073263613443765
0.5702974586776477	-0.04295526255528288
0.5695938457404691	-0.03811925856997517
0.5691263265237029	-0.03497735258873232
0.5686486413961773	-0.031836976125319716
0.5682530482127598	-0.029178440295037397
0.5678402733100628	-0.026275486810090717
0.5673587025902497	-0.022888707744319784
0.5668552203568091	-0.01950511668759669
0.5662305551900451	-0.01539847054313406
0.5654565809591486	-0.010078866159295569
0.5648984478510874	-0.0059626498675920975
0.5643074833837286	-0.001604303205788542
0.5638032612341747	0.002026039510332516
0.5633998835145315	0.004930313683229265
0.5629527107032765	0.008075179958588122
0.5625399358005795	0.010978133443534729
0.5621233174588766	0.014127193076246002
0.5614042584647834	0.01970096260109888
0.5608132939974245	0.024059309262902437
0.5602378857306354	0.02792627047058588
0.5597602006031098	0.03106664693399849
0.5593192604853939	0.033965455977148604
0.5588970927230867	0.03686705836833325
0.5582561414281592	0.0417117654955814
0.5578074755217098	0.045103060484655115
0.5570851194419901	0.05018322908331153
0.5566981323265419	0.052843031275230844
0.5562056032705168	0.056228234064946384
0.5557834355082097	0.05912983645613098
0.5552455985486856	0.06300220201999347
0.5545405521242653	0.06833137985996636
0.5539824190162042	0.07244759615166978
0.5533139867258845	0.07704179993771214
0.5528918189635773	0.07994340232889684
0.5524962257801598	0.08260193815917923
0.5520388773709937	0.08574534074962925
0.5515261163350517	0.08962110645142775
0.550921049755587	0.09397751771077302
0.5504050811272158	0.09760620956695627
0.5498773714243318	0.10123321255593709
0.5495162264720569	0.10389664662703926
0.5490160115196442	0.10777405151389345
0.548497868913211	0.1118954926897198
0.5477583430938652	0.11721999534003066
0.547354965374222	0.12012426951292751
0.5469327976119149	0.12302587190411211
0.5463214263284514	0.1271345181872758
0.5459086514257544	0.1300374716722224
0.5453295508656232	0.13464378828049897
0.544841887236039	0.1385227917401002
0.5443932213295897	0.14191408672917388
0.543788154750125	0.14627049798851915
0.5431158585507198	0.1511109549433472
0.5427501108285316	0.15402020753804813
0.542215760124535	0.15863192950273408
0.5417243052206004	0.16275663812320623
0.5412115441846584	0.1666324038250047
0.5407628782782091	0.17002369881407836
0.5404017333259342	0.1726871328851806
0.5399640452425731	0.176079862161178
0.539567818543536	0.17923155247210404
0.5390191969602537	0.1835954313641555
0.5386346261832972	0.18650225564050432
0.5382078185124268	0.18964995045180696
0.5377035963628729	0.19328029316792797
0.5372549304564236	0.19667158815700164
0.5366313522578406	0.2017648249988279
0.5360126303900551	0.2071047135895168
0.5355124154376424	0.21098211847637094
0.5350081932880885	0.2146124611924921
0.5346298162939496	0.21727350188702652
0.5342170413912526	0.2201764553719731
0.53382306507968	0.22308201981317552
0.5333658804269449	0.22671858555655164
0.5328782167973607	0.2305975890161529
0.5322544209707041	0.23519806604805668
0.5317267112678201	0.2388250690370375
0.5313045435055129	0.2417266714282222
0.5308823757432057	0.2446282738194069
0.53014284992386	0.24995277646971784
0.5295522517773374	0.2550499428517391
0.5284946821407069	0.2630437096116984
0.5279317917909641	0.26691251279994466
0.5274173616536288	0.27029445668361973
0.5270217684702113	0.2729529925139021
0.5266089935675143	0.2758559459988488
0.5261923752258114	0.27900500563156
0.5255200790264062	0.28384546258638804
0.5249321588694517	0.2877105413105882
0.5244912187517359	0.29060935035373825
0.5238079214349237	0.29520136678786235
0.5232802117320398	0.29882836977684324
0.5228315458255904	0.3022196647659169
0.5221000503812141	0.3080381699553188
0.5216310988633271	0.3116732370367447
0.5210596470938327	0.31578762544834843
0.520589039754249	0.31917594531672816
0.5201622320833788	0.3223236401280306
0.5198495977381208	0.32474701818231455
0.5193744905392005	0.3286275795856107
0.5188742755867878	0.3325049844724648
0.51811752159851	0.3378270658615336
0.5176601731893439	0.3409704684519837
0.5172567954697007	0.3438747426248805
0.5168081295632514	0.34726603761395414
0.5163156591737856	0.35089799316545717
0.5158114370242317	0.35452833588157817
0.5150298511610869	0.3605867810172878
0.5145726665083518	0.36422334676066404
0.5140523024924211	0.3685906852999875
0.5135897567004827	0.37247276400160845
0.5132240089782946	0.3753820165963093
0.512839438201338	0.3782888408726582
0.5121829060762964	0.3833779347866542
0.5118649058443387	0.38604686389401854
0.5112542083651083	0.39163354458491423
0.5105160813942079	0.3981894674020036
0.5098110349697875	0.4035186452419766
0.5090715091504417	0.4088431478922873
0.508727611370658	0.41150886375199963
0.5082094687642248	0.415630304927826
0.5075389312735465	0.4209639346847777
0.5069903096902643	0.4253278135768292
0.5064261198915464	0.4299359802432435
0.5060707254240758	0.433092535673694
0.5056724444593603	0.4367360230807998
0.5053227343302948	0.4401389461807471
0.5049730242012294	0.44354186928069433
0.5046543994294569	0.44645665920637917
0.504229566400427	0.45034304577395873