1.0509786886005932	0.0	0.017453292519943292	0.00.11604642868041992
1.0509786886005932	0.0	0.017453292519943292	0.00.03423357009887695
0.0	0.0	-0.0	0.00.022821426391601562
0.0	0.0	-0.0	0.00.02338409423828125
0.0	0.0	-0.0	0.00.01859569549560547
-1.050978688600594	0.0	-0.017453292519943306	0.00.01985955238342285
0.0	0.0	-0.0	0.00.02187824249267578
0.0	0.0	-0.0	0.00.02144336700439453
-1.050978688600594	0.0	-0.017453292519943306	0.00.022978544235229492
-1.050978688600594	0.0	-0.017453292519943306	0.00.022578716278076172
-1.050978688600594	0.0	-0.017453292519943306	0.00.02078843116760254
0.0	0.0	-0.0	0.00.02196979522705078
-1.050978688600594	0.0	-0.017453292519943306	0.00.021950960159301758
-1.050978688600594	0.0	-0.017453292519943306	0.00.022691965103149414
-1.050978688600594	0.0	-0.017453292519943306	0.00.02764582633972168
0.0	0.0	-0.0	0.00.041722774505615234
0.0	0.0	-0.0	0.00.028098106384277344
1.0509786886005932	0.0	0.017453292519943292	0.00.026525497436523438
1.0509786886005932	0.0	0.017453292519943292	0.00.03345012664794922
2.1019573772011864	0.0	0.034906585039886584	0.00.03380990028381348
0.0	0.0	-0.0	0.00.037813425064086914
0.0	0.0	-0.0	0.00.030353784561157227
0.0	0.0	-0.0	0.00.04372882843017578
1.0509786886005932	0.0	0.017453292519943292	0.00.03490185737609863
1.0509786886005932	0.0	0.017453292519943292	0.00.0417783260345459
-6.30587213160356	0.0	-0.10471975511965977	0.00.039041996002197266
-4.203914754402374	0.0	-0.06981317007977318	0.00.04077577590942383
-4.203914754402374	0.0	-0.06981317007977318	0.00.03908991813659668
-3.1529360658017804	0.0	-0.05235987755982989	0.00.02842998504638672
-3.1529360658017804	0.0	-0.05235987755982989	0.00.03444504737854004
-2.1019573772011872	0.0	-0.0349065850398866	0.00.03525948524475098
-2.1019573772011872	0.0	-0.0349065850398866	0.00.030866384506225586
-2.1019573772011872	0.0	-0.0349065850398866	0.00.0371854305267334
-2.1019573772011872	0.0	-0.0349065850398866	0.00.03490757942199707
-2.1019573772011872	0.0	-0.0349065850398866	0.00.03460884094238281
-2.1019573772011872	0.0	-0.0349065850398866	0.00.03554892539978027
-3.1529360658017804	0.0	-0.05235987755982989	0.00.0346529483795166
-3.1529360658017804	0.0	-0.05235987755982989	0.00.0351412296295166
-4.203914754402374	0.0	-0.06981317007977318	0.00.04272341728210449
-5.254893443002967	0.0	-0.08726646259971647	0.00.032915592193603516
-7.356850820204155	0.0	-0.12217304763960309	0.00.031445980072021484
-14.541373076759625	-0.01745329251994332	-0.1396263401595464	0.00.03585386276245117
-23.827852710516282	-0.03490658503988664	-0.1919862177193763	0.00.04169011116027832
-35.847791237683275	-0.03490658503988664	-0.24434609527920614	-0.90011883593579340.03877997398376465
-33.21272978313125	-0.03490658503988664	-0.08726646259971647	-1.59282000543023640.03287243843078613
-39.8778469842087	-0.03490658503988664	0.034906585039886584	-3.0162364968362450.04918479919433594
-30.609296715352727	-0.03490658503988664	0.296705972839036	-3.6756802100087430.04036068916320801
-32.140818700488595	-0.01745329251994332	0.22689280275926282	-4.0270331098740670.05200839042663574
-37.67449075128941	-0.01745329251994332	0.06981317007977317	-3.62857951808074740.048099517822265625
-37.193128401392585	-0.01745329251994332	0.06981317007977317	-3.5797148290338770.04631829261779785
-36.914169812204975	0.0	0.08726646259971647	-4.280721505961610.04281044006347656
-34.995718219772655	0.0	0.12217304763960306	-4.299349786949840.04262495040893555
-36.25179641162548	0.0	0.06981317007977317	-4.10679345138165350.04249858856201172
-30.89793286255014	0.0	0.10471975511965977	-3.7766816677486180.04390263557434082
-33.62429327664252	0.017453292519943264	0.05235987755982988	-4.3560149136652850.04407382011413574
-28.33979698835621	0.017453292519943264	0.017453292519943292	-3.60619149768659850.041138410568237305
-31.093906260554235	0.017453292519943264	0.017453292519943292	-3.8857702666034150.04491591453552246
-25.348191092867204	0.017453292519943264	0.06981317007977317	-3.62256865848428470.0385434627532959
-25.091008601030865	0.017453292519943264	0.05235987755982988	-3.4897728772626350.047512054443359375
-25.255233790567505	0.017453292519943264	0.017453292519943292	-3.2930672545095560.03710007667541504
-20.476287573585157	0.017453292519943264	0.017453292519943292	-2.8079405699763470.03729414939880371
-23.598625192949555	0.017453292519943264	0.017453292519943292	-3.1248994200033380.03351140022277832
-17.42625077418777	0.017453292519943264	-0.0349065850398866	-2.17825621620604970.0360562801361084
-17.27464970633752	0.017453292519943264	0.034906585039886584	-2.58962002198809760.03369855880737305
-14.190384873809183	0.017453292519943264	-0.017453292519943306	-1.95646106702394280.035683393478393555
-16.35150095448642	0.017453292519943264	-0.05235987755982989	-1.96246646327147410.03557419776916504
-6.978017112281446	0.017453292519943264	-0.017453292519943306	-1.22430968868231020.035639047622680664
-18.36146732649963	0.017453292519943264	-0.10471975511965977	-1.84643981787856640.03780961036682129
-9.612837766280707	0.0	-0.017453292519943306	-0.8691427187515590.040162086486816406
-15.342336687696847	0.0	-0.08726646259971647	-1.02400982863652470.034088134765625
-13.132745310653462	0.0	-0.0349065850398866	-1.11977187751732380.03896617889404297
-17.277433767562798	0.0	-0.12217304763960309	-1.00707128629871570.04332685470581055
-14.936188386005801	0.0	-0.017453292519943306	-1.40953370025663060.030955791473388672
-13.768265032234599	0.0	-0.05235987755982989	-1.07759725949933530.03239297866821289
-14.737066130717633	0.0	-0.06981317007977318	-1.0692551397041820.03264570236206055
-19.15423392603163	0.0	-0.08726646259971647	-1.41096816318383310.030924320220947266
-18.1161343196223	-0.01745329251994332	-0.05235987755982989	-0.8963275393444210.03894400596618652
-25.762888384212044	-0.01745329251994332	-0.06981317007977318	-1.56588657909856450.044583797454833984
-27.362660078853125	-0.01745329251994332	-0.05235987755982989	-1.83497304430661550.03804588317871094
-27.623459978071295	-0.01745329251994332	-0.017453292519943306	-2.0748243738304340.03785371780395508
-32.46758105966744	-0.01745329251994332	0.034906585039886584	-2.886632174921260.030231237411499023
-29.283401198580542	-0.01745329251994332	0.017453292519943292	-2.4567071804985920.031969547271728516
-35.514625158098966	-0.01745329251994332	0.017453292519943292	-3.08925939657561030.03954768180847168
-36.84182878920949	-0.01745329251994332	0.05235987755982988	-3.43736490669438280.030465126037597656
-35.444068223970476	-0.01745329251994332	0.05235987755982988	-3.29547359467751640.04236912727355957
-37.53955858121455	-0.01745329251994332	0.10471975511965977	-3.82825877241832920.038752079010009766
-31.72681888300725	0.0	0.10471975511965977	-3.8608246374960780.03842520713806152
-32.18468159264792	0.0	0.08726646259971647	-3.8006154668228440.045922279357910156
-33.45478467320493	0.0	0.06981317007977317	-3.82285951079061540.036524057388305664
-29.19553179827685	0.0	0.10471975511965977	-3.60386528803673120.03874349594116211
-37.996102284221664	0.0	0.034906585039886584	-4.0704870606483220.04502153396606445
-30.659816273391662	0.0	-0.0	-3.11237966316765040.04205775260925293
-33.47150731989673	0.0	0.08726646259971647	-3.93124541541147730.03773689270019531
-20.179162878104357	0.017453292519943264	0.15707963267948966	-3.6312851226589170.04566049575805664
-25.29320755812885	0.017453292519943264	0.06981317007977317	-3.6169870974663460.041015625
-20.61802980455309	0.017453292519943264	0.05235987755982988	-3.0357059606249280.03737068176269531
-13.634585118589952	0.017453292519943264	0.12217304763960306	-2.75354665624373140.03803086280822754
-19.125521164637863	0.017453292519943264	-0.0	-2.56413145738854540.03403353691101074
-17.286940487344292	0.017453292519943264	-0.0349065850398866	-2.16411436682980350.032259464263916016
-6.933765822465459	0.017453292519943264	0.12217304763960306	-2.073324259675790.03367209434509277
-7.210082928317936	0.017453292519943264	0.034906585039886584	-1.5679324593758480.0445256233215332
-7.395531920972142	0.017453292519943264	-0.0349065850398866	-1.16000466873038420.03009176254272461
-0.5344946416634491	0.017453292519943264	0.017453292519943292	-0.78358301300434660.03341054916381836
-0.354860842146842	0.017453292519943264	-0.06981317007977318	-0.231906123693444350.03763008117675781
2.9806075021530756	0.017453292519943264	-0.05235987755982989	0.00.0318598747253418
5.082564879354262	0.017453292519943264	-0.017453292519943306	0.00.030364036560058594
8.235500945156042	0.017453292519943264	0.034906585039886584	0.00.03242349624633789
8.235500945156042	0.017453292519943264	0.034906585039886584	0.00.032544851303100586
13.776620608268281	0.017453292519943264	0.08726646259971647	0.242432439708725770.035996198654174805
25.81871996228479	0.034906585039886584	0.15707963267948966	0.41547620594100410.0420079231262207
33.9805129377268	0.034906585039886584	0.15707963267948966	1.24400688744401530.04208970069885254
6.622818370874011	0.034906585039886584	-0.41887902047863906	1.98755155160176590.04829716682434082
32.21193235248137	0.017453292519943264	-0.017453292519943306	2.75399209326775730.031687259674072266
26.479559615914205	0.017453292519943264	-0.05235987755982989	2.3854565863166520.03658270835876465
22.670248902220614	0.017453292519943264	-0.15707963267948966	2.63889081813543270.03306937217712402
33.71586675131559	0.017453292519943264	-0.05235987755982989	3.12003812991853650.03356361389160156
28.930397977492564	0.017453292519943264	-0.06981317007977318	2.7409376522801640.031838178634643555
27.434685436025624	0.017453292519943264	-0.15707963267948966	3.1225445765937610.033536672592163086
28.097219491014297	0.0	-0.10471975511965977	3.49237196209996230.03248405456542969
25.227018563801483	0.0	-0.1396263401595464	3.41438501070746450.030670166015625
23.914472239567946	0.0	-0.12217304763960309	3.1744557457132340.03573727607727051
23.160998599852984	0.0	-0.06981317007977318	2.77790313707928550.03141450881958008
24.693809219401206	0.0	-0.06981317007977318	2.93350382813461860.029748201370239258
18.447856569631448	-0.01745329251994332	-0.05235987755982989	2.8154044760468010.04029488563537598
15.87118809301337	-0.01745329251994332	-0.12217304763960309	2.98059164405786530.032206058502197266
12.052620780474648	-0.01745329251994332	-0.0349065850398866	2.05951454175943830.03389787673950195
14.256018347496402	-0.01745329251994332	-0.017453292519943306	2.1765004052318590.03207588195800781
6.044247915646071	-0.01745329251994332	-0.05235987755982989	1.55627301288608550.03925180435180664
9.199522236954959	-0.01745329251994332	0.017453292519943292	1.44982204368155170.030095577239990234
1.711873710329245	-0.01745329251994332	-0.0	0.79641433491520490.04382967948913574
6.484287357609002	-0.01745329251994332	0.13962634015954636	0.427371210400883940.04083871841430664
3.190225242257382	-0.01745329251994332	0.12217304763960306	0.199668370372221070.04370570182800293
-0.8786501249519088	-0.01745329251994332	0.08726646259971647	0.00.0388028621673584
4.203914754402373	0.0	0.06981317007977317	0.00.05598783493041992
3.15293606580178	0.0	0.05235987755982988	0.00.04952049255371094
3.15293606580178	0.0	0.05235987755982988	0.00.0325620174407959
4.203914754402373	0.0	0.06981317007977317	0.00.03150677680969238
3.15293606580178	0.0	0.05235987755982988	0.00.034687042236328125
4.203914754402373	0.0	0.06981317007977317	0.00.037824153900146484
5.254893443002967	0.0	0.08726646259971647	0.00.03369283676147461
13.49039438815901	0.017453292519943264	0.12217304763960306	0.00.044391632080078125
14.224879916738022	0.017453292519943264	0.10471975511965977	0.18124839592356190.04814743995666504
16.2220812472459	0.017453292519943264	0.10471975511965977	0.383990928654220630.04545235633850098
15.915025852096305	0.017453292519943264	0.06981317007977317	0.56619738339951180.04623818397521973
28.66336662582805	0.034906585039886584	0.10471975511965977	1.02431072564356060.034078121185302734
26.854372527240677	0.034906585039886584	0.034906585039886584	1.26742706651112360.048197269439697266
31.89183707926761	0.034906585039886584	-0.0349065850398866	2.20555013797619460.031653404235839844
33.44253496092997	0.034906585039886584	-0.05235987755982989	2.4696549576274970.03180193901062012
32.92033023339481	0.034906585039886584	-0.1396263401595464	2.95008588972373650.035497188568115234
35.77876695884008	0.017453292519943264	-0.08726646259971647	3.5428266401660510.0344846248626709
34.12629233153448	0.017453292519943264	-0.10471975511965977	3.4817667919787640.032582998275756836
37.14770269929631	0.017453292519943264	-0.15707963267948966	4.1085451817061870.0318603515625
34.40272300820642	0.017453292519943264	-0.12217304763960309	3.6165165202984990.03136897087097168
27.611955145043126	0.0	-0.26179938779914946	4.4033061679903370.03170943260192871
37.37522849342879	0.0	-0.08726646259971647	4.32752510224451650.03226470947265625
25.001261584704988	0.0	-0.1919862177193763	3.7115326706501560.037619590759277344
27.057625253184327	-0.01745329251994332	-0.15707963267948966	4.3295406574985760.03224968910217285
19.784960964068816	-0.01745329251994332	-0.15707963267948966	3.59126837860912570.031589508056640625
23.675594592360458	-0.01745329251994332	-0.06981317007977318	3.45277783891631570.037911415100097656
12.969119259044039	-0.03490658503988664	-0.08726646259971647	3.09525269809364720.031013011932373047
10.979518954921893	-0.03490658503988664	-0.0349065850398866	2.5732167709331270.033913373947143555
9.55245184693101	-0.03490658503988664	0.017453292519943292	2.10828545470320440.033113718032836914
2.942040189685362	-0.03490658503988664	0.017453292519943292	1.43724063748317740.03035902976989746
-3.1836076934753814	-0.03490658503988664	0.017453292519943292	0.81540579916350190.032106637954711914
-1.6493386167941786	-0.03490658503988664	0.10471975511965977	0.437712876649948960.03987383842468262
-4.031586190753689	-0.01745329251994332	0.034906585039886584	0.00.04133772850036621
-6.1335435679548755	-0.01745329251994332	-0.0	0.00.031044721603393555
-7.18452225655547	-0.01745329251994332	-0.017453292519943306	0.00.03927969932556152
-11.388437010957842	-0.01745329251994332	-0.08726646259971647	0.00.03264904022216797
-19.623937956113906	-0.03490658503988664	-0.12217304763960309	0.00.03124237060546875
-27.749540656471652	-0.03490658503988664	-0.17453292519943298	-0.50479188678426560.03457522392272949
-42.08879514261081	-0.03490658503988664	-0.26179938779914946	-1.4269755134378710.030577421188354492
-26.853895351541286	-0.05235987755982996	0.2617993877991494	-2.45844393707487450.039046287536621094
-52.0045126214388	-0.03490658503988664	-0.10471975511965977	-3.39374788938849430.04114222526550293
-20.808120510382217	-0.03490658503988664	0.43633231299858233	-3.5342369644844140.03703761100769043
-42.89649139936754	-0.01745329251994332	0.12217304763960306	-4.4787471275721810.03702068328857422
-33.368104221322135	-0.01745329251994332	0.10471975511965977	-3.40480060163898560.04357171058654785
-45.31189750154701	-0.01745329251994332	0.034906585039886584	-4.1905013476693580.0478971004486084
-27.12393328822084	0.0	0.19198621771937624	-3.92701211719001360.035555362701416016
-39.97118412256303	0.0	0.06981317007977317	-4.4843608369045780.04086637496948242
-28.98221692387478	0.0	0.13962634015954636	-3.7955876540251870.03218817710876465
-38.330828901112824	0.0	0.05235987755982988	-4.2111546032551890.04558992385864258
-28.360304650374783	0.0	0.10471975511965977	-3.5190786094057850.03223752975463867
-37.672943266207305	0.0	0.05235987755982988	-4.1443704499350310.040007591247558594
-32.10865227735557	0.0	0.034906585039886584	-3.47283247896744960.030153989791870117
-25.251021904407636	0.017453292519943264	0.10471975511965977	-3.82608135836348360.04561662673950195
-23.218562484766473	0.017453292519943264	0.12217304763960306	-3.72644799331515260.04215264320373535
-17.533471260198397	0.017453292519943264	0.12217304763960306	-3.1493355229460930.041564226150512695
-13.830784001197546	0.034906585039886584	0.017453292519943292	-2.75596981151050.05066323280334473
-10.649049882327093	0.034906585039886584	-0.017453292519943306	-2.21960475921574750.047179460525512695
1.8748818865384598	0.034906585039886584	0.017453292519943292	-1.16163556405064080.037561893463134766
-3.4886032036121675	0.034906585039886584	-0.06981317007977318	-1.17265906240296380.02976703643798828
-6.886366900939239	0.017453292519943264	-0.1396263401595464	-0.46818763873423820.03727841377258301
-1.223307252249299	0.017453292519943264	-0.12217304763960309	0.00.034258365631103516
6.394215416098688	0.017453292519943264	-0.0349065850398866	0.23983833063445580.036385536193847656
2.9806075021530756	0.017453292519943264	-0.05235987755982989	0.00.03148007392883301
5.082564879354262	0.017453292519943264	-0.017453292519943306	0.00.03173089027404785
7.184522256555449	0.017453292519943264	0.017453292519943292	0.00.029940128326416016
7.184522256555449	0.017453292519943264	0.017453292519943292	0.00.0328977108001709
9.286479633756636	0.017453292519943264	0.05235987755982988	0.00.03641390800476074
15.264965396980507	0.017453292519943264	0.10471975511965977	0.28683092348332570.03042435646057129
16.79709160607095	0.017453292519943264	0.12217304763960306	0.335673804484402260.05199480056762695
25.599048964816475	0.034906585039886584	0.017453292519943292	1.24668334045973480.04199934005737305
34.63358209998356	0.034906585039886584	0.10471975511965977	1.63036710448157090.03746795654296875
12.779797260190167	0.017453292519943264	-0.22689280275926282	2.06163159371319840.038095951080322266
23.552925646963594	0.017453292519943264	-0.17453292519943298	2.8351825960328490.03077983856201172
31.36408042033897	0.017453292519943264	0.017453292519943292	2.45454716434979360.0319976806640625
20.279686036848126	0.017453292519943264	-0.17453292519943298	2.5029051843107330.03137946128845215
14.271666018962707	0.0	-0.15707963267948966	2.40895916302168440.03622579574584961
28.050845755277834	0.0	-0.0	2.84753441067249650.030646324157714844
18.2391076798446	0.0	-0.05235987755982989	2.17157732824787340.03214859962463379
16.478842116311526	0.0	-0.10471975511965977	2.31295193108645370.03395652770996094
22.69162156819369	0.0	0.017453292519943292	2.1968134510568780.03177928924560547
17.69968173220784	0.0	-0.0349065850398866	2.01013007749156230.03473067283630371
22.235353740896826	0.0	-0.017453292519943306	2.36387285680598950.02953338623046875
12.577764722070857	0.0	-0.06981317007977318	1.70356395650362140.030735492706298828
23.60147801398096	0.0	0.017453292519943292	2.289175997297180.030497074127197266
13.527987728163097	0.0	-0.06981317007977318	1.8000242461956430.033936500549316406
17.672613861665326	0.0	-0.017453292519943306	1.90069399487756470.03213906288146973
15.529013286843595	0.0	-0.0	1.57640165590221320.03321480751037598
13.033630824236734	0.0	-0.08726646259971647	1.85652877013826220.023502588272094727
8.739410224084267	-0.01745329251994332	0.017453292519943292	1.40311454684372230.031097412109375
7.857049763503344	-0.01745329251994332	-0.0	1.4202315425572040.030722618103027344
3.212257753878565	-0.01745329251994332	0.017453292519943292	0.84203496338827710.04145503044128418
4.616645375796265	-0.01745329251994332	0.08726646259971647	0.55784567680102680.03128695487976074
4.203914754402373	0.0	0.06981317007977317	0.00.0425565242767334
5.254893443002967	0.0	0.08726646259971647	0.00.039968252182006836
5.254893443002967	0.0	0.08726646259971647	0.00.03892874717712402
3.15293606580178	0.0	0.05235987755982988	0.00.04323911666870117
10.337458322357229	0.017453292519943264	0.06981317007977317	0.00.038214921951293945
10.337458322357229	0.017453292519943264	0.06981317007977317	0.00.04416656494140625
12.963702671368017	0.017453292519943264	0.034906585039886584	0.4799754429313940.03636288642883301
9.286479633756636	0.017453292519943264	0.05235987755982988	0.00.034926414489746094
16.38702527364495	0.017453292519943264	0.017453292519943292	0.93417661036296540.03736615180969238
12.658055386431318	0.017453292519943264	-0.017453292519943306	0.76901317289394130.03404355049133301
14.366198118228592	0.017453292519943264	-0.0	0.83572407504587110.0313260555267334
18.515757508620638	0.017453292519943264	0.017453292519943292	1.1502712815569890.030346393585205078
17.99883988888574	0.017453292519943264	0.017453292519943292	1.0977972591150420.031796932220458984
13.58747650789567	0.017453292519943264	-0.06981317007977318	1.18342679410211040.029496192932128906
20.763577890679677	0.017453292519943264	0.034906585039886584	1.27176665235554130.03430914878845215
16.633987173258095	0.017453292519943264	-0.06981317007977318	1.49268819847413510.02923130989074707
20.018432445056128	0.017453292519943264	-0.0	1.4095011327232640.030956506729125977
23.89099005330796	0.017453292519943264	-0.017453292519943306	1.90930563593844530.03199410438537598
20.293544998502448	0.017453292519943264	-0.0349065850398866	1.65080538725969280.031717777252197266
18.93169122979568	0.017453292519943264	-0.06981317007977318	1.72593575983515080.030337095260620117
23.609579034423373	0.017453292519943264	-0.08726646259971647	2.30749200294938460.034036874771118164
21.492688083205746	0.017453292519943264	-0.017453292519943306	1.6658460466401530.03666996955871582
21.63008398444088	0.017453292519943264	-0.12217304763960309	2.31992356005138940.03385448455810547
25.25321131650856	0.017453292519943264	-0.08726646259971647	2.4743425686172350.035268545150756836
12.504046950059891	0.0	-0.12217304763960309	2.0161456207442390.04761219024658203
18.09912787437578	0.0	-0.10471975511965977	2.4774325136493680.04226946830749512
13.061292674447671	0.0	-0.08726646259971647	1.85933681632074470.03754734992980957
15.563052871809358	0.0	-0.0349065850398866	1.79323379365399220.03406500816345215
1.150276862534982	-0.01745329251994332	-0.12217304763960309	1.48622310875780620.035230159759521484
3.8021337861745668	-0.01745329251994332	-0.017453292519943306	1.11529190288354750.031298160552978516
-1.120762984646035	-0.01745329251994332	0.017453292519943292	0.40217565352112820.04339718818664551
0.4250389894511004	-0.01745329251994332	0.06981317007977317	0.239030140240737850.03650856018066406
-8.235500945156062	-0.01745329251994332	-0.0349065850398866	0.00.03168749809265137
-9.959085343019417	-0.01745329251994332	-0.017453292519943306	-0.281655103458021360.030983448028564453
-10.33745832235725	-0.01745329251994332	-0.06981317007977318	0.00.03136944770812988
-16.116279753883404	-0.01745329251994332	-0.12217304763960309	-0.266562334790729440.03273773193359375
-19.779715291693606	-0.01745329251994332	-0.1396263401595464	-0.53176149632124170.0328216552734375
-24.759458245188366	-0.01745329251994332	-0.1396263401595464	-1.03727172371651430.033652305603027344
-29.604637236435675	-0.03490658503988664	-0.06981317007977318	-1.3332388945269070.03272724151611328
-26.55257258282579	-0.03490658503988664	0.13962634015954636	-2.30367368572069960.030305147171020508
-34.28770136966837	-0.01745329251994332	-0.08726646259971647	-2.32458029285073260.04129481315612793
-32.82393513277338	-0.03490658503988664	0.15707963267948966	-3.0469888365492310.034368276596069336
-35.600972999301156	-0.01745329251994332	-0.0	-2.99133651911490840.040842294692993164
-41.04703305595179	-0.01745329251994332	-0.0	-3.5441841426481090.04924488067626953
-35.70703969004032	-0.01745329251994332	0.10471975511965977	-3.64223370043474270.031147480010986328
-47.547688190739564	-0.01745329251994332	0.017453292519943292	-4.3107755444367960.04453635215759277
-38.46189224400774	-0.01745329251994332	0.08726646259971647	-3.81519958907162060.032022714614868164
-50.3536738049436	-0.01745329251994332	0.034906585039886584	-4.7023087862074180.04639554023742676
-50.11345192733708	-0.01745329251994332	0.06981317007977317	-4.8912997330372080.028545856475830078
-45.47105799299848	0.0	0.12217304763960306	-5.3627362790357120.045563697814941406
-46.327736457619835	0.0	0.12217304763960306	-5.4497005519910960.04323530197143555
-43.449324086180006	0.0	0.17453292519943295	-5.4775683629320020.03982901573181152
-36.797983113570716	0.017453292519943264	0.12217304763960306	-5.1049400307696940.04102683067321777
-42.42971420628983	0.017453292519943264	0.034906585039886584	-5.1431940707428670.04581189155578613
-42.57964740726564	0.017453292519943264	0.034906585039886584	-5.1584142873739670.03214287757873535
-33.73674811781864	0.017453292519943264	0.10471975511965977	-4.6874955774940080.04281878471374512
-38.97852207406015	0.017453292519943264	0.06981317007977317	-5.0062287747037610.041835784912109375
-31.43109849918624	0.017453292519943264	0.12217304763960306	-4.5601297690436940.04018735885620117
-29.1840275756547	0.034906585039886584	0.05235987755982988	-4.5279051673526120.04432797431945801
-22.377404407413646	0.034906585039886584	0.06981317007977317	-3.94363060200230730.05089545249938965
-16.075062984553238	0.034906585039886584	0.08726646259971647	-3.41054734956901840.0409395694732666
-22.078392388057594	0.034906585039886584	-0.017453292519943306	-3.3798352335609250.030983686447143555
-16.67165125713302	0.034906585039886584	-0.0349065850398866	-2.72429067133966550.03203272819519043
-12.017406897447115	0.034906585039886584	-0.017453292519943306	-2.35851121931441470.03700065612792969
-10.238969561013135	0.034906585039886584	-0.05235987755982989	-1.96459947881051970.035535573959350586
-9.163471181555893	0.034906585039886584	-0.12217304763960309	-1.42866873725728060.030541181564331055
-11.830282794109667	0.017453292519943264	-0.12217304763960309	-1.07674927565868650.03241848945617676
-11.93535452968863	0.017453292519943264	-0.1396263401595464	-0.98072712283227190.03559255599975586
-8.917561361969318	0.017453292519943264	-0.12217304763960309	-0.78106926019382760.033518075942993164
-11.855323224059177	0.017453292519943264	-0.1396263401595464	-0.97260287949575730.03588986396789551
-17.654659979215175	0.0	-0.15707963267948966	-0.83198810392673830.03146672248840332
-12.7871778808809	0.0	-0.12217304763960309	-0.55125051491802730.031661272048950195
-17.766538913696344	0.0	-0.12217304763960309	-1.05672197227812940.033032894134521484
-17.165439257673004	0.0	-0.08726646259971647	-1.20907901861685920.036087989807128906
-22.67999200249758	-0.01745329251994332	-0.10471975511965977	-1.03955487339450170.03357839584350586
-26.895175100558877	-0.01745329251994332	-0.06981317007977318	-1.68082876001082230.03634309768676758
-27.003432392183168	-0.01745329251994332	-0.06981317007977318	-1.6918183168247510.030948877334594727
-30.898801592098586	-0.01745329251994332	-0.05235987755982989	-2.19393850038664830.03579854965209961
-32.70629168177902	-0.01745329251994332	-0.05235987755982989	-2.37742281569810960.029365062713623047
-37.430140068306784	-0.01745329251994332	-0.017453292519943306	-3.07033300323239370.03410696983337402
-35.211437246901696	-0.01745329251994332	0.08726646259971647	-3.48523511900353530.03255057334899902
-43.97361269377731	-0.01745329251994332	-0.0349065850398866	-3.6278942839900150.04570317268371582
-44.73730559986067	-0.01745329251994332	-0.0	-3.91879595097703650.04008364677429199
-47.77295506946673	-0.01745329251994332	0.034906585039886584	-4.44033146589240.03144502639770508
-54.09159702077093	-0.01745329251994332	0.034906585039886584	-5.08175777232282750.03606224060058594
-53.39207538830515	-0.01745329251994332	0.10471975511965977	-5.4375003438765180.04012250900268555
-50.20744684818197	0.0	0.10471975511965977	-5.736854491311450.04867696762084961
-52.731818670997185	0.0	0.10471975511965977	-5.9931118495925610.04222726821899414
-53.5246540478918	0.0	0.10471975511965977	-6.0735951989147870.04166769981384277
-53.504103226612486	0.0	0.13962634015954636	-6.2848856834261740.036101341247558594
-48.90823916361752	0.017453292519943264	0.034906585039886584	-5.8008506315230410.04513120651245117
-52.617884543240116	0.017453292519943264	0.12217304763960306	-6.7108707070650710.039011240005493164
-42.72691033456321	0.017453292519943264	0.12217304763960306	-5.70680510205626850.035170793533325195
-55.29252165603033	0.017453292519943264	-0.0349065850398866	-6.022186993929750.04057431221008301
-47.575302872692184	0.017453292519943264	0.10471975511965977	-6.0922931797575210.030080556869506836
-32.534925705771855	0.034906585039886584	0.20943951023931953	-5.8282609525740420.047913551330566406
-43.41349101157247	0.034906585039886584	-0.0349065850398866	-5.43894354026888750.04171633720397949
-39.10038725290941	0.034906585039886584	0.017453292519943292	-5.3211710689361320.032799720764160156
-32.89769069754712	0.034906585039886584	0.05235987755982988	-4.904891430850370.03202509880065918
-33.29825291085126	0.034906585039886584	0.017453292519943292	-4.7321771634227270.02950572967529297
-35.82816038683835	0.034906585039886584	-0.017453292519943306	-4.7756197976653780.03289198875427246
-28.449973689183814	0.034906585039886584	0.034906585039886584	-4.346700588851410.03212237358093262
-25.971756668881326	0.034906585039886584	-0.017453292519943306	-3.77506355785638140.032363176345825195
-27.506798544178686	0.034906585039886584	-0.0	-4.0375790843631210.02809762954711914
-29.4264780812982	0.034906585039886584	-0.05235987755982989	-3.91238712283559660.03345775604248047
-19.129297161129657	0.034906585039886584	-0.0349065850398866	-2.9737744602397560.03521442413330078
-21.065173654669813	0.034906585039886584	0.017453292519943292	-3.4903567051605570.030002593994140625
-26.1883290623273	0.034906585039886584	-0.15707963267948966	-2.9435418737637930.03557610511779785
-17.473243105641398	0.017453292519943264	0.017453292519943292	-2.503091563502430.03486347198486328
-30.031486435434285	0.017453292519943264	-0.12217304763960309	-2.92441383937608230.03580880165100098
-17.38446083060638	0.017453292519943264	-0.05235987755982989	-2.06732564711772770.04221224784851074
-27.357957537177654	0.017453292519943264	-0.05235987755982989	-3.0797683846543320.03116893768310547
-20.73912486854062	0.017453292519943264	-0.08726646259971647	-2.19449205607510620.03181290626525879
-24.805036494061227	0.017453292519943264	-0.08726646259971647	-2.60723623375270370.033470869064331055
-31.200104440466465	0.0	-0.10471975511965977	-2.52709610773231530.03453230857849121
-28.008257135646378	0.0	-0.0	-2.8432110986069130.033762216567993164
-25.820053484974764	0.0	-0.0	-2.62107928671050240.029964685440063477
-32.17397720731752	0.0	-0.06981317007977318	-2.83933382965285870.02458786964416504
-33.700306398206216	0.0	-0.017453292519943306	-3.3143415692174810.03159594535827637
-28.832353746951654	0.0	0.034906585039886584	-3.14024454609895360.03612661361694336
-35.64198075684296	0.0	-0.0349065850398866	-3.40475904154584130.033319950103759766
-35.82541341109078	0.0	-0.0349065850398866	-3.42337989881227060.030589580535888672
-33.30521131827733	0.0	0.017453292519943292	-3.4876108234911390.03252840042114258
-40.91103979627325	0.0	-0.017453292519943306	-4.0463270379022540.030193567276000977
-35.91814709634042	0.0	0.017453292519943292	-3.7528586026784040.03022933006286621
-38.80373241323843	0.0	0.017453292519943292	-4.0457839410615560.04313945770263672
-49.827491081683135	0.0	-0.08726646259971647	-4.5247122548995080.028929948806762695
-35.96871278187019	0.0	0.10471975511965977	-4.2914333595579160.0305025577545166
-46.18809385193858	0.0	0.017453292519943292	-4.7953949681581430.0418553352355957
-48.827391229270525	0.0	-0.0349065850398866	-4.7432538009066930.029436826705932617
-48.72667323774695	0.0	0.06981317007977317	-5.3731595831264740.035730600357055664
-49.9183656517624	0.0	-0.017453292519943306	-4.9606905670952930.03518319129943848
-54.284011738560935	0.0	-0.0349065850398866	-5.2971734510214220.03459572792053223
-55.846540196026005	0.0	-0.0	-5.66916756494829950.03386497497558594
-60.236247329857726	0.0	-0.0	-6.1147812988589250.02996993064880371
-59.75026920372929	0.0	-0.017453292519943306	-5.9587597137758780.024896621704101562
-67.09100548469658	0.0	-0.0	-6.8106305396636870.03715848922729492
-57.210878588734765	0.0	0.12217304763960306	-6.5544844143015050.02662801742553711
-58.17041372009587	0.017453292519943264	0.12217304763960306	-7.2745263641992220.0407869815826416
-58.13575404677976	0.017453292519943264	0.17453292519943295	-7.5910729456127230.044834136962890625
-52.73995708076658	0.017453292519943264	0.13962634015954636	-6.829951028600470.052385807037353516
-61.58289295711066	0.017453292519943264	-0.0	-6.8741201194250440.04570174217224121
-64.19952296260738	0.017453292519943264	0.017453292519943292	-7.2464312451727850.03612804412841797
-49.10815100418328	0.034906585039886584	0.17453292519943295	-7.2972873673641890.04424738883972168
-54.25385780748953	0.034906585039886584	0.10471975511965977	-7.3928918026225080.04013395309448242
-71.84908991089509	0.034906585039886584	-0.20943951023931956	-7.2586521862216230.03847169876098633
-30.286082397582323	0.034906585039886584	0.36651914291880916	-6.5601684073758160.034586429595947266
-62.019357112248244	0.034906585039886584	-0.06981317007977318	-7.1143100661373480.038025617599487305
-35.76104398247052	0.052359877559829904	0.17453292519943295	-6.5650146103375910.0465242862701416
-23.555048032307372	0.052359877559829904	0.3141592653589793	-6.1794501345429680.03954172134399414
-37.71780799257891	0.06981317007977311	-0.06981317007977318	-5.8926519061070820.03850436210632324
-26.04101042782368	0.06981317007977311	-0.08726646259971647	-4.6006131145155020.03224635124206543
-14.423986938919489	0.052359877559829904	0.15707963267948966	-4.2923308313584030.04066157341003418
-31.926439484009023	0.052359877559829904	-0.24434609527920614	-3.61523118780789330.04344940185546875
-16.212949492928068	0.052359877559829904	-0.10471975511965977	-2.8736093558865660.03340506553649902
-12.829800054140714	0.052359877559829904	-0.05235987755982989	-2.8502396326670780.030617237091064453
-17.71808317893191	0.052359877559829904	-0.20943951023931956	-2.3862704699311760.0329132080078125
-8.930764698174942	0.052359877559829904	-0.17453292519943298	-1.70761728577309310.03066253662109375
-15.747825141043663	0.034906585039886584	-0.17453292519943298	-1.7770033512975630.03437614440917969
-14.515218840349796	0.034906585039886584	-0.26179938779914946	-1.11843573017940350.03121018409729004
-9.590666699153848	0.034906585039886584	-0.1396263401595464	-1.3653464381820660.03195762634277344
-18.21592848619094	0.017453292519943264	-0.22689280275926282	-1.08484735442978430.03217649459838867
-16.369545937296508	0.017453292519943264	-0.24434609527920614	-0.7907266032804750.03310871124267578
-23.817735927799202	0.0	-0.17453292519943298	-1.35093405605613140.03229856491088867
-27.694893004835585	0.0	-0.24434609527920614	-1.31776380021541370.033111572265625
-36.89247600250607	-0.01745329251994332	-0.1919862177193763	-1.94886960744272650.035822391510009766
-36.43232229507136	-0.01745329251994332	-0.0349065850398866	-2.862352877554920.033536434173583984
-41.0363520088874	-0.01745329251994332	-0.10471975511965977	-2.9029698744574420.03907942771911621
-44.261252604875686	-0.01745329251994332	-0.06981317007977318	-3.44371689904824940.032943010330200195
-63.239508583837434	-0.03490658503988664	-0.08726646259971647	-4.6409379346579080.03008580207824707
-59.849326823148715	-0.03490658503988664	-0.017453292519943306	-4.7235426703908110.03325462341308594
-63.96339815021505	-0.03490658503988664	0.10471975511965977	-5.8879940320882460.04298114776611328
-75.45459825227076	-0.01745329251994332	-0.12217304763960309	-6.2901918991082550.04162025451660156
-63.65381048288956	-0.01745329251994332	0.22689280275926282	-7.2260214493519450.032607078552246094
-80.27368950119198	-0.01745329251994332	-0.0	-7.5262121719610220.04290151596069336
-77.8190302881514	-0.01745329251994332	0.12217304763960306	-8.0238499049153570.03697800636291504
-88.76665944058684	-0.01745329251994332	0.017453292519943292	-8.4950500590252370.04417228698730469
-86.2926081211339	-0.01745329251994332	0.12217304763960306	-8.8840309016466040.030450820922851562
-85.67242609351483	0.0	0.06981317007977317	-9.1236455222253420.051650285720825195
-89.95043145573177	0.0	0.05235987755982988	-9.4512317054530470.043396711349487305
-95.55054005125604	0.0	0.034906585039886584	-9.9130289739417240.03961443901062012
-89.15980017141888	0.0	0.19198621771937624	-10.2244787671061860.03670072555541992
-100	0.0	0.034906585039886584	-10.729065605975130.03416132926940918
-84.82313323160359	0.0	0.15707963267948966	-9.5708726526934860.03282451629638672
-100	0.017453292519943264	-0.05235987755982989	-10.5336023703559260.03810906410217285
-96.88560287871817	0.017453292519943264	0.05235987755982988	-10.777880319353570.03319692611694336
-95.14892029112994	0.017453292519943264	-0.0	-10.2815189086472840.03310203552246094
-100	0.017453292519943264	-0.05235987755982989	-11.4467886355060460.039643049240112305
-100	0.017453292519943264	-0.0	-11.2519696875412640.03877830505371094
-100	0.017453292519943264	0.19198621771937624	-12.0152693069085220.028325557708740234
