0.0	0.0	-0.0	0.00.1252737045288086
0.0	0.0	-0.0	0.00.03529477119445801
0.0	0.0	-0.0	0.00.02144622802734375
0.0	0.0	-0.0	0.00.02338719367980957
1.050978688600594	0.0	0.017453292519943306	0.00.021894216537475586
1.050978688600594	0.0	0.017453292519943306	0.00.022583961486816406
1.050978688600594	0.0	0.017453292519943306	0.00.021358489990234375
1.050978688600594	0.0	0.017453292519943306	0.00.023762226104736328
1.050978688600594	0.0	0.017453292519943306	0.00.020876646041870117
1.050978688600594	0.0	0.017453292519943306	0.00.028516530990600586
2.1019573772011872	0.0	0.0349065850398866	0.00.020865917205810547
2.1019573772011872	0.0	0.0349065850398866	0.00.024350881576538086
2.1019573772011872	0.0	0.0349065850398866	0.00.020380258560180664
1.050978688600594	0.0	0.017453292519943306	0.00.029153823852539062
0.0	0.0	-0.0	0.00.029117584228515625
0.0	0.0	-0.0	0.00.029410123825073242
0.0	0.0	-0.0	0.00.02625274658203125
2.1019573772011872	0.0	0.0349065850398866	0.00.03181791305541992
2.1019573772011872	0.0	0.0349065850398866	0.00.0396275520324707
2.1019573772011872	0.0	0.0349065850398866	0.00.034273624420166016
2.1019573772011872	0.0	0.0349065850398866	0.00.0347745418548584
2.1019573772011872	0.0	0.0349065850398866	0.00.03084278106689453
2.1019573772011872	0.0	0.0349065850398866	0.00.03197121620178223
1.050978688600594	0.0	0.017453292519943306	0.00.03034377098083496
0.0	0.0	-0.0	0.00.02496027946472168
0.0	0.0	-0.0	0.00.027589797973632812
0.0	0.0	-0.0	0.00.024801015853881836
-1.0509786886005932	0.0	-0.017453292519943292	0.00.02404332160949707
-1.0509786886005932	0.0	-0.017453292519943292	0.00.029274702072143555
0.0	0.0	-0.0	0.00.03018045425415039
-1.0509786886005932	0.0	-0.017453292519943292	0.00.023381948471069336
-2.1019573772011864	0.0	-0.034906585039886584	0.00.030063867568969727
-1.0509786886005932	0.0	-0.017453292519943292	0.00.030089139938354492
0.0	0.0	-0.0	0.00.029883861541748047
0.0	0.0	-0.0	0.00.025362730026245117
-1.0509786886005932	0.0	-0.017453292519943292	0.00.02518010139465332
0.0	0.0	-0.0	0.00.02910900115966797
0.0	0.0	-0.0	0.00.03280472755432129
-3.1529360658017795	0.0	-0.052359877559829876	0.00.023813247680664062
-3.1529360658017795	0.0	-0.052359877559829876	0.00.029869556427001953
-12.439415699558358	-0.017453292519943098	-0.10471975511965978	0.00.030564546585083008
-12.439415699558358	-0.017453292519943098	-0.10471975511965978	0.00.030717849731445312
-15.037281379659948	-0.017453292519943098	-0.10471975511965978	-0.263717963548479540.033090829849243164
-15.156093075283287	-0.017453292519943098	-0.10471975511965978	-0.27577893292635130.03164362907409668
-23.7618784663043	-0.03490658503988642	-0.052359877559829876	-0.8468094018273350.03091597557067871
-28.40377601537556	-0.03490658503988642	-0.08726646259971646	-1.10464715486865340.03159976005554199
-27.022189947420074	-0.03490658503988642	0.05235987755982989	-1.81790443595493720.03360271453857422
-29.426846102055265	-0.03490658503988642	0.05235987755982989	-2.0620090596050380.033856868743896484
-34.59240353457969	-0.03490658503988642	0.10471975511965978	-2.90644693103650730.03302764892578125
-29.20460071961785	-0.03490658503988642	0.19198621771937624	-2.892954859765090.048264265060424805
-28.824089530852618	-0.017453292519943098	0.19198621771937624	-3.47696426213304740.042667388916015625
-33.870942976304185	-0.017453292519943098	0.15707963267948966	-3.77591043164807250.04160046577453613
-30.99536200022938	-0.017453292519943098	0.12217304763960307	-3.27062400053471870.040022850036621094
-26.30181110581292	0.0	0.10471975511965978	-3.3101141006909550.04218173027038574
-28.4578517340283	0.0	0.12217304763960307	-3.63566927075589550.04080486297607422
-30.034940040457077	0.0	0.017453292519943306	-3.1556347370276860.03318500518798828
-29.302768798968806	0.0	0.05235987755982989	-3.29468627189881370.03973054885864258
-29.835979772724595	0.0	0.10471975511965978	-3.66887928659477150.03567838668823242
-24.962855677370964	0.0	0.12217304763960307	-3.2808806264732560.03723788261413574
-27.648659090201978	0.0	0.0349065850398866	-3.020083774611710.04334306716918945
-26.663835711364843	0.0	0.08726646259971649	-3.24017608613090240.029625892639160156
-28.35176704310538	0.0	0.0349065850398866	-3.0914585954558630.039519548416137695
-20.553761515127185	0.0	0.12217304763960307	-2.83329885099248950.03696036338806152
-18.98567263427471	0.017453292519943542	0.10471975511965978	-3.19006496879604030.043769121170043945
-16.60534931377847	0.017453292519943542	-0.0	-2.30830045219399430.034024953842163086
-17.614341167472418	0.017453292519943542	-0.017453292519943292	-2.30403822929223350.0340878963470459
-17.676461889252124	0.017453292519943542	-0.017453292519943292	-2.31034430984419850.030217647552490234
-10.33775250921995	0.017453292519943542	-0.017453292519943292	-1.56536757467268340.03344893455505371
-11.468275349775652	0.017453292519943542	-0.017453292519943292	-1.68013069870176460.031164169311523438
-9.67925248002858	0.017453292519943542	-0.08726646259971646	-1.07176771903764580.032569169998168945
-19.994262368744636	0.0	-0.12217304763960307	-1.28286557062288460.0340123176574707
-10.071677000893377	0.0	-0.052359877559829876	-0.70234434508966170.037275075912475586
-18.26374530538461	0.0	-0.12217304763960307	-1.10719504256950390.031527042388916016
-13.227625290592538	0.0	-0.052359877559829876	-1.02271512576498270.03413128852844238
-16.106477135130927	0.0	-0.08726646259971646	-1.10158026047442470.03168773651123047
-20.305126213395816	-0.017453292519943098	-0.034906585039886584	-1.2252277016912630.03561234474182129
-26.009336785051467	-0.017453292519943098	-0.12217304763960307	-1.2708393740203350.03433418273925781
-19.94965891664195	-0.017453292519943098	0.0349065850398866	-1.61589637025564440.032402992248535156
-25.517598306284142	-0.017453292519943098	-0.0	-1.96773970265643960.03104400634765625
-27.95934823329751	-0.017453292519943098	-0.017453292519943292	-2.10892150492023940.03724169731140137
-27.29755972941212	-0.017453292519943098	-0.0	-2.14842949170042450.04468059539794922
-31.84908874040338	-0.017453292519943098	-0.0	-2.61047030120197740.04345822334289551
-37.451932688449205	-0.017453292519943098	-0.017453292519943292	-3.07254524439958930.03408241271972656
-28.35243193082777	-0.017453292519943098	0.0698131700797732	-2.68226640149377670.03253459930419922
-34.69012530671667	-0.017453292519943098	0.08726646259971649	-3.4323150145146450.040679931640625
-40.7858813521935	-0.017453292519943098	-0.0	-3.5176737668346680.032250404357910156
-38.69492456261859	-0.017453292519943098	0.08726646259971649	-3.83885547281332770.03409862518310547
-38.70161783546072	-0.017453292519943098	0.10471975511965978	-3.9462232624224870.04422783851623535
-34.70684388433419	0.0	0.10471975511965978	-4.1633368615471550.03772926330566406
-42.295408756686726	0.0	0.017453292519943306	-4.40023559024327150.04164767265319824
-34.40296832806425	0.0	0.05235987755982989	-3.8124244458953110.029757022857666016
-40.49986216473249	0.0	0.0349065850398866	-4.3246520322864550.04237556457519531
-41.86713316664643	0.0	0.0698131700797732	-4.67682491413808950.031720876693725586
-40.97459512405021	0.0	0.10471975511965978	-4.7995970830154690.036364078521728516
-41.40012980543426	0.0	0.08726646259971649	-4.7361061869463940.04974961280822754
-38.24614764634228	0.0	0.10471975511965978	-4.5226233279897720.0424501895904541
-40.58909486454691	0.017453292519943542	0.0349065850398866	-4.9563466951489990.042256832122802734
-29.870461415618074	0.017453292519943542	0.15707963267948966	-4.61508098786837450.037817955017089844
-40.18856181852107	0.017453292519943542	0.0349065850398866	-4.9156872568874820.04083108901977539
-31.09105970689596	0.017453292519943542	0.0349065850398866	-3.99216963677636550.03060317039489746
-28.458666664878805	0.017453292519943542	0.13962634015954636	-4.3650766858451090.04198312759399414
-33.771503225780926	0.017453292519943542	-0.0	-4.05089368413353950.03662228584289551
-31.27309118472465	0.017453292519943542	0.05235987755982989	-4.1173365892542880.038150787353515625
-19.018651283157183	0.03490658503988686	0.10471975511965978	-3.81604909632691760.04573655128479004
-18.742704816521183	0.03490658503988686	0.0698131700797732	-3.5746601884961160.04150128364562988
-14.202170324118773	0.03490658503988686	0.05235987755982989	-3.00704713577241640.040628910064697266
-13.322734002159091	0.03490658503988686	-0.017453292519943292	-2.4910193041072510.03152918815612793
-11.384677691690019	0.03490658503988686	-0.06981317007977317	-1.97421577873850220.03536248207092285
-9.130683229572483	0.03490658503988686	-0.10471975511965978	-1.5320286567563270.03417682647705078
-12.673615986371706	0.017453292519943542	-0.13962634015954634	-1.05567049246607380.0330657958984375
-10.489973287393196	0.017453292519943542	-0.10471975511965978	-1.04737834446322720.033327579498291016
-18.19636424671628	0.0	-0.13962634015954634	-0.99366663449075410.03512907028198242
-14.235444195959786	0.0	-0.10471975511965978	-0.80495716643100720.032523393630981445
-15.186710323826375	0.0	-0.052359877559829876	-1.22158834670938890.035718441009521484
-16.01280506266621	0.0	-0.06981317007977317	-1.1987596309216940.03639864921569824
-18.667736040721298	0.0	-0.12217304763960307	-1.1482054823437720.030400991439819336
-27.071812702389447	-0.017453292519943098	-0.06981317007977317	-1.69875982896395030.035959482192993164
-23.502705557864573	-0.017453292519943098	-0.034906585039886584	-1.54982458884634020.03378438949584961
-21.026836776248864	-0.017453292519943098	0.0349065850398866	-1.7252442682978310.030349254608154297
-30.872062209088252	-0.017453292519943098	-0.052359877559829876	-2.1912240969099720.0318603515625
-32.59979120722351	-0.017453292519943098	-0.0	-2.6866765990475550.03248119354248047
-28.145204188487654	-0.017453292519943098	0.0349065850398866	-2.4478533593390830.03208518028259277
-30.602329640639095	-0.017453292519943098	0.08726646259971649	-3.0173493152802930.03470587730407715
-37.587130384422416	-0.017453292519943098	-0.0	-3.1929579443113380.03279709815979004
-37.748735139992775	-0.017453292519943098	0.0349065850398866	-3.42273964572579370.03059530258178711
-38.12371419359934	-0.017453292519943098	0.05235987755982989	-3.56749334672020170.031800031661987305
-44.79653891680639	-0.017453292519943098	-0.0	-3.92480892148541030.046692609786987305
-49.32912329965956	-0.017453292519943098	0.08726646259971649	-4.9183682653271390.030163049697875977
-39.67193654972737	-0.017453292519943098	0.15707963267948966	-4.3647885339528680.04798388481140137
-55.455818578352364	-0.017453292519943098	0.05235987755982989	-5.3269327616856440.040955305099487305
-45.63203367463507	-0.017453292519943098	0.19198621771937624	-5.1831944321476750.040407419204711914
-49.14697651060921	0.0	0.12217304763960307	-5.7358909625359530.04107809066772461
-42.31535596810604	0.0	0.22689280275926282	-5.6825204971869240.03992819786071777
-47.204808954165145	0.0	0.13962634015954636	-5.6454234240619990.04173636436462402
-40.20651347793414	0.017453292519943542	0.15707963267948966	-5.6643279223359270.03851580619812012
-35.53881381151042	0.017453292519943542	0.17453292519943295	-5.29718257748604150.05271720886230469
-31.525236035038763	0.03490658503988686	0.12217304763960307	-5.1923223380841520.057143211364746094
-14.416567250486919	0.03490658503988686	0.24434609527920614	-4.202382945084940.04776167869567871
-30.986153011457855	0.03490658503988686	-0.017453292519943292	-4.2840915657391980.04073977470397949
-11.451236527782328	0.03490658503988686	0.10471975511965978	-3.04785571977939230.03435850143432617
-6.20947348482833	0.05235987755983018	0.0349065850398866	-2.71162998622152070.04183697700500488
-1.3704719368065383	0.05235987755983018	0.017453292519943306	-2.11371855252410730.033028602600097656
-1.3813055381569619	0.05235987755983018	-0.10471975511965978	-1.36799997439022380.03189563751220703
3.2387459377765886	0.03490658503988686	-0.06981317007977317	-0.489743533230088070.035637617111206055
9.565177565927716	0.03490658503988686	-0.08726646259971646	0.259161862417321530.03367257118225098
12.857866824631866	0.03490658503988686	-0.034906585039886584	0.27334867265693710.03192496299743652
19.167468458792033	0.03490658503988686	0.0349065850398866	0.48710393339034110.03583073616027832
20.86811439476039	0.03490658503988686	0.05235987755982989	0.55305381092722450.03155803680419922
13.781519304443501	0.03490658503988686	-0.22689280275926282	1.54068336613896560.045313119888305664
27.949103753373713	0.03490658503988686	-0.052359877559829876	1.91199853141312270.03194904327392578
19.4903239718505	0.03490658503988686	-0.17453292519943298	1.8001380669249090.03878211975097656
32.280872794937025	0.03490658503988686	-0.017453292519943292	2.13835411081291360.03264808654785156
17.884007009459687	0.017453292519943542	-0.15707963267948966	2.15302352535068840.032425642013549805
26.112233610271353	0.017453292519943542	-0.13962634015954634	2.88160977127887060.033312320709228516
28.157036101503806	0.017453292519943542	-0.034906585039886584	2.4490544560814440.03206944465637207
23.338066226274293	0.017453292519943542	-0.13962634015954634	2.5999948368909970.033564090728759766
18.102194983271843	0.0	-0.15707963267948966	2.79780886588298470.034310102462768555
24.726720781522236	0.0	-0.017453292519943292	2.61677979015438430.033348798751831055
17.043039724529798	0.0	-0.10471975511965978	2.3702255020096540.03681778907775879
23.992065149361306	0.0	-0.017453292519943292	2.5422024597300780.04119253158569336
14.62079724899985	0.0	-0.052359877559829876	1.80427063274878720.03385663032531738
25.023115025597313	0.0	-0.0	2.5401794198735590.034354448318481445
14.836814452089499	0.0	-0.052359877559829876	1.82619925566666370.0286715030670166
8.815388849775063	0.0	-0.15707963267948966	1.85507436649981060.032929420471191406
13.947378644045262	-0.017453292519943098	0.0349065850398866	1.82510436519469120.03347015380859375
4.0284012447342485	-0.017453292519943098	-0.017453292519943292	1.13826106323917250.030666589736938477
4.7778067524669225	-0.017453292519943098	-0.0	1.10764736918697860.03151416778564453
3.2894542327715177	-0.017453292519943098	0.0698131700797732	0.52980643422377480.032942771911621094
-4.03158619075361	-0.017453292519943098	0.0349065850398866	0.00.027432680130004883
-0.3691759929526186	-0.017453292519943098	0.05235987755982989	0.26509507586463470.03291893005371094
-7.184522256555391	-0.017453292519943098	-0.017453292519943292	0.00.03322935104370117
-7.184522256555391	-0.017453292519943098	-0.017453292519943292	0.00.03205537796020508
-12.761868610868815	-0.017453292519943098	-0.06981317007977317	-0.24610993131379710.03545832633972168
-13.49039438815895	-0.017453292519943098	-0.12217304763960307	0.00.03214430809020996
-20.96871158550978	-0.017453292519943098	-0.15707963267948966	-0.5457721212970060.03197908401489258
-26.42888432224748	-0.017453292519943098	-0.2094395102393195	-0.77998736996983230.03356456756591797
-28.370239712424222	-0.017453292519943098	-0.13962634015954634	-1.40381412914250080.0310819149017334
-26.65475133876871	-0.03490658503988642	0.12217304763960307	-2.2073578569340430.0434877872467041
-40.72810375270001	-0.03490658503988642	-0.034906585039886584	-2.675795549000960.042397260665893555
-42.34287837187062	-0.03490658503988642	-0.017453292519943292	-2.94640501084987070.035541534423828125
-43.53278787084434	-0.03490658503988642	0.13962634015954636	-4.0273916710924150.04116964340209961
-46.227144029757824	-0.03490658503988642	0.0698131700797732	-3.8741513701374150.045050621032714844
-55.9970228869489	-0.03490658503988642	0.08726646259971649	-4.9726125175639380.04387354850769043
-57.68158215854069	-0.03490658503988642	0.08726646259971649	-5.1436177177109790.03902173042297363
-59.96963212248063	-0.017453292519943098	0.10471975511965978	-6.1052099488602270.04145193099975586
-53.4772742410234	-0.017453292519943098	0.22689280275926282	-6.1929674950084430.04931926727294922
-70.28441178988962	-0.017453292519943098	0.10471975511965978	-7.15229745195006750.04026389122009277
-55.52382465390681	0.0	0.15707963267948966	-6.5966026391697140.04100990295410156
-64.68303165013812	0.0	0.13962634015954636	-7.4196957935436120.04116511344909668
-48.393008136529474	0.017453292519943542	0.2792526803190927	-7.242184486590310.04217410087585449
-62.57624625427405	0.017453292519943542	0.13962634015954636	-7.82846537427285050.0401303768157959
-51.69895442111317	0.017453292519943542	0.19198621771937624	-7.04434039495050350.04707503318786621
-44.57577679893479	0.03490658503988686	0.22689280275926282	-7.1572560255737480.06705999374389648
-39.08607663801417	0.05235987755983018	0.15707963267948966	-6.7958613726452330.0577850341796875
-29.365201165739737	0.05235987755983018	0.10471975511965978	-5.4889980548328910.04451560974121094
-28.741600179335993	0.05235987755983018	0.08726646259971649	-5.3190059166425330.041016340255737305
-26.246531591124484	0.05235987755983018	0.0349065850398866	-4.7456582270843590.03309965133666992
-17.79831712118758	0.05235987755983018	0.05235987755982989	-3.9947402827564320.03276801109313965
-20.542410886084888	0.05235987755983018	-0.06981317007977317	-3.52648401135373430.0420682430267334
-4.2790543027416765	0.05235987755983018	0.08726646259971649	-2.8357317307598990.036928653717041016
12.465884677928557	0.06981317007977328	0.12217304763960307	-1.97191044590423340.04425477981567383
14.539689672334909	0.06981317007977328	-0.052359877559829876	-0.69450828833858880.03769564628601074
29.61420028071376	0.05235987755983018	0.05235987755982989	0.81826164867803760.03199458122253418
44.681030375529836	0.06981317007977328	0.15707963267948966	1.08497920032921850.04021573066711426
26.90360089498886	0.06981317007977328	-0.40142572795869574	2.6943600224357470.038866281509399414
38.504336437193544	0.05235987755983018	-0.2617993877991494	3.64111886175750140.03115701675415039
60.69044634431229	0.05235987755983018	0.0698131700797732	3.86622614806794470.040628671646118164
30.65380227277528	0.05235987755983018	-0.5235987755982989	4.4445100939282270.031415462493896484
43.65147578695344	0.03490658503988686	-0.2617993877991494	4.7862584081483390.030995607376098633
40.86655904811036	0.017453292519943542	-0.2617993877991494	5.1261886265661880.03574967384338379
43.570307085149565	0.017453292519943542	-0.24434609527920614	5.2939667261515890.03131985664367676
32.231039467776654	0.0	-0.33161255787892263	5.2989580744127680.037877798080444336
26.542308221055357	-0.017453292519943098	-0.24434609527920614	4.8106707824052670.039908409118652344
24.410426493003555	-0.017453292519943098	-0.27925268031909267	4.8076330622770550.03085780143737793
23.89757218507932	-0.017453292519943098	-0.15707963267948966	4.0087531871497590.03047657012939453
8.903116110109911	-0.03490658503988642	-0.22689280275926282	3.5360058957960750.034551143646240234
5.491685089284717	-0.05235987755982974	-0.17453292519943298	3.49227157116826970.029986143112182617
-3.6422236854563197	-0.05235987755982974	-0.052359877559829876	1.81823985695876790.03359651565551758
-9.34581985445337	-0.05235987755982974	-0.052359877559829876	1.23924888829098330.03520941734313965
-20.50258808106573	-0.05235987755982974	-0.034906585039886584	0.00.03248143196105957
-25.7574815240687	-0.05235987755982974	-0.12217304763960307	0.00.0333864688873291
-56.90100817566663	-0.06981317007977306	-0.2617993877991494	-1.6853396866554920.03624582290649414
-19.08560465764658	-0.06981317007977306	0.5061454830783556	-2.5408592880242730.030910730361938477
-65.36960425237662	-0.05235987755982974	-0.15707963267948966	-3.8077813239265610.04812765121459961
-47.12162588213845	-0.05235987755982974	0.15707963267948966	-3.87575850131010660.03827714920043945
-65.09550630973452	-0.05235987755982974	0.13962634015954636	-5.5936583981840630.042122602462768555
-65.55161518213284	-0.05235987755982974	0.12217304763960307	-5.5332711896740430.04573655128479004
-66.54604532220799	-0.03490658503988642	0.19198621771937624	-6.6836087807824180.03786468505859375
-69.38556804031833	-0.03490658503988642	0.20943951023931956	-7.0785464852291630.04561471939086914
-79.23437241467724	-0.03490658503988642	0.15707963267948966	-7.758266290624350.04049348831176758
-79.5214095553637	-0.03490658503988642	0.17453292519943295	-7.8940927162929050.0420076847076416
-76.83720377678716	-0.017453292519943098	0.20943951023931956	-8.4576231049501120.04024052619934082
-76.97726859108923	0.0	0.24434609527920614	-9.3078545709450290.04687786102294922
-65.85310548902763	0.0	0.33161255787892263	-8.712045536682990.03906536102294922
-75.11369506884134	0.017453292519943542	0.19198621771937624	-9.4212483959804910.03982973098754883
-66.52306639507972	0.017453292519943542	0.26179938779914946	-8.975938513200890.04180574417114258
-59.400393890751054	0.03490658503988686	0.19198621771937624	-8.448775420343750.04544711112976074
-56.413527275333706	0.03490658503988686	0.2792526803190927	-8.6790103477403080.04021954536437988
-61.00876771601483	0.05235987755983018	0.10471975511965978	-8.701241472176550.04011678695678711
25.994369017115638	0.06981317007977328	1.239183768915974	-7.4266424499916640.04230165481567383
87.87277780983963	0.13962634015954656	1.7802358370342162	-6.9430436467340470.04022049903869629
100	0.1919862177193763	0.9599310885968813	-2.21589825128853860.039381980895996094
100	0.1919862177193763	0.13962634015954636	3.25389590366771660.04022860527038574
100	0.1919862177193763	-0.17453292519943298	7.7065622504538620.03963279724121094
100	0.1919862177193763	-0.38397243543875254	10.1142654232649460.039689064025878906
100	0.17453292519943298	-0.08726646259971646	12.0585538401573280.04269766807556152
100	0.17453292519943298	0.3141592653589793	12.9758996507297920.04976701736450195
100	0.17453292519943298	0.08726646259971649	13.5188207995509140.04260420799255371
100	0.1919862177193763	0.0349065850398866	14.0185526454722740.03735041618347168
100	0.1919862177193763	-0.017453292519943292	13.438166981104820.03117084503173828
100	0.17453292519943298	-0.17453292519943298	14.0194493740671820.03050088882446289
100	0.17453292519943298	-0.3490658503988659	13.7010449705238560.032483577728271484
100	0.17453292519943298	-0.5759586531581287	14.7780048986398320.03897404670715332
100	0.13962634015954656	-0.6806784082777884	14.6155126021514120.03164529800415039
100	0.12217304763960346	-0.8726646259971647	13.7883823896205090.032277822494506836
100	0.0872664625997166	-0.9773843811168246	14.4537338388739780.03260326385498047
100	0.05235987755983018	-0.8377580409572782	14.432712275910510.030836820602416992
100	0.017453292519943542	-0.8028514559173916	14.4573774986627850.03380227088928223
92.91451508386788	0.0	-0.8552113334772216	14.6597889986222310.03452610969543457
100	0.0	-0.6457718232379019	14.7184578567349930.03023815155029297
93.76033483693895	-0.03490658503988642	-0.3490658503988659	12.8969620136314230.027742385864257812
100	-0.05235987755982974	-0.2617993877991494	14.242104013534660.03063678741455078
100	-0.05235987755982974	-0.2617993877991494	14.1301705721766280.032732248306274414
100	-0.06981317007977306	-0.034906585039886584	14.2709161561302140.0324094295501709
94.61309688679358	-0.06981317007977306	-0.3141592653589793	14.015424762728650.03300023078918457
100	-0.06981317007977306	-0.10471975511965978	14.1371948687333170.034567832946777344
100	-0.08726646259971615	0.19198621771937624	14.8070984822091770.03712940216064453
100	-0.08726646259971615	0.17453292519943295	13.8334694270230680.045420169830322266
100	-0.06981317007977306	0.13962634015954636	13.7530883288387180.03997492790222168
100	-0.06981317007977306	0.22689280275926282	14.1694120880068440.040032148361206055
100	-0.05235987755982974	0.33161255787892263	13.9733303569922780.03747129440307617
100	-0.05235987755982974	0.2792526803190927	14.9737782273744140.04021286964416504
100	-0.03490658503988642	0.0349065850398866	13.9599014817567060.040007829666137695
100	-0.03490658503988642	-0.40142572795869574	14.0559175079242810.029180049896240234
95.55641396431547	-0.05235987755982974	-0.5235987755982989	14.7688076525623940.03249859809875488
82.11125165585304	-0.06981317007977306	-0.4537856055185257	13.5998276449689330.03785872459411621
100	-0.08726646259971615	-0.17453292519943298	14.8093141926648930.03535604476928711
100	-0.08726646259971615	0.19198621771937624	12.8794013703335080.033200740814208984
100	-0.08726646259971615	0.4363323129985824	13.7016453614918630.04267263412475586
100	-0.06981317007977306	0.4014257279586958	13.8177953646513960.038524627685546875
100	-0.05235987755982974	0.33161255787892263	14.2336286185902310.04046463966369629
-22.342361491125104	-0.08726646259971615	-2.2165681500327983	14.3945528684627890.03334355354309082
-8.22499761843062	-0.13962634015954611	-1.4311699866353504	12.8945873781323020.03316164016723633
15.770821304942135	-0.17453292519943275	-0.052359877559829876	8.147376944615450.037488460540771484
-5.3731970876303645	-0.17453292519943275	0.15707963267948966	4.72071749343862650.03512310981750488
-38.8534606424398	-0.17453292519943275	-0.10471975511965978	2.9223498691359620.03882026672363281
-15.54565861922761	-0.17453292519943275	0.6283185307179586	0.80749217794166220.0432283878326416
-17.98218600996867	-0.13962634015954611	0.8028514559173916	-1.75200384435313830.039847612380981445
1.5083682800709894	-0.1047197551196597	0.9773843811168246	-2.08560906262817270.037657976150512695
2.9252784558159988	-0.06981317007977306	0.7330382858376183	-1.69340985517981670.04122638702392578
7.1149591568172355	-0.05235987755982974	0.5585053606381855	-0.8238544907442160.042369842529296875
-1.7573002499037393	-0.03490658503988642	0.17453292519943295	0.00.04315495491027832
0.661430587871914	-0.03490658503988642	0.13962634015954636	0.458910057984477150.03803205490112305
-4.444892546197048	-0.017453292519943098	0.0698131700797732	-0.255332765832007540.034177541732788086
-10.810730183429113	-0.017453292519943098	-0.034906585039886584	-0.261420063242582550.03338170051574707
3.3514510233680603	-0.017453292519943098	0.19198621771937624	-0.210718398836997530.04141378402709961
-1.6311756071069716	-0.017453292519943098	0.10471975511965978	-0.18307969145821770.04766583442687988
7.390947730529344	-0.017453292519943098	0.19198621771937624	0.199344312847043380.043776750564575195
9.458808197405341	0.0	0.15707963267948966	0.00.03871583938598633
7.356850820204154	0.0	0.12217304763960307	0.00.042890310287475586
11.921021265553673	0.0	0.10471975511965978	0.57001241671910650.0459287166595459
18.22038452329908	0.017453292519943542	0.12217304763960307	0.480156990254681840.05452370643615723
9.150312448641579	0.017453292519943542	-0.10471975511965978	0.94637221681090240.05532693862915039
10.26328764839388	0.017453292519943542	-0.13962634015954634	1.27273068816446560.03428316116333008
11.577369667359665	0.017453292519943542	-0.08726646259971646	1.08606251351291670.032140493392944336
9.996153150525219	0.017453292519943542	-0.06981317007977317	0.81885964596040470.03197121620178223
-2.648676036411648	0.0	-0.17453292519943298	0.79800744140197220.04374217987060547
-3.190936340341487	0.0	-0.13962634015954634	0.52958413245726610.032956600189208984
-4.624578122494515	-0.017453292519943098	-0.017453292519943292	0.25986842160600480.03358101844787598
-12.01046349180534	-0.017453292519943098	-0.052359877559829876	-0.27652063818613530.03155875205993652
-11.82683663758467	-0.017453292519943098	-0.052359877559829876	-0.25788006703620790.03383994102478027
-6.133543567954797	-0.017453292519943098	-0.0	0.00.03015756607055664
-7.1827001236681784	-0.017453292519943098	0.10471975511965978	-0.74663336219292940.035063982009887695
-7.831606224875308	-0.017453292519943098	0.0698131700797732	-0.59912930670162030.04369664192199707
-4.974071890188695	-0.017453292519943098	0.0698131700797732	-0.309051516581253460.028236865997314453
-9.292398752228124	-0.017453292519943098	0.0349065850398866	-0.53404253574344410.03268146514892578
-10.706340645184671	-0.017453292519943098	0.017453292519943306	-0.57088813473993990.030572175979614258
-6.930954462543186	-0.017453292519943098	0.0698131700797732	-0.50770115841518230.034377098083496094
-10.488410606680556	-0.017453292519943098	-0.0	-0.442077000275181650.03948020935058594
-12.160657165349559	-0.017453292519943098	-0.052359877559829876	-0.291767296251766560.029909610748291016
-11.660765687206764	-0.017453292519943098	-0.0	-0.56108665376119050.031106233596801758
-13.161327409156039	-0.017453292519943098	-0.034906585039886584	-0.50003698567991560.03490400314331055
-16.694715738191363	-0.017453292519943098	-0.034906585039886584	-0.85872295689715030.030487060546875
-15.87929843383205	-0.017453292519943098	-0.034906585039886584	-0.77594724120294270.033739328384399414
-20.807426159377748	-0.017453292519943098	-0.017453292519943292	-1.38290616885491070.03155183792114258
-19.71732302854034	-0.017453292519943098	-0.052359877559829876	-1.05886951709447620.032965898513793945
-19.478658906816502	-0.017453292519943098	0.0349065850398866	-1.56808359672625080.03339099884033203
-31.058174915908136	-0.017453292519943098	-0.10471975511965978	-1.89005201536949330.03232002258300781
-26.163016887956474	-0.017453292519943098	-0.0	-2.03325828404372630.03433561325073242
-25.820494078404934	-0.017453292519943098	0.0349065850398866	-2.21186432389072160.03156304359436035
-32.43619922789447	-0.017453292519943098	-0.0	-2.6700698345131260.03921985626220703
-34.53220865636878	-0.017453292519943098	-0.017453292519943292	-2.7761543717838450.03143429756164551
-44.72986493053362	-0.03490658503988642	-0.017453292519943292	-3.18871593519434440.032840728759765625
-44.559652471502986	-0.03490658503988642	0.0698131700797732	-3.7048787701929670.030620813369750977
-46.63254217094996	-0.017453292519943098	0.0698131700797732	-4.5379410358259940.04230690002441406
-44.0686391641249	-0.017453292519943098	0.17453292519943295	-4.9178007355812490.044362545013427734
-52.47582880657035	-0.017453292519943098	0.08726646259971649	-5.2378007804588870.038320064544677734
-49.66860475011939	-0.017453292519943098	0.13962634015954636	-5.2728951534199580.0430300235748291
-50.79282302869163	0.0	0.10471975511965978	-5.796277969367390.040650129318237305
-49.72094162090688	0.0	0.15707963267948966	-6.00753273155504350.046483755111694336
-52.49953369905224	0.0	0.15707963267948966	-6.2895968313247360.04301166534423828
-49.10098996095271	0.0	0.08726646259971649	-5.5178460487646290.04111981391906738
-47.4437764204086	0.017453292519943542	0.10471975511965978	-6.0789414932501560.03875994682312012
-43.15987804896266	0.017453292519943542	0.20943951023931956	-6.2841987574965420.04027128219604492
-43.5261267921717	0.017453292519943542	0.15707963267948966	-6.0013128826072050.04362368583679199
-37.16793850609132	0.03490658503988686	0.10471975511965978	-5.6584434521819370.03855586051940918
-33.86296592081289	0.03490658503988686	0.12217304763960307	-5.4296330541557630.04982399940490723
-18.327506051020503	0.05235987755983018	0.20943951023931956	-5.0086550060997630.04181551933288574
-17.22626552171264	0.05235987755983018	0.0698131700797732	-4.0433577604034980.04532361030578613
-14.071454074210013	0.05235987755983018	-0.017453292519943292	-3.18966071796014150.04103875160217285
-0.9143796153624377	0.05235987755983018	0.08726646259971649	-2.49417244101091070.03848695755004883
-0.6771068681734551	0.05235987755983018	-0.034906585039886584	-1.72326776434952270.030384063720703125
7.610836558750409	0.05235987755983018	-0.08726646259971646	-0.56186613218077140.031063079833984375
10.8240911471357	0.05235987755983018	-0.08726646259971646	-0.235677999013455430.037027835845947266
23.804588459319547	0.05235987755983018	-0.0	0.54857367926537080.03181576728820801
26.301746452745093	0.05235987755983018	0.0349065850398866	0.58869180488752270.0296475887298584
37.98181996133165	0.05235987755983018	-0.0	1.98775148168346180.03512167930603027
17.898969951080304	0.03490658503988686	-0.296705972839036	2.38541277394230230.04024171829223633
30.118646977284815	0.03490658503988686	-0.2094395102393195	3.09243106098706160.0451509952545166
22.9859704052151	0.017453292519943542	-0.17453292519943298	2.77762908858159860.03770112991333008
28.20119442664905	0.017453292519943542	-0.10471975511965978	2.88029044727387840.033327579498291016
17.506155656349662	0.017453292519943542	-0.22689280275926282	2.54141991409574960.05150651931762695
21.11087195455748	0.0	-0.13962634015954634	2.99654131317866850.03203463554382324
16.609912316799576	0.0	-0.12217304763960307	2.4329456352386290.03586864471435547
11.00126550749667	0.0	-0.17453292519943298	2.18365829090028950.03197073936462402
9.630585758230001	-0.017453292519943098	-0.08726646259971646	2.13371073143880130.03271913528442383
2.093008238299351	-0.017453292519943098	-0.06981317007977317	1.2618578983674090.034578561782836914
4.564223700407615	-0.017453292519943098	-0.0	1.08596584501543370.032143354415893555
-0.08445197083251088	-0.017453292519943098	0.05235987755982989	0.293998355915630560.029682636260986328
-2.31347800237499	-0.017453292519943098	0.017453292519943306	0.28109919526602340.031044721603393555
-8.235500945155984	-0.017453292519943098	-0.034906585039886584	0.00.037732839584350586
-11.79388972651277	-0.017453292519943098	-0.052359877559829876	-0.25453551679265770.03428459167480469
-17.84623469909291	-0.017453292519943098	-0.12217304763960307	-0.44217580036584470.03947138786315918
-31.51106716934429	-0.03490658503988642	-0.19198621771937624	-0.77994858860799270.03356623649597168
-38.36689341190798	-0.03490658503988642	-0.2094395102393195	-1.3692179212628890.031867265701293945
-17.930660059347144	-0.03490658503988642	0.33161255787892263	-2.6020064085200530.040245771408081055
-39.88522411539422	-0.03490658503988642	0.10471975511965978	-3.44373870700904660.040544986724853516
-37.43902056629564	-0.03490658503988642	-0.0	-2.5552864698453890.030736207962036133
-25.882912820946856	-0.017453292519943098	0.24434609527920614	-3.49846065685698630.03991079330444336
-40.28910413112821	-0.017453292519943098	0.017453292519943306	-3.5739325963551670.039067983627319336
-46.798203085811295	-0.017453292519943098	-0.052359877559829876	-3.8079394919227570.029792070388793945
-39.418115606165344	-0.017453292519943098	0.10471975511965978	-4.0189573280920620.039084672927856445
-42.307248425248815	-0.017453292519943098	0.12217304763960307	-4.4189311184689920.04344630241394043
-53.139932421912796	-0.017453292519943098	-0.0	-4.7717744752103550.04206252098083496
-49.444981015586634	-0.017453292519943098	0.13962634015954636	-5.2501943662607930.03656744956970215
-41.25387794939231	0.0	0.19198621771937624	-5.3613896755213340.048830509185791016
-55.202104503034526	0.0	0.13962634015954636	-6.4572554260770840.03513765335083008
-45.42107157718149	0.0	0.12217304763960307	-5.3576619921373110.04560685157775879
-45.19227906000633	0.017453292519943542	0.17453292519943295	-6.2771378600162010.04031658172607422
-46.97284194300317	0.017453292519943542	0.13962634015954636	-6.2445120386904620.04192471504211426
-34.825984804038015	0.017453292519943542	0.20943951023931956	-5.4381976066995490.04172205924987793
-34.8221891001552	0.03490658503988686	0.10471975511965978	-5.4203186480141030.04346966743469238
-36.10329120922755	0.03490658503988686	0.10471975511965978	-5.550367573133670.04245114326477051
-22.628825111857196	0.03490658503988686	0.0698131700797732	-3.96915315179295320.03957509994506836
-32.608203664795084	0.03490658503988686	-0.017453292519943292	-4.4487513086762730.041193485260009766
-17.124910064285025	0.03490658503988686	0.08726646259971649	-3.51712080947683960.03721785545349121
-25.941126575019915	0.03490658503988686	-0.034906585039886584	-3.66526586213569640.04047536849975586
-12.387593477986918	0.03490658503988686	0.017453292519943306	-2.6094667537470740.03344225883483887
-16.640364079086815	0.03490658503988686	-0.034906585039886584	-2.72111460610169060.03527712821960449
-8.518234428230514	0.03490658503988686	-0.0	-2.109986946815910.03308701515197754
-4.353657992147972	0.03490658503988686	-0.052359877559829876	-1.3671619770653530.03191518783569336
-1.4342536849776772	0.03490658503988686	-0.052359877559829876	-1.07080356078591570.03259849548339844
-2.279640281137034	0.03490658503988686	-0.15707963267948966	-0.51649155904417720.03379201889038086
-2.2742859408497917	0.017453292519943542	-0.13962634015954634	0.00.03773689270019531
-1.2233072522492003	0.017453292519943542	-0.12217304763960307	0.00.04072308540344238
-0.17232856364860716	0.017453292519943542	-0.10471975511965978	0.00.031723976135253906
-1.2233072522492003	0.017453292519943542	-0.12217304763960307	0.00.031008243560791016
-6.305872131603561	0.0	-0.10471975511965978	0.00.03670763969421387
-7.356850820204154	0.0	-0.12217304763960307	0.00.0302431583404541
-8.407829508804745	0.0	-0.13962634015954634	0.00.0314486026763916
-16.643330453960733	-0.017453292519943098	-0.17453292519943298	0.00.03696870803833008
-17.694309142561323	-0.017453292519943098	-0.19198621771937624	0.00.02931380271911621
