0          0.017
0          0.04
-2          0.049
-4          0.062
-7          0.071
-11          0.083
-14          0.094
-16          0.099
-18          0.105
-21          0.109
-23          0.115
-25          0.119
-28          0.125
-30          0.129
-33          0.135
-37          0.139
-39          0.146
-42          0.151
-44          0.156
-47          0.161
-50          0.166
-53          0.171
-55          0.176
-59          0.181
-61          0.187
-66          0.193
-69          0.198
-72          0.203
-75          0.208
-78          0.213
-81          0.218
-85          0.224
-87          0.229
-91          0.234
-95          0.239
-99          0.247
-102          0.253
-105          0.257
-108          0.263
-112          0.267
-116          0.273
-118          0.277
-122          0.283
-125          0.288
-128          0.294
-132          0.299
-136          0.305
-139          0.309
-142          0.315
-145          0.319
-149          0.325
-151          0.329
-155          0.335
-159          0.34
-161          0.347
-165          0.351
-168          0.357
-172          0.361
-174          0.367
-181          0.371
-185          0.381
-187          0.386
-193          0.392
-195          0.398
-199          0.404
-203          0.409
-205          0.414
-209          0.419
-212          0.424
-216          0.429
-218          0.435
-222          0.439
-226          0.445
-230          0.45
-234          0.456
-236          0.462
-240          0.467
-244          0.472
-247          0.477
-251          0.483
-253          0.488
-258          0.493
-261          0.499
-265          0.505
-267          0.509
-271          0.515
-274          0.519
-277          0.525
-281          0.529
-284          0.536
-288          0.541
-292          0.547
-296          0.553
-298          0.557
-302          0.563
-305          0.568
-309          0.573
-311          0.578
-315          0.583
-319          0.588
-324          0.596
-328          0.603
-331          0.607
-335          0.613
-337          0.617
-341          0.623
-343          0.627
-347          0.633
-350          0.638
-354          0.643
-358          0.648
-360          0.654
-364          0.659
-367          0.664
-371          0.669
-373          0.674
-377          0.679
-380          0.684
-383          0.689
-387          0.695
-391          0.701
-395          0.707
-398          0.712
-402          0.717
-404          0.722
-408          0.727
-411          0.733
-415          0.737
-417          0.742
-421          0.747
-426          0.754
-429          0.759
-433          0.765
-435          0.769
-442          0.778
-444          0.784
-448          0.789
-451          0.794
-456          0.799
-459          0.806
-464          0.812
-468          0.819
-470          0.824
-474          0.829
-477          0.834
-481          0.839
-483          0.844
-487          0.849
-491          0.855
-493          0.86
-497          0.865
-501          0.87
-504          0.876
-507          0.88
-510          0.886
-514          0.891
-517          0.896
-522          0.901
-525          0.908
-528          0.913
-531          0.918
-535          0.923
-537          0.928
-541          0.933
-544          0.938
-548          0.943
-550          0.948
-554          0.953
-558          0.959
-561          0.964
-565          0.969
-567          0.975
-571          0.979
-573          0.985
-577          0.989
-581          0.995
-584          0.999
-588          1.007
