0          0.019
-1          0.047
-3          0.058
-6          0.07
-10          0.079
-14          0.091
-18          0.101
-22          0.107
-25          0.115
-27          0.12
-31          0.125
-35          0.13
-38          0.136
-41          0.141
-45          0.147
-49          0.152
-52          0.158
-58          0.164
-62          0.171
-66          0.176
-69          0.181
-73          0.187
-78          0.193
-82          0.198
-87          0.205
-90          0.21
-94          0.215
-100          0.22
-104          0.227
-109          0.232
-112          0.238
-116          0.243
-120          0.248
-126          0.255
-129          0.26
-134          0.265
-139          0.27
-142          0.276
-147          0.28
-152          0.286
-157          0.291
-160          0.297
-168          0.303
-173          0.311
-180          0.319
-184          0.326
-191          0.334
-198          0.34
-202          0.348
-209          0.356
-216          0.364
-222          0.37
-227          0.378
-234          0.386
-237          0.391
-242          0.397
-246          0.402
-250          0.408
-255          0.413
-260          0.418
-263          0.424
-272          0.429
-275          0.438
-280          0.443
-284          0.449
-290          0.454
-295          0.46
-298          0.466
-303          0.471
-308          0.476
-311          0.481
-316          0.487
-320          0.491
-324          0.497
-329          0.502
-334          0.509
-339          0.514
-342          0.519
-348          0.525
-351          0.53
-356          0.535
-361          0.54
-364          0.546
-369          0.55
-374          0.556
-379          0.562
-382          0.567
-387          0.572
-390          0.578
-396          0.583
-399          0.588
-404          0.593
-408          0.598
-414          0.604
-418          0.61
-422          0.616
-427          0.621
-432          0.626
-435          0.631
-440          0.637
-444          0.641
-448          0.647
-452          0.651
-456          0.657
-462          0.663
-466          0.668
-470          0.674
-475          0.679
-480          0.684
-483          0.689
-488          0.694
-491          0.699
-496          0.705
-501          0.711
-506          0.717
-511          0.721
-514          0.727
-521          0.732
-524          0.74
-529          0.745
-534          0.75
-538          0.756
-543          0.761
-548          0.767
-552          0.772
-556          0.777
-561          0.782
-564          0.788
-569          0.792
-572          0.798
-577          0.803
-582          0.809
-587          0.815
-592          0.82
-596          0.826
-604          0.835
-607          0.84
-612          0.845
-617          0.85
-620          0.856
-627          0.861
-630          0.867
-635          0.872
-638          0.877
-644          0.882
-647          0.888
-652          0.892
-655          0.898
-660          0.903
-665          0.909
-670          0.915
-673          0.92
-678          0.925
-683          0.93
-686          0.936
-692          0.94
-695          0.946
-700          0.951
-705          0.956
-710          0.961
-713          0.968
-718          0.973
-723          0.978
-726          0.983
-731          0.989
-734          0.994
-740          0.999
-744          1.004
