0          0.045
-1          0.069
-1          0.081
-3          0.093
-4          0.103
-5          0.115
-7          0.125
-9          0.13
-9          0.136
-11          0.14
-12          0.146
-13          0.15
-14          0.157
-16          0.163
-18          0.169
-19          0.175
-21          0.18
-22          0.185
-24          0.19
-25          0.195
-27          0.2
-27          0.205
-29          0.21
-31          0.215
-32          0.22
-33          0.227
-35          0.232
-37          0.237
-38          0.242
-40          0.247
-41          0.252
-45          0.258
-47          0.27
-49          0.277
-50          0.282
-52          0.287
-54          0.292
-55          0.298
-57          0.303
-58          0.308
-60          0.313
-61          0.318
-64          0.324
-65          0.331
-67          0.336
-69          0.341
-70          0.346
-72          0.351
-73          0.356
-75          0.362
-77          0.367
-79          0.372
-80          0.378
-82          0.385
-83          0.389
-85          0.395
-87          0.399
-90          0.405
-91          0.416
-93          0.421
-95          0.426
-97          0.432
-98          0.437
-100          0.443
-103          0.447
-104          0.456
-107          0.464
-109          0.47
-110          0.475
-112          0.481
-113          0.487
-115          0.492
-117          0.497
-118          0.502
-120          0.507
-121          0.512
-123          0.517
-125          0.523
-127          0.528
-129          0.535
-130          0.539
-132          0.545
-134          0.549
-135          0.555
-137          0.56
-138          0.567
-140          0.571
-141          0.577
-143          0.583
-145          0.589
-147          0.594
-149          0.599
-150          0.605
-152          0.609
-153          0.615
-155          0.62
-157          0.626
-159          0.63
-160          0.637
-162          0.643
-163          0.648
-165          0.653
-167          0.658
-168          0.663
-169          0.668
-171          0.673
-173          0.678
-175          0.685
-177          0.689
-178          0.695
-179          0.699
-181          0.705
-183          0.71
-185          0.715
-187          0.72
-188          0.725
-189          0.73
-191          0.737
-193          0.741
-194          0.747
-196          0.752
-197          0.757
-199          0.762
-201          0.767
-203          0.773
-204          0.778
-206          0.783
-207          0.789
-209          0.795
-211          0.799
-213          0.805
-214          0.809
-215          0.815
-217          0.819
-219          0.825
-220          0.829
-222          0.836
-223          0.841
-225          0.846
-228          0.855
-230          0.86
-231          0.866
-233          0.87
-234          0.876
-236          0.881
-238          0.888
-240          0.893
-242          0.898
-243          0.905
-245          0.911
-247          0.917
-250          0.924
-251          0.93
-254          0.938
-256          0.945
-259          0.951
-260          0.958
-262          0.965
-265          0.971
-267          0.979
-269          0.985
-271          0.993
-273          0.999
-275          1.007
