0          0.012
0          0.023
0          0.028
1          0.034
2          0.038
2          0.044
4          0.048
5          0.053
6          0.058
9          0.064
12          0.07
14          0.077
17          0.082
19          0.087
22          0.092
25          0.097
28          0.102
31          0.106
34          0.112
38          0.117
41          0.123
45          0.127
48          0.133
52          0.138
55          0.143
60          0.147
62          0.153
67          0.157
70          0.162
74          0.168
79          0.174
82          0.178
86          0.184
90          0.188
94          0.194
98          0.198
102          0.204
106          0.208
110          0.214
115          0.219
118          0.225
123          0.229
127          0.235
133          0.241
140          0.247
145          0.255
156          0.262
161          0.275
168          0.282
173          0.288
180          0.296
186          0.303
193          0.312
200          0.321
205          0.327
210          0.335
215          0.34
218          0.345
223          0.349
227          0.355
232          0.359
235          0.365
240          0.371
245          0.376
249          0.381
254          0.386
257          0.391
260          0.395
269          0.405
274          0.409
277          0.415
284          0.42
288          0.426
292          0.432
296          0.437
301          0.442
304          0.447
310          0.452
313          0.457
318          0.462
321          0.467
326          0.473
332          0.477
335          0.483
340          0.487
343          0.493
348          0.497
352          0.503
357          0.507
360          0.513
366          0.517
370          0.524
374          0.528
379          0.534
384          0.538
387          0.545
392          0.549
396          0.554
401          0.559
404          0.564
409          0.569
413          0.575
419          0.581
423          0.586
428          0.591
431          0.596
435          0.601
440          0.606
443          0.611
448          0.616
453          0.62
456          0.627
462          0.632
465          0.636
470          0.642
475          0.647
478          0.653
484          0.657
490          0.663
496          0.672
500          0.677
504          0.683
509          0.688
514          0.693
518          0.698
521          0.703
526          0.708
529          0.713
534          0.717
540          0.723
543          0.728
548          0.734
552          0.738
556          0.744
562          0.749
565          0.754
570          0.76
573          0.765
578          0.77
584          0.775
588          0.781
592          0.786
595          0.791
600          0.796
604          0.801
609          0.806
612          0.81
616          0.815
621          0.82
626          0.825
631          0.832
634          0.836
639          0.842
643          0.846
648          0.852
651          0.857
656          0.862
660          0.867
664          0.872
670          0.877
675          0.884
678          0.888
683          0.894
687          0.898
692          0.904
695          0.908
700          0.914
704          0.918
708          0.923
714          0.928
717          0.934
722          0.939
726          0.944
731          0.949
734          0.955
739          0.96
742          0.965
748          0.97
751          0.975
758          0.982
763          0.987
766          0.993
772          0.997
774          1.003
