0          0.018
0          0.039
0          0.05
-1          0.061
-2          0.072
-2          0.082
-3          0.092
-4          0.097
-4          0.102
-5          0.107
-6          0.114
-6          0.12
-6          0.125
-7          0.13
-8          0.135
-9          0.14
-9          0.146
-10          0.152
-11          0.156
-11          0.162
-12          0.166
-13          0.172
-14          0.177
-14          0.182
-15          0.187
-15          0.193
-16          0.198
-17          0.203
-18          0.208
-18          0.213
-19          0.218
-20          0.223
-20          0.228
-21          0.233
-22          0.238
-22          0.244
-24          0.249
-24          0.255
-25          0.26
-26          0.265
-26          0.27
-27          0.275
-28          0.28
-28          0.285
-30          0.291
-30          0.296
-31          0.302
-32          0.306
-32          0.312
-33          0.316
-34          0.322
-34          0.327
-35          0.332
-36          0.337
-36          0.342
-37          0.348
-38          0.353
-39          0.363
-40          0.368
-41          0.373
-42          0.379
-42          0.384
-44          0.39
-44          0.395
-45          0.401
-46          0.406
-46          0.411
-47          0.416
-48          0.422
-48          0.426
-50          0.432
-50          0.436
-51          0.442
-52          0.447
-52          0.453
-53          0.458
-54          0.463
-54          0.469
-55          0.473
-56          0.479
-57          0.484
-57          0.489
-58          0.494
-59          0.5
-60          0.505
-60          0.51
-61          0.515
-62          0.52
-63          0.525
-63          0.53
-64          0.535
-65          0.541
-66          0.545
-66          0.552
-67          0.556
-68          0.562
-69          0.567
-69          0.573
-70          0.577
-71          0.583
-72          0.587
-72          0.593
-74          0.598
-74          0.606
-75          0.613
-76          0.62
-77          0.626
-78          0.633
-79          0.64
-80          0.646
-81          0.655
-82          0.662
-83          0.67
-84          0.676
-86          0.683
-86          0.689
-87          0.694
-88          0.699
-88          0.705
-89          0.71
-90          0.715
-90          0.721
-91          0.725
-92          0.731
-93          0.735
-93          0.741
-94          0.745
-95          0.751
-96          0.761
-97          0.766
-98          0.772
-99          0.778
-100          0.783
-100          0.789
-101          0.794
-102          0.799
-103          0.805
-103          0.81
-104          0.815
-105          0.82
-106          0.825
-106          0.83
-107          0.835
-108          0.841
-108          0.845
-109          0.851
-110          0.856
-111          0.862
-112          0.866
-112          0.872
-113          0.876
-114          0.882
-114          0.887
-115          0.892
-116          0.897
-116          0.902
-118          0.908
-118          0.914
-119          0.92
-120          0.925
-120          0.93
-122          0.936
-122          0.941
-123          0.946
-124          0.951
-124          0.957
-125          0.963
-126          0.967
-126          0.973
-127          0.977
-128          0.983
-129          0.987
-129          0.993
-130          0.997
-131          1.003
