0          0.023
0          0.049
1          0.062
3          0.074
5          0.09
8          0.102
10          0.118
11          0.123
13          0.129
14          0.133
15          0.139
17          0.144
18          0.149
20          0.154
21          0.159
22          0.164
24          0.17
25          0.174
27          0.18
28          0.184
30          0.19
31          0.194
33          0.2
34          0.204
36          0.21
37          0.214
39          0.221
40          0.226
42          0.231
44          0.236
45          0.241
47          0.246
48          0.251
50          0.256
51          0.262
53          0.266
55          0.272
56          0.278
58          0.282
60          0.288
61          0.293
63          0.298
64          0.303
66          0.308
67          0.313
70          0.318
71          0.324
72          0.33
74          0.334
76          0.339
78          0.344
79          0.35
80          0.354
82          0.36
84          0.364
86          0.37
87          0.376
88          0.381
90          0.386
92          0.391
94          0.396
95          0.401
97          0.405
100          0.414
101          0.42
103          0.426
104          0.431
106          0.436
108          0.441
109          0.446
110          0.452
112          0.456
114          0.462
116          0.466
118          0.472
120          0.478
121          0.483
123          0.488
124          0.493
126          0.498
128          0.504
130          0.51
131          0.514
133          0.52
134          0.526
136          0.531
138          0.536
139          0.541
141          0.546
142          0.551
145          0.556
146          0.563
148          0.568
150          0.573
152          0.58
153          0.584
154          0.59
156          0.594
157          0.6
159          0.604
160          0.609
162          0.614
164          0.62
166          0.625
168          0.632
170          0.636
171          0.641
172          0.646
174          0.651
176          0.656
177          0.662
179          0.666
180          0.672
182          0.678
184          0.683
186          0.688
187          0.693
189          0.698
190          0.703
192          0.708
194          0.713
195          0.718
196          0.723
198          0.729
200          0.734
202          0.74
204          0.744
205          0.75
207          0.754
208          0.76
210          0.764
212          0.77
214          0.774
215          0.781
217          0.786
218          0.791
220          0.796
221          0.801
223          0.805
226          0.814
228          0.82
229          0.824
230          0.831
232          0.836
234          0.841
236          0.846
237          0.851
239          0.856
240          0.862
242          0.866
243          0.872
246          0.876
247          0.883
249          0.888
250          0.893
252          0.898
253          0.903
255          0.908
256          0.912
258          0.918
260          0.923
262          0.928
263          0.933
265          0.938
266          0.943
268          0.948
269          0.953
271          0.958
272          0.963
274          0.968
276          0.973
278          0.979
279          0.985
281          0.99
282          0.994
284          1.0
