0          0.018
0          0.041
2          0.05
5          0.062
7          0.074
11          0.083
17          0.095
20          0.106
26          0.115
32          0.127
38          0.139
43          0.15
49          0.16
57          0.172
60          0.182
63          0.186
66          0.192
70          0.197
72          0.202
78          0.207
81          0.216
84          0.222
88          0.226
91          0.233
96          0.238
99          0.244
102          0.251
107          0.255
110          0.262
114          0.267
116          0.272
120          0.277
124          0.284
128          0.289
131          0.294
134          0.299
137          0.304
141          0.31
143          0.315
147          0.32
150          0.325
155          0.331
158          0.336
162          0.341
165          0.346
168          0.352
172          0.356
175          0.362
179          0.367
181          0.372
185          0.377
189          0.384
192          0.389
196          0.394
200          0.399
203          0.404
207          0.409
211          0.415
213          0.421
217          0.425
221          0.431
225          0.437
227          0.442
231          0.447
234          0.453
238          0.457
241          0.463
245          0.468
247          0.473
251          0.478
255          0.484
259          0.49
262          0.495
266          0.5
269          0.505
273          0.51
277          0.515
279          0.52
283          0.525
287          0.531
291          0.536
293          0.542
297          0.547
300          0.552
304          0.558
307          0.563
311          0.568
315          0.573
317          0.579
321          0.584
325          0.59
328          0.595
332          0.6
336          0.605
341          0.61
345          0.62
348          0.625
352          0.63
356          0.636
360          0.642
364          0.646
366          0.652
370          0.657
373          0.663
377          0.668
380          0.673
384          0.679
388          0.684
391          0.69
394          0.695
398          0.7
402          0.705
405          0.71
409          0.715
411          0.721
415          0.725
419          0.731
423          0.736
426          0.742
430          0.747
433          0.753
437          0.758
441          0.764
446          0.77
449          0.776
453          0.781
457          0.786
459          0.793
463          0.797
466          0.803
470          0.808
472          0.813
477          0.818
481          0.823
483          0.828
487          0.833
491          0.84
493          0.845
497          0.85
502          0.855
504          0.861
509          0.865
513          0.873
519          0.88
524          0.886
528          0.895
533          0.902
537          0.909
543          0.916
547          0.923
552          0.93
557          0.937
561          0.945
565          0.951
568          0.956
572          0.962
576          0.967
579          0.973
583          0.977
585          0.983
591          0.988
593          0.994
597          0.999
600          1.004
