0          0.019
-1          0.041
-2          0.051
-4          0.063
-6          0.073
-10          0.089
-11          0.094
-12          0.099
-14          0.104
-16          0.109
-17          0.114
-20          0.12
-22          0.125
-24          0.132
-26          0.138
-29          0.143
-30          0.148
-33          0.153
-34          0.158
-37          0.163
-39          0.167
-41          0.173
-43          0.177
-45          0.183
-48          0.189
-50          0.194
-53          0.199
-55          0.204
-58          0.209
-59          0.214
-62          0.219
-64          0.224
-66          0.23
-70          0.234
-72          0.241
-74          0.245
-77          0.251
-79          0.255
-81          0.261
-83          0.265
-86          0.271
-88          0.275
-91          0.281
-96          0.285
-98          0.295
-100          0.301
-102          0.305
-105          0.311
-107          0.315
-110          0.321
-112          0.326
-114          0.332
-117          0.336
-120          0.343
-122          0.348
-125          0.353
-127          0.357
-129          0.363
-132          0.367
-134          0.372
-136          0.378
-139          0.383
-142          0.387
-144          0.394
-147          0.399
-149          0.404
-152          0.409
-154          0.413
-156          0.418
-158          0.423
-161          0.428
-163          0.434
-166          0.439
-169          0.445
-171          0.45
-174          0.455
-176          0.46
-178          0.465
-181          0.47
-183          0.475
-185          0.48
-188          0.485
-191          0.49
-194          0.496
-196          0.501
-198          0.506
-200          0.511
-203          0.516
-205          0.521
-208          0.526
-210          0.531
-213          0.536
-216          0.542
-218          0.547
-220          0.553
-224          0.558
-225          0.564
-228          0.569
-230          0.574
-233          0.579
-236          0.584
-238          0.59
-241          0.595
-244          0.601
-246          0.605
-248          0.611
-250          0.615
-253          0.621
-256          0.625
-258          0.632
-261          0.637
-264          0.643
-266          0.649
-268          0.654
-271          0.659
-273          0.664
-276          0.669
-279          0.675
-282          0.681
-286          0.685
-289          0.694
-291          0.701
-293          0.705
-296          0.711
-299          0.716
-301          0.722
-304          0.726
-306          0.732
-308          0.736
-310          0.742
-314          0.748
-316          0.753
-318          0.758
-321          0.763
-323          0.768
-326          0.773
-328          0.778
-330          0.783
-332          0.788
-336          0.793
-338          0.799
-340          0.804
-343          0.809
-345          0.814
-348          0.819
-350          0.824
-352          0.829
-354          0.834
-358          0.839
-360          0.844
-363          0.851
-365          0.855
-368          0.861
-370          0.866
-373          0.871
-375          0.876
-378          0.881
-380          0.886
-382          0.891
-385          0.895
-387          0.902
-390          0.907
-392          0.912
-395          0.917
-397          0.922
-400          0.927
-402          0.932
-404          0.937
-406          0.942
-410          0.947
-412          0.953
-415          0.958
-417          0.963
-419          0.968
-422          0.973
-424          0.978
-426          0.983
-429          0.988
-431          0.993
-434          0.998
-436          1.004
