0          0.018
0          0.045
0          0.058
1          0.072
2          0.083
3          0.092
4          0.103
4          0.108
5          0.115
6          0.122
7          0.129
8          0.137
8          0.144
10          0.153
10          0.159
12          0.167
13          0.175
14          0.182
14          0.188
15          0.194
16          0.198
16          0.205
17          0.21
18          0.216
19          0.22
20          0.226
20          0.231
21          0.236
22          0.242
22          0.246
23          0.253
24          0.258
25          0.263
26          0.268
26          0.273
27          0.278
28          0.283
28          0.288
29          0.293
30          0.298
30          0.304
32          0.309
32          0.315
33          0.32
34          0.325
34          0.33
35          0.336
36          0.341
36          0.346
38          0.351
38          0.357
39          0.362
40          0.367
40          0.372
41          0.377
42          0.383
43          0.387
44          0.393
44          0.398
45          0.403
46          0.408
46          0.414
47          0.418
48          0.424
48          0.428
50          0.434
50          0.439
51          0.444
52          0.449
53          0.458
54          0.464
55          0.469
55          0.475
56          0.48
57          0.485
58          0.49
58          0.496
59          0.5
60          0.506
61          0.512
62          0.517
62          0.522
63          0.527
64          0.532
65          0.537
66          0.544
66          0.548
67          0.554
68          0.56
68          0.565
69          0.57
70          0.575
71          0.58
71          0.585
72          0.59
73          0.595
74          0.6
74          0.606
76          0.612
76          0.617
77          0.622
78          0.627
78          0.632
79          0.637
80          0.643
81          0.648
81          0.653
82          0.658
83          0.664
84          0.669
84          0.674
85          0.679
86          0.684
87          0.689
88          0.695
88          0.7
89          0.705
90          0.711
91          0.716
91          0.721
92          0.726
93          0.732
94          0.736
94          0.742
95          0.747
96          0.752
97          0.757
98          0.764
98          0.768
99          0.774
100          0.778
100          0.784
101          0.788
102          0.794
102          0.798
103          0.804
104          0.808
105          0.815
106          0.821
106          0.826
107          0.831
108          0.836
108          0.841
110          0.846
110          0.852
112          0.86
112          0.866
113          0.872
114          0.877
115          0.882
115          0.887
116          0.892
117          0.897
118          0.902
118          0.907
119          0.914
120          0.918
121          0.924
121          0.928
122          0.934
123          0.938
124          0.945
124          0.949
125          0.955
126          0.959
126          0.966
127          0.971
128          0.976
129          0.981
130          0.986
130          0.991
131          0.996
132          1.002
