0          0.018
1          0.039
2          0.05
4          0.062
7          0.071
9          0.083
12          0.093
13          0.098
15          0.103
17          0.109
19          0.113
21          0.119
22          0.123
25          0.129
27          0.134
29          0.14
32          0.147
33          0.152
36          0.157
40          0.162
42          0.171
45          0.177
47          0.181
49          0.188
52          0.193
55          0.199
57          0.204
59          0.209
62          0.214
64          0.22
67          0.224
69          0.23
71          0.235
74          0.241
77          0.247
79          0.252
82          0.257
84          0.262
87          0.267
89          0.272
91          0.277
93          0.282
96          0.288
99          0.292
102          0.299
104          0.303
107          0.309
109          0.314
112          0.319
115          0.324
117          0.33
119          0.334
121          0.34
124          0.345
126          0.351
129          0.357
132          0.361
134          0.367
137          0.371
140          0.377
142          0.381
145          0.387
146          0.391
149          0.398
152          0.403
154          0.408
157          0.414
160          0.419
162          0.424
165          0.429
168          0.434
169          0.44
173          0.444
175          0.451
177          0.456
180          0.461
182          0.467
185          0.471
188          0.477
190          0.482
193          0.487
195          0.492
198          0.498
201          0.503
203          0.508
206          0.513
208          0.519
211          0.523
213          0.529
215          0.533
218          0.539
220          0.544
223          0.55
226          0.555
228          0.561
233          0.565
236          0.574
238          0.58
241          0.585
243          0.59
247          0.595
249          0.602
251          0.607
253          0.612
257          0.617
259          0.622
261          0.627
263          0.632
266          0.638
269          0.643
273          0.651
276          0.657
278          0.661
281          0.667
283          0.672
285          0.677
287          0.682
291          0.687
292          0.692
295          0.697
298          0.703
301          0.709
303          0.713
306          0.719
308          0.724
311          0.73
314          0.734
316          0.74
319          0.744
321          0.75
323          0.756
327          0.761
329          0.766
331          0.771
335          0.777
336          0.781
339          0.787
341          0.792
344          0.797
347          0.803
350          0.809
352          0.813
355          0.819
357          0.823
360          0.829
362          0.834
365          0.839
367          0.844
369          0.85
372          0.855
375          0.861
377          0.865
379          0.871
382          0.876
385          0.881
387          0.887
390          0.891
393          0.897
395          0.901
398          0.908
401          0.913
403          0.918
406          0.923
407          0.928
411          0.933
412          0.939
415          0.943
418          0.949
421          0.953
423          0.96
428          0.965
431          0.974
433          0.98
436          0.984
438          0.99
441          0.995
443          1.0
