0          0.505
0          0.51
1          0.515
2          0.523
2          0.527
4          0.533
6          0.538
8          0.545
10          0.551
12          0.556
13          0.561
16          0.566
21          0.578
24          0.585
26          0.589
30          0.595
34          0.601
36          0.606
40          0.611
42          0.617
46          0.624
49          0.628
53          0.635
55          0.639
59          0.646
64          0.65
67          0.656
70          0.663
74          0.668
79          0.674
82          0.679
86          0.685
88          0.689
94          0.696
98          0.702
100          0.707
104          0.713
110          0.718
113          0.725
117          0.73
120          0.735
123          0.74
128          0.746
133          0.752
136          0.757
141          0.764
144          0.768
148          0.775
151          0.779
156          0.785
161          0.79
164          0.796
168          0.803
172          0.807
177          0.814
180          0.818
184          0.825
187          0.83
193          0.836
198          0.842
200          0.847
205          0.853
209          0.858
214          0.864
218          0.87
221          0.875
225          0.88
228          0.885
232          0.89
235          0.895
240          0.9
242          0.905
246          0.91
250          0.915
254          0.919
259          0.926
262          0.931
266          0.936
269          0.94
274          0.946
276          0.95
279          0.956
284          0.96
286          0.966
294          0.97
298          0.981
303          0.986
306          0.991
310          0.996
313          1.001
317          1.006
320          1.011
325          1.016
329          1.021
332          1.027
336          1.031
339          1.036
344          1.041
347          1.046
350          1.051
354          1.056
358          1.061
361          1.066
364          1.071
369          1.077
373          1.082
376          1.087
380          1.092
383          1.097
388          1.101
391          1.106
395          1.111
398          1.116
401          1.121
406          1.127
410          1.132
413          1.137
417          1.143
420          1.147
424          1.152
428          1.157
432          1.162
435          1.167
439          1.171
442          1.177
446          1.183
450          1.187
454          1.193
457          1.197
461          1.203
464          1.207
468          1.213
472          1.217
476          1.222
480          1.228
483          1.233
488          1.238
491          1.243
495          1.248
498          1.253
502          1.258
505          1.263
508          1.267
512          1.273
517          1.278
522          1.284
524          1.288
527          1.293
532          1.298
535          1.303
539          1.308
542          1.313
546          1.318
549          1.323
554          1.329
558          1.334
561          1.339
566          1.344
568          1.348
573          1.354
576          1.358
580          1.364
583          1.368
590          1.376
595          1.384
598          1.388
602          1.394
605          1.398
610          1.404
612          1.408
617          1.414
620          1.418
624          1.424
627          1.429
632          1.435
634          1.439
639          1.445
642          1.449
646          1.455
649          1.459
654          1.465
657          1.469
661          1.474
664          1.48
668          1.485
673          1.49
676          1.495
679          1.499
683          1.505
686          1.509
690          1.515
693          1.519
698          1.525
702          1.529
705          1.535
710          1.54
712          1.545
717          1.55
720          1.555
724          1.56
727          1.565
730          1.569
735          1.575
740          1.582
744          1.587
748          1.591
751          1.596
755          1.601
758          1.606
762          1.611
766          1.617
770          1.622
773          1.627
777          1.633
782          1.638
784          1.643
788          1.648
792          1.653
795          1.657
799          1.663
802          1.668
806          1.673
810          1.677
816          1.684
818          1.688
823          1.694
826          1.698
830          1.704
833          1.708
836          1.713
840          1.718
843          1.723
848          1.728
852          1.735
855          1.739
860          1.745
862          1.749
867          1.754
870          1.759
874          1.764
877          1.769
884          1.778
889          1.783
892          1.789
896          1.795
899          1.799
904          1.805
906          1.809
911          1.815
914          1.819
918          1.824
921          1.829
926          1.834
930          1.84
933          1.845
937          1.85
940          1.855
945          1.86
948          1.865
950          1.869
955          1.875
958          1.879
962          1.885
967          1.89
970          1.895
974          1.9
977          1.905
981          1.91
984          1.915
989          1.92
992          1.925
996          1.93
999          1.935
1003          1.941
1008          1.946
1011          1.95
1014          1.956
1018          1.96
1021          1.966
1026          1.97
1028          1.975
1033          1.98
1036          1.985
1042          1.991
1044          1.996
1048          2.001
1052          2.006
1055          2.011
1059          2.016
1062          2.021
1066          2.026
1070          2.031
1074          2.036
1078          2.042
1081          2.047
1086          2.052
1089          2.056
1093          2.061
1096          2.066
1099          2.071
1103          2.076
1106          2.081
1111          2.086
1115          2.092
1118          2.097
1122          2.103
1125          2.107
1130          2.112
1133          2.117
1137          2.122
1140          2.127
1144          2.131
1147          2.136
1152          2.143
1155          2.147
1159          2.153
1162          2.157
1166          2.163
1170          2.167
1174          2.173
1181          2.181
1184          2.187
1188          2.193
1192          2.197
1196          2.203
1200          2.208
1203          2.213
1206          2.217
1210          2.223
1215          2.228
1218          2.233
1221          2.237
1227          2.244
1230          2.248
1234          2.254
1237          2.258
1242          2.264
1244          2.268
1249          2.274
1252          2.278
1254          2.283
1259          2.288
1264          2.294
1266          2.299
1271          2.304
1274          2.309
1278          2.314
1281          2.318
1286          2.324
1288          2.328
1293          2.334
1296          2.338
1300          2.345
1303          2.349
1308          2.355
1310          2.359
1315          2.365
1318          2.369
1322          2.374
1325          2.379
1330          2.385
1332          2.389
1337          2.395
1341          2.4
1344          2.405
1348          2.41
1352          2.415
1354          2.42
1359          2.425
1362          2.429
1366          2.435
1369          2.439
1375          2.446
1378          2.45
1382          2.456
1385          2.46
1388          2.466
1392          2.47
1396          2.475
1400          2.48
1403          2.485
1408          2.49
1413          2.498
1416          2.503
1420          2.508
1424          2.513
1428          2.518
1431          2.523
1434          2.527
1438          2.533
1441          2.537
1446          2.543
1450          2.548
1454          2.554
1457          2.558
1462          2.564
1464          2.569
1469          2.574
1475          2.583
1478          2.587
1482          2.593
1486          2.597
1491          2.604
1494          2.609
1498          2.614
1503          2.62
1506          2.625
1510          2.63
1513          2.635
1516          2.64
1520          2.645
1525          2.65
1528          2.656
1532          2.66
1535          2.665
1540          2.67
1542          2.675
1547          2.68
1550          2.685
1554          2.69
1557          2.695
1562          2.701
1566          2.706
1569          2.711
1573          2.716
1576          2.721
1580          2.726
1584          2.73
1586          2.736
1597          2.749
1601          2.755
1606          2.76
1608          2.765
1613          2.77
1616          2.775
1620          2.78
1623          2.785
1628          2.79
1630          2.795
1633          2.799
1639          2.806
1642          2.81
1646          2.816
1650          2.82
1652          2.825
1657          2.83
1660          2.835
1664          2.84
1667          2.845
1672          2.85
1676          2.856
1679          2.861
1683          2.866
1686          2.871
1691          2.876
1694          2.881
1698          2.886
1701          2.89
1704          2.896
1708          2.9
1713          2.906
1717          2.911
1720          2.916
1723          2.921
1728          2.926
1730          2.931
1735          2.936
1738          2.941
1742          2.946
1745          2.951
1750          2.957
1754          2.962
1757          2.966
1761          2.971
1764          2.976
1772          2.986
1774          2.99
1779          2.996
1782          3.0
1786          3.007
1790          3.012
1794          3.017
1798          3.022
1801          3.027
1805          3.031
1808          3.036
1812          3.041
1816          3.046
1820          3.051
1823          3.057
1827          3.063
1830          3.067
1835          3.072
1838          3.077
1842          3.082
1845          3.087
1849          3.092
1852          3.096
1857          3.101
1860          3.107
1864          3.113
1867          3.117
1871          3.122
1874          3.127
1879          3.132
1882          3.137
1886          3.142
1889          3.147
1893          3.152
1896          3.157
1901          3.163
1905          3.168
1908          3.173
1911          3.177
1915          3.183
1918          3.187
1923          3.193
1926          3.197
1930          3.203
1934          3.207
1937          3.214
1942          3.218
1944          3.224
1949          3.228
1952          3.233
1956          3.238
1960          3.243
1962          3.248
1966          3.253
1970          3.257
1976          3.264
1978          3.269
1983          3.274
1986          3.278
1990          3.284
1993          3.288
1998          3.294
2000          3.298
2004          3.303
2008          3.308
2012          3.315
2015          3.319
2020          3.324
2022          3.329
2027          3.334
2030          3.339
2034          3.344
2037          3.349
2042          3.354
2044          3.358
2049          3.365
2052          3.369
2056          3.375
2064          3.384
2066          3.388
2071          3.394
2074          3.399
2078          3.404
2081          3.409
2086          3.415
2088          3.42
2093          3.425
2096          3.429
2100          3.435
2103          3.439
2108          3.445
2110          3.449
2115          3.454
2118          3.459
2122          3.465
2127          3.47
2130          3.475
2134          3.48
2137          3.485
2141          3.49
2144          3.495
2147          3.499
2152          3.505
2154          3.509
2159          3.515
2163          3.52
2166          3.526
2170          3.53
2174          3.535
2178          3.54
2181          3.545
2185          3.55
2188          3.555
2192          3.56
2197          3.566
2200          3.571
2204          3.576
2207          3.581
2212          3.586
2214          3.591
2219          3.596
2222          3.6
2225          3.606
2229          3.61
2234          3.617
2238          3.623
2241          3.627
2245          3.632
2248          3.637
2252          3.642
2256          3.647
2260          3.652
2263          3.657
2268          3.662
2272          3.668
2274          3.673
2279          3.678
2282          3.683
2285          3.687
2290          3.693
2292          3.697
2297          3.703
2300          3.707
2304          3.713
2308          3.718
2312          3.724
2316          3.728
2322          3.733
2326          3.743
2329          3.747
2333          3.753
2336          3.757
2341          3.762
2345          3.767
2350          3.774
2352          3.778
2358          3.787
2363          3.793
2366          3.797
2370          3.803
2373          3.807
2377          3.813
2380          3.817
2386          3.824
2389          3.829
2394          3.834
2396          3.839
2401          3.844
2404          3.848
2408          3.854
2411          3.858
2414          3.863
2418          3.868
2423          3.875
2426          3.879
2430          3.885
2433          3.889
2438          3.894
2440          3.899
2445          3.904
2448          3.909
2452          3.914
2455          3.919
2460          3.925
2462          3.929
2467          3.935
2470          3.939
2474          3.945
2477          3.949
2482          3.955
2484          3.959
2489          3.965
2492          3.969
2496          3.975
2500          3.98
2504          3.985
2508          3.99
2511          3.995
2514          4.0
2518          4.005
2521          4.01
2526          4.015
2528          4.019
2533          4.026
2537          4.03
2540          4.035
2544          4.04
2548          4.045
2552          4.05
2555          4.055
2559          4.06
2562          4.065
2566          4.07
2571          4.076
2574          4.081
2578          4.087
2582          4.093
2586          4.097
2590          4.103
2593          4.107
2597          4.112
2600          4.117
2604          4.122
2609          4.128
2612          4.133
2616          4.138
2619          4.143
2622          4.147
2626          4.153
2630          4.157
2634          4.163
2637          4.167
2641          4.173
2646          4.178
2652          4.187
2656          4.193
2659          4.197
2663          4.203
2666          4.207
2670          4.213
2674          4.217
2678          4.223
2682          4.228
2687          4.234
2690          4.238
2694          4.244
2697          4.248
2700          4.254
2704          4.258
2707          4.263
2712          4.268
2714          4.273
2719          4.279
2724          4.284
2726          4.289
2731          4.294
2734          4.299
2738          4.304
2741          4.309
2746          4.314
2748          4.318
2753          4.324
2756          4.329
2760          4.335
2763          4.339
2768          4.345
2770          4.349
2775          4.355
2778          4.359
2782          4.365
2785          4.369
2790          4.374
2794          4.38
2797          4.385
2800          4.389
2804          4.395
2807          4.399
2811          4.405
2814          4.409
2819          4.415
2822          4.419
2826          4.425
2830          4.43
2833          4.435
2838          4.44
2841          4.445
2845          4.45
2848          4.455
2857          4.467
2861          4.473
2866          4.478
2870          4.485
2873          4.489
2878          4.495
2880          4.499
2885          4.505
2888          4.509
2892          4.515
2895          4.519
2900          4.525
2902          4.529
2907          4.535
2911          4.54
2914          4.545
2918          4.55
2922          4.555
2926          4.56
2929          4.565
2933          4.57
2936          4.575
2940          4.58
2948          4.59
2951          4.595
2955          4.6
2958          4.606
2962          4.61
2967          4.616
2971          4.621
2974          4.626
2978          4.631
2982          4.637
2986          4.642
2989          4.647
2993          4.652
2996          4.657
3001          4.662
3004          4.667
3008          4.672
3011          4.677
3015          4.681
3018          4.687
3022          4.693
3026          4.698
3030          4.703
3033          4.707
3038          4.713
3040          4.717
3044          4.723
3048          4.727
3052          4.733
3056          4.738
3061          4.745
3065          4.75
3068          4.755
3072          4.76
3076          4.765
3078          4.769
3083          4.775
3086          4.779
3092          4.785
3094          4.79
3098          4.796
3102          4.8
3105          4.805
3109          4.81
3112          4.815
3116          4.82
3120          4.825
3124          4.83
3128          4.835
3133          4.841
3136          4.846
3140          4.851
3143          4.856
3146          4.861
3150          4.866
3159          4.879
3164          4.884
3166          4.889
3171          4.895
3174          4.899
3178          4.905
3181          4.909
3186          4.915
3188          4.919
3193          4.925
3196          4.929
3200          4.935
3204          4.94
3208          4.945
3212          4.95
3215          4.955
3219          4.96
3222          4.965
3226          4.97
3230          4.975
3234          4.98
3241          4.99
3244          4.995
3248          5.0
3252          5.005
3256          5.01
3259          5.015
3263          5.02
3266          5.026
3270          5.03
3274          5.035
3280          5.041
3282          5.046
3285          5.051
3290          5.056
3292          5.061
3297          5.066
3300          5.07
3303          5.076
3307          5.08
3312          5.086
3316          5.092
3319          5.097
3324          5.101
3326          5.106
3331          5.111
3334          5.116
3336          5.121
3341          5.126
3344          5.131
3348          5.136
3353          5.141
3356          5.147
3360          5.152
3363          5.157
3368          5.162
3370          5.166
3375          5.171
3378          5.176
3380          5.181
3385          5.186
3388          5.191
3392          5.197
3397          5.202
3400          5.207
3404          5.212
3407          5.217
3412          5.222
3414          5.227
3419          5.232
3422          5.237
3426          5.241
3429          5.247
3433          5.253
3436          5.257
3441          5.263
3444          5.267
3448          5.273
3451          5.277
3455          5.282
3458          5.287
3463          5.292
3467          5.298
3470          5.303
3473          5.307
3477          5.313
3480          5.317
3484          5.323
3488          5.327
3492          5.333
3495          5.337
3499          5.343
3504          5.348
3506          5.353
3511          5.358
3514          5.363
3518          5.368
3521          5.373
3524          5.378
3528          5.383
3536          5.391
3540          5.398
3545          5.404
3548          5.408
3552          5.414
3555          5.418
3560          5.424
3562          5.428
3565          5.433
3570          5.438
3572          5.444
3577          5.449
3582          5.455
3584          5.459
3589          5.464
3592          5.469
3596          5.474
3599          5.479
3603          5.484
3606          5.489
3610          5.494
3614          5.499
3618          5.505
3621          5.509
3625          5.515
3628          5.519
3632          5.525
3636          5.529
3640          5.535
3643          5.539
3647          5.545
3652          5.55
3654          5.555
3659          5.56
3662          5.565
3666          5.57
3669          5.575
3673          5.58
3676          5.585
3681          5.59
3684          5.595
3688          5.601
3692          5.606
3695          5.611
3700          5.617
3704          5.622
3707          5.627
3712          5.632
3714          5.637
3719          5.641
3722          5.646
3726          5.653
3729          5.657
3734          5.663
3736          5.667
3741          5.672
3744          5.677
3748          5.682
3751          5.687
3755          5.692
3758          5.697
3762          5.703
3766          5.707
3770          5.713
3773          5.717
3777          5.723
3780          5.727
3784          5.732
3789          5.738
3792          5.743
3796          5.748
3801          5.754
3804          5.759
3808          5.764
3811          5.769
3815          5.774
3818          5.778
3822          5.784
3828          5.793
3831          5.797
3837          5.804
3840          5.809
3844          5.814
3848          5.819
3852          5.824
3855          5.829
3859          5.834
3862          5.838
3866          5.844
3869          5.848
3874          5.855
3877          5.859
3881          5.865
3884          5.869
3888          5.875
3891          5.879
3896          5.884
3899          5.889
3903          5.894
3906          5.899
3910          5.905
3913          5.91
3918          5.915
3920          5.919
3925          5.925
3928          5.929
3932          5.935
3935          5.939
3940          5.945
3942          5.949
3947          5.955
3951          5.96
3954          5.965
3958          5.97
3962          5.975
3966          5.98
3969          5.985
3973          5.99
3976          5.995
3980          6.0
3985          6.006
3988          6.011
3992          6.016
3995          6.02
3998          6.026
4002          6.03
4006          6.035
4010          6.04
4013          6.045
4017          6.05
4022          6.055
4026          6.061
4029          6.066
4032          6.071
4036          6.076
4039          6.081
4044          6.086
4046          6.09
4050          6.096
4054          6.1
4058          6.106
4062          6.111
4066          6.116
4070          6.121
4073          6.126
4077          6.131
4080          6.136
4083          6.141
4088          6.146
4090          6.151
4095          6.156
4099          6.162
4102          6.167
4106          6.172
4110          6.177
4114          6.182
4117          6.187
4123          6.196
4127          6.2
4131          6.206
4136          6.212
4139          6.217
4143          6.222
4146          6.227
4150          6.232
4153          6.237
4158          6.242
4161          6.247
4165          6.251
4174          6.265
4177          6.269
4182          6.276
4188          6.284
4192          6.288
4196          6.294
4198          6.298
4203          6.304
4206          6.309
4210          6.315
4214          6.319
4218          6.325
4220          6.329
4225          6.335
4228          6.339
4232          6.345
4235          6.349
4240          6.355
4242          6.359
4247          6.365
4251          6.37
4254          6.375
4257          6.379
4262          6.385
4264          6.389
4269          6.395
4272          6.399
4276          6.405
4279          6.409
4284          6.416
4288          6.42
4291          6.426
4295          6.43
4298          6.436
4302          6.44
4306          6.445
4310          6.45
4313          6.455
4317          6.46
4322          6.466
4324          6.471
4329          6.476
4332          6.481
4336          6.486
4339          6.491
4344          6.496
4346          6.5
4350          6.506
4354          6.51
4358          6.517
4362          6.522
4366          6.527
4370          6.532
4373          6.536
4377          6.541
4380          6.546
4384          6.551
4388          6.556
4390          6.561
4395          6.567
4399          6.572
4402          6.577
4406          6.582
4410          6.587
4417          6.596
4421          6.602
4424          6.607
4428          6.612
4433          6.619
4437          6.625
4440          6.629
4444          6.635
4448          6.639
4452          6.645
4455          6.649
4459          6.655
4462          6.659
4466          6.665
4471          6.67
4474          6.675
4478          6.68
4481          6.685
4486          6.69
4488          6.695
4491          6.7
4496          6.705
4500          6.71
4503          6.715
4508          6.721
4512          6.726
4515          6.73
4518          6.736
4522          6.74
4525          6.746
4530          6.75
4532          6.755
4537          6.76
4540          6.765
4546          6.771
4548          6.776
4553          6.781
4556          6.786
4558          6.791
4563          6.796
4566          6.801
4570          6.806
4574          6.811
4578          6.816
4582          6.822
4585          6.827
4590          6.832
4592          6.837
4597          6.842
4600          6.846
4604          6.851
4607          6.856
4610          6.861
4614          6.866
4619          6.872
4623          6.879
4628          6.884
4630          6.889
4635          6.894
4638          6.899
4642          6.904
4645          6.909
4650          6.914
4652          6.919
4657          6.925
4660          6.929
4664          6.935
4667          6.939
4672          6.945
4674          6.949
4679          6.955
4682          6.959
4686          6.965
4689          6.969
4694          6.975
4698          6.98
4701          6.985
4708          6.99
4711          6.999
4716          7.005
4724          7.017
4728          7.022
4733          7.028
4736          7.033
4740          7.038
4743          7.043
4748          7.048
4750          7.053
4755          7.058
4758          7.063
4762          7.068
4765          7.073
4770          7.079
4774          7.084
4777          7.089
4781          7.094
4784          7.098
4789          7.104
4792          7.108
4794          7.114
4799          7.118
4803          7.124
4806          7.129
4810          7.135
4814          7.139
4818          7.145
4821          7.149
4825          7.154
4828          7.159
4832          7.164
4836          7.169
4840          7.174
4844          7.18
4847          7.185
4852          7.19
4854          7.195
4859          7.2
4862          7.205
4866          7.21
4869          7.215
4872          7.219
4876          7.225
4881          7.23
4884          7.235
4888          7.24
4891          7.245
4895          7.25
4898          7.255
4903          7.26
4906          7.265
4910          7.27
4913          7.275
4917          7.281
4922          7.286
4925          7.29
4929          7.296
4932          7.3
4936          7.306
4939          7.31
4942          7.316
4946          7.32
4950          7.325
4956          7.331
4958          7.336
4961          7.341
4966          7.346
4968          7.351
4973          7.356
4976          7.36
4980          7.366
4983          7.37
4986          7.376
4992          7.381
4995          7.386
5001          7.391
5005          7.4
5008          7.406
5012          7.41
5016          7.416
5020          7.42
5023          7.426
5028          7.431
5032          7.436
5036          7.441
5039          7.446
5042          7.451
5046          7.456
5049          7.461
5054          7.466
5056          7.471
5061          7.476
5065          7.481
5068          7.487
5072          7.492
5076          7.496
5080          7.501
5083          7.506
5086          7.511
5090          7.516
5093          7.521
5098          7.526
5102          7.53
5105          7.537
5109          7.541
5112          7.547
5116          7.551
5120          7.557
5124          7.561
5127          7.566
5131          7.571
5134          7.576
5137          7.581
5141          7.587
5146          7.592
5149          7.597
5153          7.602
5156          7.607
5160          7.612
5165          7.618
5168          7.623
5170          7.627
5176          7.633
5179          7.638
5184          7.644
5186          7.648
5190          7.654
5194          7.658
5198          7.664
5201          7.668
5204          7.673
5208          7.678
5213          7.683
5216          7.689
5220          7.694
5223          7.699
5228          7.704
5230          7.709
5235          7.714
5238          7.719
5242          7.724
5245          7.729
5250          7.734
5252          7.739
5257          7.745
5260          7.749
5264          7.755
5267          7.759
5272          7.765
5274          7.769
5279          7.774
5282          7.779
5286          7.785
5290          7.79
5296          7.799
5301          7.805
5304          7.809
5308          7.815
5311          7.819
5316          7.825
5318          7.829
5322          7.835
5327          7.84
5330          7.846
5334          7.85
5338          7.855
5342          7.86
5344          7.865
5349          7.87
5352          7.875
5356          7.88
5359          7.885
5364          7.891
5368          7.896
5371          7.9
5375          7.906
5378          7.91
5381          7.916
5386          7.92
5388          7.925
5393          7.93
5396          7.935
5402          7.941
5404          7.946
5409          7.951
5412          7.956
5415          7.961
5419          7.966
5422          7.971
5426          7.976
5430          7.981
5434          7.986
5438          7.992
5441          7.997
5446          8.002
