-9.529670194998456 -9.65018234857465 25.309371389224715
-9.438198519336275 -9.780370521024016 25.258509093827566
-9.210390266038997 -9.995196344553273 25.258509093827566
-8.859550743011226 -10.30745358713423 25.258509093827566
-8.313589809985407 -10.752649128946036 25.25850909382757
-7.680838569139286 -11.213382972758016 25.25850909382757
-6.955474841074057 -11.677183245719103 25.25850909382757
-6.2717556970826625 -12.058205475734281 25.25850909382757
-5.207905681058557 -12.554399915412727 25.25850909382757
-4.33772431637903 -12.911646713572821 25.207539886897806
-3.3668450492325688 -13.227949479321655 25.156464453136046
-2.5998081622613243 -13.399824272447278 25.156464453136046
-1.5152265762856219 -13.594217298026912 25.10528347866991
-0.573986024668193 -13.694891669327896 25.053997651044806
0.45206421111968187 -13.699458227979886 25.053997651044806
1.6358281609389134 -13.63748156352255 25.002607659214704
2.6568238892947638 -13.504512505836784 24.95111419353289
3.6595808035325876 -13.267932753124933 24.95111419353289
4.800501913861955 -12.928876942883281 24.899517945742637
5.765774397732619 -12.558780195370318 24.84781960896798
6.689075462039696 -12.09228613060049 24.84781960896798
8.702954838224347 -10.804970561631082 24.744119447809446
10.812434284930115 -8.737004868530498 24.692119016493404
12.706602533893763 -5.769319517165698 24.58782094514678
13.099631409109048 -4.887330526449552 24.53552470621614
13.359244244128966 -4.125158900574493 24.535524706216147
13.593618288151841 -3.27106780200377 24.535524706216144
13.770819484809131 -2.5671895622133327 24.483131268045494
13.874449674629084 -1.9301755769154396 24.483131268045494
13.98195539910024 -1.210968575000644 24.430641334468
14.022893433645049 -0.565669002776308 24.430641334468
14.034298047001402 4.3662585430620227e-16 24.430641334468
14.048911100140042 0.566718528505819 24.37805561061315
14.014652350437037 1.1325159983768782 24.378055610613153
13.957616303167004 1.696472847927902 24.378055610613153
13.903406205080321 2.2618225932709852 24.325374802897198
13.832514598636232 2.661218785709399 24.325374802897198
13.714010384755673 3.21659209625819 24.325374802897198
13.615705720250977 3.6101389566638415 24.325374802897198
13.50611004643369 4.000692060196588 24.325374802897198
13.38414958552846 4.473079420177339 24.272599619013747
13.277554584855677 4.780213789486175 24.272599619013747
13.163912629413966 5.084811098966339 24.272599619013747
13.04328403375258 5.386709686057981 24.272599619013747
12.939033994624877 5.696006937082451 24.21973076792419
12.804385379532482 5.9925629570129955 24.219730767924187
12.698935114543039 6.212901310818913 24.21973076792419
12.589693606536372 6.431384814710346 24.21973076792419
12.476693469357715 6.647948240851167 24.21973076792419
12.359968438983916 6.862526934640845 24.21973076792419
12.280099530414608 7.00444510753425 24.21973076792419
12.198601176902201 7.145433861441154 24.21973076792419
12.115484192453506 7.285474488580602 24.21973076792419
12.030759605851285 7.424548406978473 24.21973076792419
11.944438659190839 7.562637162933114 24.21973076792419
11.85653280638829 7.699722433463942 24.21973076792419
11.811989177078825 7.767883072106731 24.21973076792419
11.721727900766858 7.903429050844539 24.21973076792419
11.676013247978684 7.970809894507324 24.21973076792419
11.629911269776779 8.037926324523548 24.21973076792419
11.583423495490324 8.10477611445698 24.21973076792419
11.583423495490324 8.10477611445698 24.21973076792419
11.583423495490324 8.10477611445698 24.21973076792419
11.536551467246412 8.171357046716553 24.21973076792419
11.536551467246412 8.171357046716553 24.21973076792419
11.536551467246412 8.171357046716553 24.21973076792419
11.536551467246412 8.171357046716553 24.21973076792419
11.536551467246412 8.171357046716553 24.21973076792419
11.536551467246412 8.171357046716553 24.21973076792419
11.536551467246412 8.171357046716553 24.21973076792419
11.536551467246412 8.171357046716553 24.21973076792419
11.536551467246412 8.171357046716553 24.21973076792419
11.536551467246412 8.171357046716553 24.21973076792419
11.536551467246412 8.171357046716553 24.21973076792419
11.536551467246412 8.171357046716553 24.21973076792419
11.536551467246412 8.171357046716553 24.21973076792419
11.536551467246412 8.171357046716553 24.21973076792419
11.536551467246412 8.171357046716553 24.21973076792419
11.536551467246412 8.171357046716553 24.21973076792419
11.536551467246412 8.171357046716553 24.21973076792419
11.536551467246412 8.171357046716553 24.21973076792419
11.536551467246412 8.171357046716553 24.21973076792419
11.536551467246412 8.171357046716553 24.21973076792419
11.536551467246412 8.171357046716553 24.21973076792419
11.536551467246412 8.171357046716553 24.21973076792419
11.536551467246412 8.171357046716553 24.21973076792419
11.583423495490324 8.10477611445698 24.21973076792419
11.583423495490324 8.10477611445698 24.21973076792419
11.583423495490324 8.10477611445698 24.21973076792419
11.583423495490324 8.10477611445698 24.21973076792419
11.629911269776779 8.037926324523548 24.21973076792419
11.629911269776779 8.037926324523548 24.21973076792419
11.676013247978684 7.970809894507324 24.21973076792419
11.676013247978684 7.970809894507324 24.21973076792419
11.721727900766858 7.903429050844539 24.21973076792419
11.767053711660765 7.835786028742759 24.21973076792419
11.767053711660765 7.835786028742759 24.21973076792419
11.811989177078825 7.767883072106731 24.21973076792419
11.85653280638829 7.699722433463942 24.21973076792419
11.93129011497406 7.650933090988472 24.224353026208952
11.975158185701702 7.582087271845514 24.224353026208952
12.018629007556777 7.512989934052553 24.224353026208952
12.061701138492786 7.4436433697579805 24.224353026208952
12.135438407104207 7.39297500295605 24.228841990084145
12.209005000996289 7.341711899646208 24.233197599246758
12.292763574956863 7.200590282884646 24.233197599246758
12.334031876119372 7.129670007134295 24.233197599246758
12.406516063312662 7.076551824843512 24.23741979518523
12.478809753965015 7.0228420714084105 24.241508521180204
12.558877392240504 6.878633751135948 24.241508521180204
12.630345513173594 6.823505657634536 24.24546372230532
12.701606734279347 6.767788625449223 24.249285345427943
12.7403755094018 6.694520773773519 24.249285345427943
12.816643887904053 6.54732128138691 24.249285345427943
12.886709946847835 6.489796389329743 24.252973339209856
12.956549341229248 6.431686948506728 24.256527654107977
12.99337809178954 6.35695631565166 24.256527654107977
13.062646799165286 6.297862813830492 24.259948242375028
13.098703022531359 6.22252332652115 24.259948242375028
13.1673872129375 6.1624509505177745 24.263235058060133
13.23749839254137 6.0103680453389865 24.263235058060133
13.30523154934805 5.9489310456319 24.26638805700949
13.372874065334473 5.795274488767074 24.26638805700949
13.439629085047994 5.732487595476077 24.269407196866922
13.504769490015594 5.577297284303488 24.269407196866922
13.536668243596361 5.4994233187457855 24.269407196866922
13.602047841408899 5.434924174488129 24.272292437074498
13.697843304116475 5.29105195586321 24.275043738872984
13.728090209679674 5.212070718886063 24.275043738872984
13.78721683721957 5.0535921746082355 24.275043738872984
13.878981816892107 4.906628442874664 24.277661065302482
13.907011609778024 4.8266103049187254 24.277661065302482
13.996368313988068 4.677687339225165 24.280144381202827
14.023077561050995 4.5969969046220305 24.280144381202827
14.049321624133508 4.516153975011382 24.280144381202827
14.100410731467099 4.35402136286491 24.280144381202827
14.125254080952232 4.272737058712936 24.280144381202827
14.18469915173584 4.201699310721328 24.282493653214107
14.23215709986346 4.0380281583685775 24.282493653214107
14.255178284011903 3.9559902949839287 24.282493653214107
14.313034953802775 3.8834010386008107 24.28470884977712
14.356817935702658 3.7182727141069636 24.28470884977712
14.377995403212008 3.6355221634038024 24.28470884977712
14.454496004130592 3.4782230507762804 24.286789941133787
14.474289272351308 3.394913899449361 24.286789941133783
14.493602388660426 3.311492129508302 24.286789941133787
14.548161749462754 3.2359071738168557 24.28873689932751
14.566557832563399 3.152062568648742 24.28873689932751
14.601899766406454 2.9840624554304815 24.28873689932751
14.618844444759889 2.899912520405304 24.28873689932751
14.635304175909814 2.815666387320663 24.28873689932751
14.687265455848461 2.738035642490541 24.29054969820361
14.702791713410923 2.653398119800947 24.29054969820361
14.75389847456174 2.574967491421978 24.292228313409655
14.782580468246065 2.404847703989827 24.292228313409655
14.782580468246065 2.404847703989827 24.292228313409655
14.809300963089909 2.2344088176024535 24.292228313409655
14.858164911661257 2.154331383299626 24.293772722395772
14.881994714824913 1.983038466372978 24.293772722395772
14.893169295010184 1.8972919125314749 24.293772722395772
14.903849827883546 1.8114824203085738 24.293772722395772
14.914035959142408 1.7256128362407075 24.293772722395772
14.914035959142408 1.7256128362407075 24.293772722395772
14.960133027050057 1.6436859397360852 24.295182904414965
14.969351791768492 1.5574949726395615 24.295182904414965
14.978073981992452 1.4712523391589853 24.295182904414965
14.986299308382948 1.3849609001992735 24.295182904414965
14.986299308382948 1.3849609001992735 24.295182904414965
14.994027498083325 1.2986235182843524 24.295182904414965
15.001258294728302 1.2122430574622036 24.295182904414965
15.00799145845252 1.125822383209853 24.295182904414965
15.01422676589844 1.0393643623383182 24.295182904414965
15.01422676589844 1.0393643623383182 24.295182904414965
15.019964010223804 0.952871862897506 24.295182904414965
15.02520300110846 0.8663477540810701 24.295182904414965
15.02520300110846 0.8663477540810701 24.295182904414965
15.029943564760707 0.7797949061312374 24.295182904414965
15.034185543923032 0.6932161902435878 24.295182904414965
15.034185543923032 0.6932161902435878 24.295182904414965
15.034185543923032 0.6932161902435878 24.295182904414965
15.037928797877337 0.6066144784718137 24.295182904414965
15.041173202449608 0.5199926436324421 24.295182904414965
15.041173202449608 0.5199926436324421 24.295182904414965
15.041173202449608 0.5199926436324421 24.295182904414965
15.04391865001405 0.4333535592095398 24.295182904414965
15.04391865001405 0.4333535592095398 24.295182904414965
15.046165049496617 0.3467000992593876 24.295182904414965
15.046165049496617 0.3467000992593876 24.295182904414965
15.047912326378086 0.26003513831514335 24.295182904414965
15.047912326378086 0.26003513831514335 24.295182904414965
15.049160422696472 0.17336155129148356 24.295182904414965
15.049160422696472 0.17336155129148356 24.295182904414965
15.049160422696472 0.17336155129148356 24.295182904414965
15.049909297049005 0.08668221338923593 24.295182904414965
15.049909297049005 0.08668221338923593 24.295182904414965
15.050158924593457 4.2833141766710356e-16 24.295182904414965
15.050158924593457 4.2833141766710356e-16 24.295182904414965
15.050158924593457 4.2833141766710356e-16 24.295182904414965
15.050158924593457 4.2833141766710356e-16 24.295182904414965
15.050158924593457 4.2833141766710356e-16 24.295182904414965
15.050158924593457 4.2833141766710356e-16 24.295182904414965
15.050158924593457 4.2833141766710356e-16 24.295182904414965
15.050158924593457 4.2833141766710356e-16 24.295182904414965
15.049909297049005 -0.08668221338923505 24.295182904414965
15.049909297049005 -0.08668221338923505 24.295182904414965
15.049909297049005 -0.08668221338923505 24.295182904414965
15.049160422696472 -0.1733615512914827 24.295182904414965
15.049160422696472 -0.1733615512914827 24.295182904414965
15.049160422696472 -0.1733615512914827 24.295182904414965
15.049160422696472 -0.1733615512914827 24.295182904414965
15.049160422696472 -0.1733615512914827 24.295182904414965
15.049160422696472 -0.1733615512914827 24.295182904414965
15.049160422696472 -0.1733615512914827 24.295182904414965
15.049160422696472 -0.1733615512914827 24.295182904414965
15.049160422696472 -0.1733615512914827 24.295182904414965
15.049160422696472 -0.1733615512914827 24.295182904414965
15.049160422696472 -0.1733615512914827 24.295182904414965
15.049160422696472 -0.1733615512914827 24.295182904414965
15.049160422696472 -0.1733615512914827 24.295182904414965
15.049160422696472 -0.1733615512914827 24.295182904414965
15.049160422696472 -0.1733615512914827 24.295182904414965
15.049160422696472 -0.1733615512914827 24.295182904414965
15.049160422696472 -0.1733615512914827 24.295182904414965
15.049160422696472 -0.1733615512914827 24.295182904414965
15.049160422696472 -0.1733615512914827 24.295182904414965
15.049160422696472 -0.1733615512914827 24.295182904414965
15.049160422696472 -0.1733615512914827 24.295182904414965
15.049160422696472 -0.1733615512914827 24.295182904414965
15.049160422696472 -0.1733615512914827 24.295182904414965
15.049160422696472 -0.1733615512914827 24.295182904414965
15.049160422696472 -0.1733615512914827 24.295182904414965
15.049160422696472 -0.1733615512914827 24.295182904414965
15.049160422696472 -0.1733615512914827 24.295182904414965
15.049160422696472 -0.1733615512914827 24.295182904414965
15.049160422696472 -0.1733615512914827 24.295182904414965
15.049160422696472 -0.1733615512914827 24.295182904414965
15.049160422696472 -0.1733615512914827 24.295182904414965
15.049160422696472 -0.1733615512914827 24.295182904414965
15.049160422696472 -0.1733615512914827 24.295182904414965
15.049160422696472 -0.1733615512914827 24.295182904414965
15.049160422696472 -0.1733615512914827 24.295182904414965
15.049160422696472 -0.1733615512914827 24.295182904414965
15.049160422696472 -0.1733615512914827 24.295182904414965
15.049160422696472 -0.1733615512914827 24.295182904414965
15.049160422696472 -0.1733615512914827 24.295182904414965
15.049160422696472 -0.1733615512914827 24.295182904414965
15.049160422696472 -0.1733615512914827 24.295182904414965
15.049160422696472 -0.1733615512914827 24.295182904414965
15.049160422696472 -0.1733615512914827 24.295182904414965
15.049160422696472 -0.1733615512914827 24.295182904414965
15.049160422696472 -0.1733615512914827 24.295182904414965
15.049160422696472 -0.1733615512914827 24.295182904414965
15.049160422696472 -0.1733615512914827 24.295182904414965
15.049160422696472 -0.1733615512914827 24.295182904414965
15.049160422696472 -0.1733615512914827 24.295182904414965
15.049160422696472 -0.1733615512914827 24.295182904414965
15.049160422696472 -0.1733615512914827 24.295182904414965
15.049160422696472 -0.1733615512914827 24.295182904414965
15.049160422696472 -0.1733615512914827 24.295182904414965
15.049160422696472 -0.1733615512914827 24.295182904414965
15.049160422696472 -0.1733615512914827 24.295182904414965
15.049160422696472 -0.1733615512914827 24.295182904414965
15.049160422696472 -0.1733615512914827 24.295182904414965
15.049160422696472 -0.1733615512914827 24.295182904414965
15.049160422696472 -0.1733615512914827 24.295182904414965
15.049160422696472 -0.1733615512914827 24.295182904414965
15.049160422696472 -0.1733615512914827 24.295182904414965
15.049160422696472 -0.1733615512914827 24.295182904414965
15.049160422696472 -0.1733615512914827 24.295182904414965
15.049160422696472 -0.1733615512914827 24.295182904414965
15.049160422696472 -0.1733615512914827 24.295182904414965
15.049160422696472 -0.1733615512914827 24.295182904414965
15.049160422696472 -0.1733615512914827 24.295182904414965
15.049160422696472 -0.1733615512914827 24.295182904414965
15.049160422696472 -0.1733615512914827 24.295182904414965
15.049160422696472 -0.1733615512914827 24.295182904414965
15.049160422696472 -0.1733615512914827 24.295182904414965
15.049160422696472 -0.1733615512914827 24.295182904414965
15.049160422696472 -0.1733615512914827 24.295182904414965
15.049160422696472 -0.1733615512914827 24.295182904414965
15.049160422696472 -0.1733615512914827 24.295182904414965
15.049160422696472 -0.1733615512914827 24.295182904414965
15.049160422696472 -0.1733615512914827 24.295182904414965
15.049160422696472 -0.1733615512914827 24.295182904414965
15.049160422696472 -0.1733615512914827 24.295182904414965
15.049160422696472 -0.1733615512914827 24.295182904414965
15.049160422696472 -0.1733615512914827 24.295182904414965
15.049160422696472 -0.1733615512914827 24.295182904414965
15.049160422696472 -0.1733615512914827 24.295182904414965
15.049160422696472 -0.1733615512914827 24.295182904414965
15.049160422696472 -0.1733615512914827 24.295182904414965
15.049160422696472 -0.1733615512914827 24.295182904414965
15.049160422696472 -0.1733615512914827 24.295182904414965
15.049160422696472 -0.1733615512914827 24.295182904414965
15.049160422696472 -0.1733615512914827 24.295182904414965
15.049160422696472 -0.1733615512914827 24.295182904414965
15.049160422696472 -0.1733615512914827 24.295182904414965
15.049160422696472 -0.1733615512914827 24.295182904414965
15.049160422696472 -0.1733615512914827 24.295182904414965
15.049160422696472 -0.1733615512914827 24.295182904414965
15.049160422696472 -0.1733615512914827 24.295182904414965
15.049160422696472 -0.1733615512914827 24.295182904414965
15.049160422696472 -0.1733615512914827 24.295182904414965
15.049160422696472 -0.1733615512914827 24.295182904414965
15.049160422696472 -0.1733615512914827 24.295182904414965
15.049160422696472 -0.1733615512914827 24.295182904414965
15.049160422696472 -0.1733615512914827 24.295182904414965
15.049160422696472 -0.1733615512914827 24.295182904414965
15.049160422696472 -0.1733615512914827 24.295182904414965
15.049160422696472 -0.1733615512914827 24.295182904414965
15.049160422696472 -0.1733615512914827 24.295182904414965
15.049160422696472 -0.1733615512914827 24.295182904414965
15.049160422696472 -0.1733615512914827 24.295182904414965
15.049160422696472 -0.1733615512914827 24.295182904414965
15.049160422696472 -0.1733615512914827 24.295182904414965
15.049160422696472 -0.1733615512914827 24.295182904414965
15.049160422696472 -0.1733615512914827 24.295182904414965
15.049160422696472 -0.1733615512914827 24.295182904414965
15.049160422696472 -0.1733615512914827 24.295182904414965
15.049160422696472 -0.1733615512914827 24.295182904414965
15.049160422696472 -0.1733615512914827 24.295182904414965
15.049160422696472 -0.1733615512914827 24.295182904414965
15.049160422696472 -0.1733615512914827 24.295182904414965
15.049160422696472 -0.1733615512914827 24.295182904414965
15.049160422696472 -0.1733615512914827 24.295182904414965
15.049160422696472 -0.1733615512914827 24.295182904414965
15.049160422696472 -0.1733615512914827 24.295182904414965
15.049160422696472 -0.1733615512914827 24.295182904414965
15.049160422696472 -0.1733615512914827 24.295182904414965
15.049160422696472 -0.1733615512914827 24.295182904414965
15.049160422696472 -0.1733615512914827 24.295182904414965
15.049160422696472 -0.1733615512914827 24.295182904414965
15.049160422696472 -0.1733615512914827 24.295182904414965
15.049160422696472 -0.1733615512914827 24.295182904414965
15.049160422696472 -0.1733615512914827 24.295182904414965
15.049160422696472 -0.1733615512914827 24.295182904414965
15.049160422696472 -0.1733615512914827 24.295182904414965
15.049160422696472 -0.1733615512914827 24.295182904414965
15.049160422696472 -0.1733615512914827 24.295182904414965
15.049160422696472 -0.1733615512914827 24.295182904414965
15.049160422696472 -0.1733615512914827 24.295182904414965
15.049160422696472 -0.1733615512914827 24.295182904414965
15.049160422696472 -0.1733615512914827 24.295182904414965
15.049160422696472 -0.1733615512914827 24.295182904414965
15.049160422696472 -0.1733615512914827 24.295182904414965
15.049160422696472 -0.1733615512914827 24.295182904414965
15.049160422696472 -0.1733615512914827 24.295182904414965
15.049160422696472 -0.1733615512914827 24.295182904414965
15.049160422696472 -0.1733615512914827 24.295182904414965
15.049160422696472 -0.1733615512914827 24.295182904414965
15.049160422696472 -0.1733615512914827 24.295182904414965
15.049160422696472 -0.1733615512914827 24.295182904414965
15.049160422696472 -0.1733615512914827 24.295182904414965
15.049160422696472 -0.1733615512914827 24.295182904414965
15.049160422696472 -0.1733615512914827 24.295182904414965
15.049160422696472 -0.1733615512914827 24.295182904414965
15.049160422696472 -0.1733615512914827 24.295182904414965
15.049160422696472 -0.1733615512914827 24.295182904414965
15.049160422696472 -0.1733615512914827 24.295182904414965
15.049160422696472 -0.1733615512914827 24.295182904414965
15.049160422696472 -0.1733615512914827 24.295182904414965
15.049160422696472 -0.1733615512914827 24.295182904414965
15.049160422696472 -0.1733615512914827 24.295182904414965
15.049160422696472 -0.1733615512914827 24.295182904414965
15.049160422696472 -0.1733615512914827 24.295182904414965
15.049160422696472 -0.1733615512914827 24.295182904414965
15.049160422696472 -0.1733615512914827 24.295182904414965
15.049160422696472 -0.1733615512914827 24.295182904414965
15.049160422696472 -0.1733615512914827 24.295182904414965
15.049160422696472 -0.1733615512914827 24.295182904414965
15.049160422696472 -0.1733615512914827 24.295182904414965
15.049160422696472 -0.1733615512914827 24.295182904414965
15.049160422696472 -0.1733615512914827 24.295182904414965
15.049160422696472 -0.1733615512914827 24.295182904414965
15.049160422696472 -0.1733615512914827 24.295182904414965
15.049160422696472 -0.1733615512914827 24.295182904414965
15.049160422696472 -0.1733615512914827 24.295182904414965
15.049160422696472 -0.1733615512914827 24.295182904414965
15.049160422696472 -0.1733615512914827 24.295182904414965
15.049160422696472 -0.1733615512914827 24.295182904414965
15.049160422696472 -0.1733615512914827 24.295182904414965
15.049160422696472 -0.1733615512914827 24.295182904414965
15.049160422696472 -0.1733615512914827 24.295182904414965
15.049160422696472 -0.1733615512914827 24.295182904414965
15.049160422696472 -0.1733615512914827 24.295182904414965
15.049160422696472 -0.1733615512914827 24.295182904414965
15.049160422696472 -0.1733615512914827 24.295182904414965
15.049160422696472 -0.1733615512914827 24.295182904414965
15.049160422696472 -0.1733615512914827 24.295182904414965
15.049160422696472 -0.1733615512914827 24.295182904414965
15.049160422696472 -0.1733615512914827 24.295182904414965
15.049160422696472 -0.1733615512914827 24.295182904414965
15.049160422696472 -0.1733615512914827 24.295182904414965
15.049160422696472 -0.1733615512914827 24.295182904414965
15.049160422696472 -0.1733615512914827 24.295182904414965
15.049160422696472 -0.1733615512914827 24.295182904414965
15.049160422696472 -0.1733615512914827 24.295182904414965
15.049160422696472 -0.1733615512914827 24.295182904414965
15.049160422696472 -0.1733615512914827 24.295182904414965
15.049160422696472 -0.1733615512914827 24.295182904414965
15.049160422696472 -0.1733615512914827 24.295182904414965
15.049160422696472 -0.1733615512914827 24.295182904414965
15.049160422696472 -0.1733615512914827 24.295182904414965
15.049160422696472 -0.1733615512914827 24.295182904414965
15.049160422696472 -0.1733615512914827 24.295182904414965
15.049160422696472 -0.1733615512914827 24.295182904414965
15.049160422696472 -0.1733615512914827 24.295182904414965
15.049160422696472 -0.1733615512914827 24.295182904414965
15.049160422696472 -0.1733615512914827 24.295182904414965
15.049160422696472 -0.1733615512914827 24.295182904414965
15.049160422696472 -0.1733615512914827 24.295182904414965
15.049160422696472 -0.1733615512914827 24.295182904414965
15.049160422696472 -0.1733615512914827 24.295182904414965
15.049160422696472 -0.1733615512914827 24.295182904414965
15.049160422696472 -0.1733615512914827 24.295182904414965
15.049160422696472 -0.1733615512914827 24.295182904414965
15.02342039945803 -0.17306503439395762 24.351397064086044
15.02342039945803 -0.17306503439395762 24.351397064086044
15.02342039945803 -0.17306503439395762 24.351397064086044
15.02342039945803 -0.17306503439395762 24.351397064086044
15.02342039945803 -0.17306503439395762 24.351397064086044
15.02342039945803 -0.17306503439395762 24.351397064086044
15.02342039945803 -0.17306503439395762 24.351397064086044
15.02342039945803 -0.17306503439395762 24.351397064086044
15.02342039945803 -0.17306503439395762 24.351397064086044
15.02342039945803 -0.17306503439395762 24.351397064086044
15.02342039945803 -0.17306503439395762 24.351397064086044
15.02342039945803 -0.17306503439395762 24.351397064086044
15.02342039945803 -0.17306503439395762 24.351397064086044
15.02342039945803 -0.17306503439395762 24.351397064086044
15.02342039945803 -0.17306503439395762 24.351397064086044
15.02342039945803 -0.17306503439395762 24.351397064086044
15.02342039945803 -0.17306503439395762 24.351397064086044
15.02342039945803 -0.17306503439395762 24.351397064086044
15.02342039945803 -0.17306503439395762 24.351397064086044
15.02342039945803 -0.17306503439395762 24.351397064086044
15.02342039945803 -0.17306503439395762 24.351397064086044
15.02342039945803 -0.17306503439395762 24.351397064086044
15.02342039945803 -0.17306503439395762 24.351397064086044
15.02342039945803 -0.17306503439395762 24.351397064086044
15.02342039945803 -0.17306503439395762 24.351397064086044
15.02342039945803 -0.17306503439395762 24.351397064086044
15.02342039945803 -0.17306503439395762 24.351397064086044
15.02342039945803 -0.17306503439395762 24.351397064086044
15.02342039945803 -0.17306503439395762 24.351397064086044
15.02342039945803 -0.17306503439395762 24.351397064086044
15.02342039945803 -0.17306503439395762 24.351397064086044
15.02342039945803 -0.17306503439395762 24.351397064086044
15.02342039945803 -0.17306503439395762 24.351397064086044
15.02342039945803 -0.17306503439395762 24.351397064086044
15.02342039945803 -0.17306503439395762 24.351397064086044
15.02342039945803 -0.17306503439395762 24.351397064086044
15.02342039945803 -0.17306503439395762 24.351397064086044
15.02342039945803 -0.17306503439395762 24.351397064086044
15.02342039945803 -0.17306503439395762 24.351397064086044
15.02342039945803 -0.17306503439395762 24.351397064086044
15.02342039945803 -0.17306503439395762 24.351397064086044
15.02342039945803 -0.17306503439395762 24.351397064086044
15.02342039945803 -0.17306503439395762 24.351397064086044
15.02342039945803 -0.17306503439395762 24.351397064086044
15.02342039945803 -0.17306503439395762 24.351397064086044
15.02342039945803 -0.17306503439395762 24.351397064086044
15.02342039945803 -0.17306503439395762 24.351397064086044
15.02342039945803 -0.17306503439395762 24.351397064086044
15.02342039945803 -0.17306503439395762 24.351397064086044
15.02342039945803 -0.17306503439395762 24.351397064086044
15.02342039945803 -0.17306503439395762 24.351397064086044
15.02342039945803 -0.17306503439395762 24.351397064086044
15.02342039945803 -0.17306503439395762 24.351397064086044
15.02342039945803 -0.17306503439395762 24.351397064086044
15.02342039945803 -0.17306503439395762 24.351397064086044
15.02342039945803 -0.17306503439395762 24.351397064086044
15.02342039945803 -0.17306503439395762 24.351397064086044
15.02342039945803 -0.17306503439395762 24.351397064086044
15.02342039945803 -0.17306503439395762 24.351397064086044
15.02342039945803 -0.17306503439395762 24.351397064086044
15.02342039945803 -0.17306503439395762 24.351397064086044
15.02342039945803 -0.17306503439395762 24.351397064086044
15.02342039945803 -0.17306503439395762 24.351397064086044
15.02342039945803 -0.17306503439395762 24.351397064086044
15.02342039945803 -0.17306503439395762 24.351397064086044
15.02342039945803 -0.17306503439395762 24.351397064086044
15.02342039945803 -0.17306503439395762 24.351397064086044
15.02342039945803 -0.17306503439395762 24.351397064086044
15.02342039945803 -0.17306503439395762 24.351397064086044
15.02342039945803 -0.17306503439395762 24.351397064086044
15.02342039945803 -0.17306503439395762 24.351397064086044
15.02342039945803 -0.17306503439395762 24.351397064086044
15.02342039945803 -0.17306503439395762 24.351397064086044
15.02342039945803 -0.17306503439395762 24.351397064086044
15.02342039945803 -0.17306503439395762 24.351397064086044
15.02342039945803 -0.17306503439395762 24.351397064086044
15.02342039945803 -0.17306503439395762 24.351397064086044
15.02342039945803 -0.17306503439395762 24.351397064086044
15.02342039945803 -0.17306503439395762 24.351397064086044
15.02342039945803 -0.17306503439395762 24.351397064086044
15.02342039945803 -0.17306503439395762 24.351397064086044
15.02342039945803 -0.17306503439395762 24.351397064086044
15.02342039945803 -0.17306503439395762 24.351397064086044
15.02342039945803 -0.17306503439395762 24.351397064086044
15.02342039945803 -0.17306503439395762 24.351397064086044
15.02342039945803 -0.17306503439395762 24.351397064086044
15.02342039945803 -0.17306503439395762 24.351397064086044
15.02342039945803 -0.17306503439395762 24.351397064086044
15.02342039945803 -0.17306503439395762 24.351397064086044
15.02342039945803 -0.17306503439395762 24.351397064086044
15.02342039945803 -0.17306503439395762 24.351397064086044
15.02342039945803 -0.17306503439395762 24.351397064086044
15.02342039945803 -0.17306503439395762 24.351397064086044
15.02342039945803 -0.17306503439395762 24.351397064086044
15.02342039945803 -0.17306503439395762 24.351397064086044
15.02342039945803 -0.17306503439395762 24.351397064086044
15.02342039945803 -0.17306503439395762 24.351397064086044
15.02342039945803 -0.17306503439395762 24.351397064086044
15.02342039945803 -0.17306503439395762 24.351397064086044
15.02342039945803 -0.17306503439395762 24.351397064086044
15.02342039945803 -0.17306503439395762 24.351397064086044
15.02342039945803 -0.17306503439395762 24.351397064086044
15.02342039945803 -0.17306503439395762 24.351397064086044
15.02342039945803 -0.17306503439395762 24.351397064086044
15.02342039945803 -0.17306503439395762 24.351397064086044
15.02342039945803 -0.17306503439395762 24.351397064086044
15.02342039945803 -0.17306503439395762 24.351397064086044
15.02342039945803 -0.17306503439395762 24.351397064086044
15.02342039945803 -0.17306503439395762 24.351397064086044
15.02342039945803 -0.17306503439395762 24.351397064086044
15.02342039945803 -0.17306503439395762 24.351397064086044
15.02342039945803 -0.17306503439395762 24.351397064086044
15.02342039945803 -0.17306503439395762 24.351397064086044
15.02342039945803 -0.17306503439395762 24.351397064086044
15.02342039945803 -0.17306503439395762 24.351397064086044
15.02342039945803 -0.17306503439395762 24.351397064086044
15.02342039945803 -0.17306503439395762 24.351397064086044
15.02342039945803 -0.17306503439395762 24.351397064086044
15.02342039945803 -0.17306503439395762 24.351397064086044
15.02342039945803 -0.17306503439395762 24.351397064086044
15.02342039945803 -0.17306503439395762 24.351397064086044
15.02342039945803 -0.17306503439395762 24.351397064086044
15.02342039945803 -0.17306503439395762 24.351397064086044
15.02342039945803 -0.17306503439395762 24.351397064086044
15.02342039945803 -0.17306503439395762 24.351397064086044
15.02342039945803 -0.17306503439395762 24.351397064086044
15.02342039945803 -0.17306503439395762 24.351397064086044
15.02342039945803 -0.17306503439395762 24.351397064086044
15.02342039945803 -0.17306503439395762 24.351397064086044
15.02342039945803 -0.17306503439395762 24.351397064086044
15.02342039945803 -0.17306503439395762 24.351397064086044
15.02342039945803 -0.17306503439395762 24.351397064086044
15.02342039945803 -0.17306503439395762 24.351397064086044
15.02342039945803 -0.17306503439395762 24.351397064086044
15.02342039945803 -0.17306503439395762 24.351397064086044
15.02342039945803 -0.17306503439395762 24.351397064086044
15.02342039945803 -0.17306503439395762 24.351397064086044
15.02342039945803 -0.17306503439395762 24.351397064086044
15.02342039945803 -0.17306503439395762 24.351397064086044
15.02342039945803 -0.17306503439395762 24.351397064086044
15.02342039945803 -0.17306503439395762 24.351397064086044
15.02342039945803 -0.17306503439395762 24.351397064086044
15.02342039945803 -0.17306503439395762 24.351397064086044
15.02342039945803 -0.17306503439395762 24.351397064086044
15.02342039945803 -0.17306503439395762 24.351397064086044
15.02342039945803 -0.17306503439395762 24.351397064086044
15.02342039945803 -0.17306503439395762 24.351397064086044
15.02342039945803 -0.17306503439395762 24.351397064086044
15.02342039945803 -0.17306503439395762 24.351397064086044
15.02342039945803 -0.17306503439395762 24.351397064086044
15.02342039945803 -0.17306503439395762 24.351397064086044
15.02342039945803 -0.17306503439395762 24.351397064086044
15.02342039945803 -0.17306503439395762 24.351397064086044
15.02342039945803 -0.17306503439395762 24.351397064086044
15.02342039945803 -0.17306503439395762 24.351397064086044
15.02342039945803 -0.17306503439395762 24.351397064086044
15.02342039945803 -0.17306503439395762 24.351397064086044
15.02342039945803 -0.17306503439395762 24.351397064086044
15.02342039945803 -0.17306503439395762 24.351397064086044
15.02342039945803 -0.17306503439395762 24.351397064086044
15.02342039945803 -0.17306503439395762 24.351397064086044
15.02342039945803 -0.17306503439395762 24.351397064086044
15.02342039945803 -0.17306503439395762 24.351397064086044
15.02342039945803 -0.17306503439395762 24.351397064086044
15.02342039945803 -0.17306503439395762 24.351397064086044
15.02342039945803 -0.17306503439395762 24.351397064086044
15.02342039945803 -0.17306503439395762 24.351397064086044
15.02342039945803 -0.17306503439395762 24.351397064086044
15.02342039945803 -0.17306503439395762 24.351397064086044
15.02342039945803 -0.17306503439395762 24.351397064086044
15.02342039945803 -0.17306503439395762 24.351397064086044
15.02342039945803 -0.17306503439395762 24.351397064086044
15.02342039945803 -0.17306503439395762 24.351397064086044
15.02342039945803 -0.17306503439395762 24.351397064086044
15.02342039945803 -0.17306503439395762 24.351397064086044
15.02342039945803 -0.17306503439395762 24.351397064086044
15.02342039945803 -0.17306503439395762 24.351397064086044
15.02342039945803 -0.17306503439395762 24.351397064086044
15.02342039945803 -0.17306503439395762 24.351397064086044
15.02342039945803 -0.17306503439395762 24.351397064086044
15.02342039945803 -0.17306503439395762 24.351397064086044
15.02342039945803 -0.17306503439395762 24.351397064086044
15.02342039945803 -0.17306503439395762 24.351397064086044
15.02342039945803 -0.17306503439395762 24.351397064086044
15.02342039945803 -0.17306503439395762 24.351397064086044
15.02342039945803 -0.17306503439395762 24.351397064086044
15.02342039945803 -0.17306503439395762 24.351397064086044
15.02342039945803 -0.17306503439395762 24.351397064086044
15.02342039945803 -0.17306503439395762 24.351397064086044
15.02342039945803 -0.17306503439395762 24.351397064086044
15.02342039945803 -0.17306503439395762 24.351397064086044
15.02342039945803 -0.17306503439395762 24.351397064086044
15.02342039945803 -0.17306503439395762 24.351397064086044
15.02342039945803 -0.17306503439395762 24.351397064086044
15.02342039945803 -0.17306503439395762 24.351397064086044
15.02342039945803 -0.17306503439395762 24.351397064086044
15.02342039945803 -0.17306503439395762 24.351397064086044
14.997474527584817 -0.1727661461854987 24.40751649801662
14.997474527584817 -0.1727661461854987 24.40751649801662
14.944966634881897 -0.17216127192817493 24.519468174391847
14.91840531942291 -0.17185529400495683 24.575298912920985
