-0.3733031720946041 1.5920243875154344e-15 43.29973132863882
-0.42460638239211285 1.5919314396354198e-15 43.29821337456293
-0.5491429032742807 -0.0031628710434896228 43.29285406360868
-0.2705635078818837 -0.004675467112586907 43.283451821904855
-0.028841923369874733 -0.0009971022724530008 43.26383166682394
0.5985302948913397 0.037970974944115735 43.20800058655302
1.083570004170115 0.09384733296658844 43.146776296647644
1.7162981517368554 0.17857324619431242 43.05137912091798
2.303948194941924 0.2935078619309978 42.927863361925596
2.9538834870450335 0.44567824815457213 42.78387567521007
3.5746515356626642 0.6238765647847833 42.592874059187146
4.341531364143177 0.8612213645329561 42.36005998293975
4.962689890255458 1.1038373159343702 42.11030021682764
5.5715581785430555 1.4087863206759677 41.80502684853969
6.232243428313829 1.729525511865307 41.47147835590584
6.876536880583731 2.0369230226333497 41.105584558234085
7.527486655360467 2.419710338330872 40.6761773440852
8.017989554347638 2.782748162842925 40.27822740477428
8.63322242074077 3.220961732493877 39.78600644163062
9.262886049751238 3.639413399383838 39.26176072024067
9.584804839907918 4.023176860008008 38.78035011099227
10.319065130492664 4.542647201631061 38.02667077153976
10.695586561150996 5.005626895011472 37.45023911897306
11.03085957852728 5.4757662486772345 36.85062614659701
11.387188543887785 5.900036690757058 36.180477650063196
11.648063365146138 6.292830721824755 35.58735747896226
11.933371832507085 6.806675120308996 34.7714607832987
12.222092275434887 7.254062441296079 34.03657301387986
12.366239730032982 7.631583415836497 33.39189484302593
12.49350644780152 8.011453998926612 32.68010800272097
12.568499994540337 8.369476257415071 32.012047284105805
12.610458036766804 8.715623900024214 31.334737353236765
12.579962457605978 9.019659152774167 30.707411509391804
12.642895000156097 9.287129665415032 30.01543030928485
12.647659032360998 9.516858325646998 29.31866261743769
12.564324555715425 9.798680992152615 28.676283399719026
12.512607491107612 9.992259392131036 28.031526114548644
12.466508256160736 10.1928230842238 27.32538405290688
12.340972393386757 10.329638562730034 26.73906349377582
12.22543742006749 10.474766479846485 26.15194106728098
12.109782959563395 10.619994627487866 25.447843524813234
11.928555292732117 10.706639119845024 24.866664808743597
11.766269865883457 10.808275072691412 24.344414282824054
11.571984998884334 10.878225044545989 23.7108080269735
11.354896901183448 10.92324500786018 23.19837769863957
11.217235152637684 10.915905518104829 22.573600210857556
10.988360019091916 10.94242821645992 22.12728169177983
10.743915952293763 10.9483669557517 21.461125084676922
10.444104798534863 10.89101178231821 21.031688808468328
10.28426613725009 10.848725959888172 20.544171515617112
10.05745340615793 10.73260069796917 20.12410416793614
9.793300178644639 10.695004384685857 19.653333513557552
9.602094798402991 10.608224072557471 19.241390247791877
9.379914594148303 10.48349650938856 18.839100742499248
9.173122529180661 10.371976028987564 18.493031629674576
8.962135800025576 10.25179750136064 18.152739878895307
8.748366834908719 10.124358505815472 17.768311248115246
8.552618052489658 10.013829135883789 17.43812957694125
8.329513740488263 9.867123396411127 17.117434870186056
8.127683390572724 9.741311920745623 16.847861677619246
7.898889234956382 9.578712193938216 16.539735337831925
7.692787278167989 9.439014262070977 16.281237998414944
7.538430875127347 9.249619672430176 16.028052061761027
7.331757323989155 9.10258912326942 15.824228654521889
7.1395814697211035 8.969255833656012 15.534948523924388
6.9818734813829 8.771131713857734 15.34059644162834
6.767534874461646 8.603092051678036 15.108881916312212
6.585398411466337 8.471511385160845 14.960683651910626
6.417792733849475 8.255902045006634 14.738827217401658
6.251510432626064 8.138300421016252 14.555551468711842
6.115123056707731 7.9607494993918255 14.417435466352421
5.9997391164406455 7.8105411329859376 14.279062244265125
5.809803724803764 7.6541337406820595 14.11002491856198
5.699911995148773 7.509356733468691 14.013605165215314
5.581827460117587 7.353786103780081 13.883693743987369
5.470418150745365 7.2070097591246824 13.790898177677665
5.3724547199062975 7.077947705248912 13.663288611264218
5.259592862317808 6.929257698990001 13.574314060464705
5.168223899036385 6.808883535278111 13.484244416168503
5.084877865040797 6.699079190557462 13.427740814625775
4.992526341075661 6.577410550949703 13.340455617018065
4.899600146989749 6.454984811417483 13.254855217972258
4.815226854370658 6.343827103440001 13.201212719518427
4.730601135994513 6.232336836808972 13.148192596282632
4.667845840433976 6.149659788166921 13.093582595376796
4.582731012199977 6.037525143095031 13.041950119803884
4.519498421288147 5.954219281049696 12.988867669903323
4.456032272970242 5.870605718485218 12.936553294584947
4.402088727303197 5.7995377216061845 12.912766106327968
4.348083609093852 5.728388605898384 12.889037854474033
4.2841605892524575 5.644173137330067 12.838268020121708
4.252115130594446 5.601954804668888 12.813174077839367
4.220014279843314 5.559663495620037 12.788274569158466
4.165725886724473 5.488141179001266 12.765382627445467
4.133515546216665 5.445705622525045 12.740872986822106
4.111379096270291 5.416541926734412 12.742551602028152
4.089239075255049 5.387373526234292 12.744096011014268
4.056974638554525 5.344866700656131 12.719781799609674
4.034831343890898 5.315693987283535 12.72119198162887
4.043066502956628 5.263318389662643 12.722467917737312
4.043066502956628 5.263318389662643 12.722467917737312
4.020749856053512 5.234266278361757 12.72360959079456
4.020749856053512 5.234266278361757 12.72360959079456
4.020749856053512 5.234266278361757 12.72360959079456
4.020749856053512 5.234266278361757 12.72360959079456
4.020749856053512 5.234266278361757 12.72360959079456
4.020749856053512 5.234266278361757 12.72360959079456
3.998430809982895 5.205211043792328 12.724616985463822
3.998430809982895 5.205211043792328 12.724616985463822
3.998430809982895 5.205211043792328 12.724616985463822
3.998430809982895 5.205211043792328 12.724616985463822
3.998430809982895 5.205211043792328 12.724616985463822
3.998430809982895 5.205211043792328 12.724616985463822
3.998430809982895 5.205211043792328 12.724616985463822
4.008618386507285 5.218473368027586 12.749804299616741
4.008618386507285 5.218473368027586 12.749804299616741
4.008618386507285 5.218473368027586 12.749804299616741
4.008618386507285 5.218473368027586 12.749804299616741
4.008618386507285 5.218473368027586 12.749804299616741
4.008618386507285 5.218473368027586 12.749804299616741
4.008618386507285 5.218473368027586 12.749804299616741
4.008618386507285 5.218473368027586 12.749804299616741
4.008618386507285 5.218473368027586 12.749804299616741
4.008618386507285 5.218473368027586 12.749804299616741
4.008618386507285 5.218473368027586 12.749804299616741
4.008618386507285 5.218473368027586 12.749804299616741
4.030939531919976 5.247531335548781 12.748931196868416
4.030939531919976 5.247531335548781 12.748931196868416
4.041072602670619 5.260722703434175 12.774313940240107
4.073471877082824 5.302900514929677 12.799018680829203
4.073471877082824 5.302900514929677 12.799018680829203
4.115780915539332 5.357978990634749 12.849750930890915
4.148012756243709 5.399938834675891 12.87503896967238
4.18018791872649 5.441824894245319 12.900520765243234
4.212305970758986 5.483636606661911 12.926195975290899
4.266689425780849 5.5544337203627725 12.951325455806066
4.285988708898908 5.579557786877212 13.004983115746777
4.340198456786053 5.650128766292153 13.030824023156567
4.3720245001914755 5.691560337947839 13.05746108012347
4.413172653227472 5.7451275573879945 13.111913237783272
4.476403090888386 5.827441792160966 13.166523238689106
4.507926437484998 5.868479309036911 13.194113197017613
4.561712415532661 5.938498619171245 13.22128814841232
4.602123909178285 5.991106845502227 13.278018448290362
4.664607534290597 6.072448869647987 13.334897665871829
4.7045098446212466 6.124394234286375 13.392997394146073
4.744152240822226 6.1760012392125425 13.451710044590529
4.805858836859308 6.256331716450043 13.510830972562749
4.8589392631005675 6.325432529746696 13.540333652036617
4.920246130263039 6.40524263455523 13.600564781041136
4.9589558466390855 6.455635464332251 13.661867842562232
5.0197182205358 6.5347367404790235 13.723567888934772
5.080203442908179 6.613477217041199 13.785997440569476
5.148077367920192 6.701836406145081 13.881203744807346
5.230182669068123 6.8087221922444865 13.945240794593984
5.267345221746699 6.857100903496679 14.010398444801128
5.326543261006935 6.934165707759118 14.076068695171605
5.385446461989757 7.010846687583755 14.142449520257586
5.4440516595745265 7.087139722573943 14.209537353133756
5.502355704653602 7.1630407131789715 14.277328588884245
5.538028020467781 7.209479414023819 14.345886752862196
5.624450311760893 7.321985115997106 14.449927236113899
5.659348315160939 7.36741580651967 14.520084281225897
5.716258641582062 7.441502435417552 14.590995210264895
5.79517823298929 7.544241021699664 14.662656212883737
5.829121716943459 7.588429105960595 14.734861937842215
5.907395845102293 7.69032741949858 14.8078771738725
5.968373899885669 7.769709471926482 14.918489476310034
6.0234968617007745 7.841469285523897 14.993108253606232
6.078285135446059 7.912793397687411 15.068388329164673
6.132735777113502 7.983677975867762 15.144325657865263
6.1868458608375105 8.054119211133738 15.220916159270919
6.24061247905211 8.124113318376823 15.298155717846777
6.294032742647195 8.193656536514597 15.376040183181388
6.373507449038666 8.297117778954554 15.494066917105846
6.429859650810028 8.37047783367151 15.613319493874917
6.481865979355948 8.43818037213196 15.69374139244223
6.533511789968265 8.505413583494192 15.774786930432322
6.584794307496934 8.572173855030526 15.856451752922194
6.635710776313195 8.638457599426355 15.938731471712034
6.68625846045765 8.70426125497291 16.021621665561046
6.736434643787287 8.769581285758658 16.10511788042498
6.786236630121407 8.834414181859284 16.189215629695507
6.835661743386519 8.898756459526293 16.27391039444126
6.884707327760129 8.96260466137422 16.359197623650687
6.955697891708977 9.055021132993287 16.445274237771926
7.003976532548559 9.117870917426234 16.53173261577776
7.051867799956765 9.180216413912511 16.618769615185485
7.099369120531198 9.242054272362239 16.706380559125282
7.146477941822959 9.303381169963092 16.794560739886833
7.192211817194584 9.36291814445955 16.838929982611436
7.239507982352266 9.424488928826541 16.97260982835093
7.33934364610467 9.441392816769511 17.0175376012878
7.38540093386955 9.500641295493358 17.10767259840123
7.431051478922467 9.559366537003607 17.19835527280996
7.476292828264609 9.617565385742154 17.289580751746477
7.576486376879629 9.631455313891557 17.427358829682152
7.621020957984504 9.688069000830058 17.519919810819065
7.721791022315615 9.70066935532601 17.566464852121463
7.766014386133643 9.756225926196576 17.659812242110192
7.809810409306025 9.811245641006998 17.753677640572285
7.853176738485338 9.865725543312951 17.848056003718888
7.954536426608708 9.87578742146675 17.89536879525456
7.974571133125838 9.900661090025586 17.99057425616833
8.017158315834173 9.953534311134964 18.086212784233496
8.059304590385517 10.005860131994057 18.18234640844922
8.161011571026954 10.013523294796547 18.23053010030732
8.202788170398163 10.064782988198543 18.32739667487924
8.281486663492467 10.042674979727078 18.376011088259098
8.322877640728555 10.09286839889996 18.47359890187926
8.340494023351283 10.114231182200507 18.571728160195505
8.384107993169078 10.167120348270966 18.62086824532423
8.427606770131948 10.219869823915177 18.669990586419893
8.444304438424153 10.240118513841484 18.769186900139108
8.54297147040251 10.23904916371965 18.868640103987293
8.562710344556645 10.262706892602496 18.918536934385568
8.605812455000981 10.314366274754082 18.968344853918893
8.70423391035317 10.311016073748188 19.06869878813473
8.742916374913213 10.35683923497739 19.169495010893858
8.82171480678273 10.328900953890125 19.220057288831423
8.84088698464697 10.351348690023904 19.270728105984613
8.878868855873797 10.395819747469977 19.37239263372031
8.897678039002619 10.41784247137529 19.423384978580874
8.976345981345165 10.388195477210198 19.474483131231533
9.018999415284384 10.437557679876596 19.525350569421647
9.097656949347808 10.406820300724963 19.576658276941874
9.110545955484563 10.421564049743743 19.6799200699518
9.15878887310101 10.476749178971223 19.679114070305143
9.171181285485648 10.490924873822923 19.782919636338654
9.189250776648702 10.511594585651629 19.83473914496801
9.267702756542018 10.4789171330541 19.88665893090323
9.285638858822802 10.499197339964885 19.93867829667398
9.363880902482261 10.465576394133095 19.99079654347223
9.381678766865896 10.485468243602257 20.043012971161602
9.399348899077214 10.505217332732915 20.095326878286823
9.416891061742502 10.52482339622345 20.147737562083076
9.494878931154322 10.489773883532402 20.200244318485534
9.51947303520947 10.516945013599168 20.1997741546567
9.529542437176271 10.528069510345256 20.305543226406094
9.554136541231427 10.555240640412029 20.305073062577254
9.571273816053074 10.5741735977633 20.35786379955056
9.588281131213565 10.592962977985321 20.41074778005945
9.673881705726517 10.564590625465362 20.410143294535583
9.690865942894687 10.58313866215071 20.463119808157153
9.682970077800286 10.574515796491015 20.516792628749275
9.768618090523818 10.545455393076107 20.516188143225406
9.785444514909456 10.563619918103026 20.56934758684084
9.777234303548662 10.554756799812326 20.62320191040393
9.802138419593348 10.581641384962397 20.622597424880066
9.818699580316034 10.59951955156081 20.675936942005347
9.871056755365723 10.53369141710025 20.729969907198132
9.896115301579892 10.560432119714255 20.72936542167426
9.921172164524304 10.587171026062205 20.7286266225758
9.912511353910826 10.57792882346067 20.78288214614927
9.998481552383362 10.547255869227087 20.7821433470508
9.998481552383362 10.547255869227087 20.7821433470508
10.023689971663723 10.573847871904267 20.78127024430247
10.014843049911134 10.56451538007631 20.835747597408925
10.040051469191495 10.591107382753492 20.834874494660596
10.040051469191495 10.591107382753492 20.834874494660596
10.065257517576718 10.61769688440714 20.833867099991334
10.065257517576718 10.61769688440714 20.833867099991334
10.065257517576718 10.61769688440714 20.833867099991334
10.090460856458494 10.644283527844168 20.832725426934083
10.090460856458494 10.644283527844168 20.832725426934083
10.090460856458494 10.644283527844168 20.832725426934083
10.115661147264914 10.670866955909892 20.83144949082564
10.115661147264914 10.670866955909892 20.83144949082564
10.115661147264914 10.670866955909892 20.83144949082564
10.115661147264914 10.670866955909892 20.83144949082564
10.115661147264914 10.670866955909892 20.83144949082564
10.115661147264914 10.670866955909892 20.83144949082564
10.115661147264914 10.670866955909892 20.83144949082564
10.115661147264914 10.670866955909892 20.83144949082564
10.115661147264914 10.670866955909892 20.83144949082564
10.115661147264914 10.670866955909892 20.83144949082564
10.115661147264914 10.670866955909892 20.83144949082564
10.115661147264914 10.670866955909892 20.83144949082564
10.115661147264914 10.670866955909892 20.83144949082564
10.115661147264914 10.670866955909892 20.83144949082564
10.115661147264914 10.670866955909892 20.83144949082564
10.115661147264914 10.670866955909892 20.83144949082564
10.115661147264914 10.670866955909892 20.83144949082564
10.115661147264914 10.670866955909892 20.83144949082564
10.115661147264914 10.670866955909892 20.83144949082564
10.115661147264914 10.670866955909892 20.83144949082564
10.115661147264914 10.670866955909892 20.83144949082564
10.115661147264914 10.670866955909892 20.83144949082564
10.115661147264914 10.670866955909892 20.83144949082564
10.115661147264914 10.670866955909892 20.83144949082564
10.115661147264914 10.670866955909892 20.83144949082564
10.115661147264914 10.670866955909892 20.83144949082564
10.115661147264914 10.670866955909892 20.83144949082564
10.115661147264914 10.670866955909892 20.83144949082564
10.115661147264914 10.670866955909892 20.83144949082564
10.115661147264914 10.670866955909892 20.83144949082564
10.115661147264914 10.670866955909892 20.83144949082564
10.115661147264914 10.670866955909892 20.83144949082564
10.115661147264914 10.670866955909892 20.83144949082564
10.115661147264914 10.670866955909892 20.83144949082564
10.115661147264914 10.670866955909892 20.83144949082564
10.115661147264914 10.670866955909892 20.83144949082564
10.115661147264914 10.670866955909892 20.83144949082564
10.115661147264914 10.670866955909892 20.83144949082564
10.115661147264914 10.670866955909892 20.83144949082564
10.115661147264914 10.670866955909892 20.83144949082564
10.115661147264914 10.670866955909892 20.83144949082564
10.115661147264914 10.670866955909892 20.83144949082564
10.115661147264914 10.670866955909892 20.83144949082564
10.115661147264914 10.670866955909892 20.83144949082564
10.115661147264914 10.670866955909892 20.83144949082564
10.115661147264914 10.670866955909892 20.83144949082564
10.115661147264914 10.670866955909892 20.83144949082564
10.115661147264914 10.670866955909892 20.83144949082564
10.115661147264914 10.670866955909892 20.83144949082564
10.115661147264914 10.670866955909892 20.83144949082564
10.115661147264914 10.670866955909892 20.83144949082564
10.115661147264914 10.670866955909892 20.83144949082564
10.115661147264914 10.670866955909892 20.83144949082564
10.115661147264914 10.670866955909892 20.83144949082564
10.115661147264914 10.670866955909892 20.83144949082564
10.115661147264914 10.670866955909892 20.83144949082564
10.115661147264914 10.670866955909892 20.83144949082564
10.115661147264914 10.670866955909892 20.83144949082564
10.115661147264914 10.670866955909892 20.83144949082564
10.115661147264914 10.670866955909892 20.83144949082564
10.115661147264914 10.670866955909892 20.83144949082564
10.115661147264914 10.670866955909892 20.83144949082564
10.115661147264914 10.670866955909892 20.83144949082564
10.115661147264914 10.670866955909892 20.83144949082564
10.115661147264914 10.670866955909892 20.83144949082564
10.115661147264914 10.670866955909892 20.83144949082564
10.115661147264914 10.670866955909892 20.83144949082564
10.115661147264914 10.670866955909892 20.83144949082564
10.115661147264914 10.670866955909892 20.83144949082564
10.115661147264914 10.670866955909892 20.83144949082564
10.115661147264914 10.670866955909892 20.83144949082564
10.115661147264914 10.670866955909892 20.83144949082564
10.115661147264914 10.670866955909892 20.83144949082564
10.115661147264914 10.670866955909892 20.83144949082564
10.115661147264914 10.670866955909892 20.83144949082564
10.115661147264914 10.670866955909892 20.83144949082564
10.115661147264914 10.670866955909892 20.83144949082564
10.115661147264914 10.670866955909892 20.83144949082564
10.115661147264914 10.670866955909892 20.83144949082564
10.115661147264914 10.670866955909892 20.83144949082564
10.115661147264914 10.670866955909892 20.83144949082564
10.115661147264914 10.670866955909892 20.83144949082564
10.115661147264914 10.670866955909892 20.83144949082564
10.115661147264914 10.670866955909892 20.83144949082564
10.115661147264914 10.670866955909892 20.83144949082564
10.115661147264914 10.670866955909892 20.83144949082564
10.115661147264914 10.670866955909892 20.83144949082564
10.115661147264914 10.670866955909892 20.83144949082564
10.115661147264914 10.670866955909892 20.83144949082564
10.115661147264914 10.670866955909892 20.83144949082564
10.115661147264914 10.670866955909892 20.83144949082564
10.115661147264914 10.670866955909892 20.83144949082564
10.115661147264914 10.670866955909892 20.83144949082564
10.115661147264914 10.670866955909892 20.83144949082564
10.115661147264914 10.670866955909892 20.83144949082564
10.115661147264914 10.670866955909892 20.83144949082564
10.115661147264914 10.670866955909892 20.83144949082564
10.115661147264914 10.670866955909892 20.83144949082564
10.115661147264914 10.670866955909892 20.83144949082564
10.090460856458494 10.644283527844168 20.832725426934083
10.090460856458494 10.644283527844168 20.832725426934083
10.090460856458494 10.644283527844168 20.832725426934083
10.090460856458494 10.644283527844168 20.832725426934083
10.090460856458494 10.644283527844168 20.832725426934083
10.090460856458494 10.644283527844168 20.832725426934083
10.090460856458494 10.644283527844168 20.832725426934083
10.090460856458494 10.644283527844168 20.832725426934083
10.090460856458494 10.644283527844168 20.832725426934083
10.090460856458494 10.644283527844168 20.832725426934083
10.090460856458494 10.644283527844168 20.832725426934083
10.090460856458494 10.644283527844168 20.832725426934083
10.090460856458494 10.644283527844168 20.832725426934083
10.090460856458494 10.644283527844168 20.832725426934083
10.090460856458494 10.644283527844168 20.832725426934083
10.090460856458494 10.644283527844168 20.832725426934083
10.090460856458494 10.644283527844168 20.832725426934083
10.090460856458494 10.644283527844168 20.832725426934083
10.090460856458494 10.644283527844168 20.832725426934083
10.090460856458494 10.644283527844168 20.832725426934083
10.090460856458494 10.644283527844168 20.832725426934083
10.090460856458494 10.644283527844168 20.832725426934083
10.090460856458494 10.644283527844168 20.832725426934083
10.090460856458494 10.644283527844168 20.832725426934083
10.090460856458494 10.644283527844168 20.832725426934083
10.090460856458494 10.644283527844168 20.832725426934083
10.090460856458494 10.644283527844168 20.832725426934083
10.090460856458494 10.644283527844168 20.832725426934083
10.090460856458494 10.644283527844168 20.832725426934083
10.090460856458494 10.644283527844168 20.832725426934083
10.090460856458494 10.644283527844168 20.832725426934083
10.090460856458494 10.644283527844168 20.832725426934083
10.090460856458494 10.644283527844168 20.832725426934083
10.090460856458494 10.644283527844168 20.832725426934083
10.090460856458494 10.644283527844168 20.832725426934083
10.090460856458494 10.644283527844168 20.832725426934083
10.090460856458494 10.644283527844168 20.832725426934083
10.090460856458494 10.644283527844168 20.832725426934083
10.090460856458494 10.644283527844168 20.832725426934083
10.090460856458494 10.644283527844168 20.832725426934083
10.090460856458494 10.644283527844168 20.832725426934083
10.090460856458494 10.644283527844168 20.832725426934083
10.090460856458494 10.644283527844168 20.832725426934083
10.090460856458494 10.644283527844168 20.832725426934083
10.065257517576718 10.61769688440714 20.833867099991334
10.065257517576718 10.61769688440714 20.833867099991334
10.065257517576718 10.61769688440714 20.833867099991334
10.065257517576718 10.61769688440714 20.833867099991334
10.040051469191495 10.591107382753492 20.834874494660596
10.014843049911134 10.56451538007631 20.835747597408925
10.014843049911134 10.56451538007631 20.835747597408925
9.989632598375781 10.537921233602267 20.83648639650739
9.989632598375781 10.537921233602267 20.83648639650739
9.964420453252899 10.511325300586844 20.837090882031255
9.964420453252899 10.511325300586844 20.837090882031255
9.93920695323268 10.484727938309508 20.8375610458601
9.913992437023543 10.458129504068944 20.83789688167791
9.913992437023543 10.458129504068944 20.83789688167791
9.97406216866331 10.400855860018288 20.83789688167791
9.948694193963213 10.37440238059791 20.838098384973218
9.92332587847498 10.34794854580695 20.838165553039083
9.982760862052126 10.290622972792258 20.838165553039083
10.041864690045681 10.232956031562585 20.838165553039083
10.016193338054732 10.206796167403635 20.83809838497321
9.990522330922795 10.18063665466618 20.83789688167791
10.04899255796756 10.122926835106155 20.83789688167791
10.107129432341559 10.06488121027241 20.83789688167791
10.081159496824228 10.039019830167394 20.837561045860095
10.13881257068174 9.98079032980302 20.837561045860095
10.112695168497643 9.955079990121583 20.837090882031255
10.169864263193507 9.89667025058905 20.837090882031255
10.169864263193507 9.89667025058905 20.837090882031255
10.143600625499326 9.871112135444784 20.836486396507393
10.200285590134722 9.812525786964617 20.836486396507393
10.200285590134722 9.812525786964617 20.836486396507393
10.173876958775978 9.787121069232333 20.83574759740892
10.230077670097673 9.72836173566203 20.83574759740892
10.230077670097673 9.72836173566203 20.83574759740892
10.203525297503173 9.70311157687835 20.834874494660593
10.259241659800951 9.644182875492486 20.834874494660593
10.232546808876355 9.619088425757518 20.833867099991327
10.232546808876355 9.619088425757518 20.833867099991327
10.232546808876355 9.619088425757518 20.833867099991327
10.232546808876355 9.619088425757518 20.833867099991327
10.205854827492816 9.593996673529787 20.832725426934086
10.179166074220072 9.56890795588219 20.83144949082564
10.179166074220072 9.56890795588219 20.83144949082564
10.179166074220072 9.56890795588219 20.83144949082564
10.152480907584518 9.543822609846853 20.830039308806448
10.152480907584518 9.543822609846853 20.830039308806448
10.152480907584518 9.543822609846853 20.830039308806448
10.125799686064365 9.518740972410614 20.82849489982033
10.125799686064365 9.518740972410614 20.82849489982033
10.125799686064365 9.518740972410614 20.82849489982033
10.125799686064365 9.518740972410614 20.82849489982033
10.125799686064365 9.518740972410614 20.82849489982033
10.099122768084817 9.49366338051048 20.826816284614285
10.099122768084817 9.49366338051048 20.826816284614285
10.072450512013269 9.468590171029133 20.825003485738186
10.072450512013269 9.468590171029133 20.825003485738186
10.072450512013269 9.468590171029133 20.825003485738186
10.072450512013269 9.468590171029133 20.825003485738186
10.04578327615449 9.443521680790361 20.823056527544455
10.04578327615449 9.443521680790361 20.823056527544455
10.04578327615449 9.443521680790361 20.823056527544455
10.04578327615449 9.443521680790361 20.823056527544455
10.04578327615449 9.443521680790361 20.823056527544455
10.019121418745824 9.418458246554568 20.820975436187798
10.019121418745824 9.418458246554568 20.820975436187798
10.019121418745824 9.418458246554568 20.820975436187798
10.019121418745824 9.418458246554568 20.820975436187798
10.019121418745824 9.418458246554568 20.820975436187798
9.992465297952334 9.393400205014233 20.81876023962478
9.992465297952334 9.393400205014233 20.81876023962478
9.992465297952334 9.393400205014233 20.81876023962478
9.992465297952334 9.393400205014233 20.81876023962478
9.992465297952334 9.393400205014233 20.81876023962478
9.992465297952334 9.393400205014233 20.81876023962478
9.992465297952334 9.393400205014233 20.81876023962478
9.992465297952334 9.393400205014233 20.81876023962478
9.992465297952334 9.393400205014233 20.81876023962478
9.992465297952334 9.393400205014233 20.81876023962478
9.992465297952334 9.393400205014233 20.81876023962478
9.992465297952334 9.393400205014233 20.81876023962478
9.992465297952334 9.393400205014233 20.81876023962478
9.992465297952334 9.393400205014233 20.81876023962478
9.992465297952334 9.393400205014233 20.81876023962478
9.992465297952334 9.393400205014233 20.81876023962478
9.992465297952334 9.393400205014233 20.81876023962478
9.992465297952334 9.393400205014233 20.81876023962478
9.992465297952334 9.393400205014233 20.81876023962478
9.992465297952334 9.393400205014233 20.81876023962478
9.992465297952334 9.393400205014233 20.81876023962478
9.992465297952334 9.393400205014233 20.81876023962478
9.992465297952334 9.393400205014233 20.81876023962478
9.992465297952334 9.393400205014233 20.81876023962478
9.992465297952334 9.393400205014233 20.81876023962478
9.992465297952334 9.393400205014233 20.81876023962478
9.992465297952334 9.393400205014233 20.81876023962478
9.992465297952334 9.393400205014233 20.81876023962478
9.992465297952334 9.393400205014233 20.81876023962478
9.992465297952334 9.393400205014233 20.81876023962478
9.992465297952334 9.393400205014233 20.81876023962478
9.992465297952334 9.393400205014233 20.81876023962478
9.992465297952334 9.393400205014233 20.81876023962478
9.992465297952334 9.393400205014233 20.81876023962478
9.992465297952334 9.393400205014233 20.81876023962478
9.992465297952334 9.393400205014233 20.81876023962478
9.992465297952334 9.393400205014233 20.81876023962478
9.992465297952334 9.393400205014233 20.81876023962478
9.992465297952334 9.393400205014233 20.81876023962478
9.992465297952334 9.393400205014233 20.81876023962478
9.992465297952334 9.393400205014233 20.81876023962478
9.992465297952334 9.393400205014233 20.81876023962478
9.992465297952334 9.393400205014233 20.81876023962478
9.992465297952334 9.393400205014233 20.81876023962478
9.992465297952334 9.393400205014233 20.81876023962478
9.992465297952334 9.393400205014233 20.81876023962478
9.992465297952334 9.393400205014233 20.81876023962478
9.992465297952334 9.393400205014233 20.81876023962478
9.992465297952334 9.393400205014233 20.81876023962478
9.992465297952334 9.393400205014233 20.81876023962478
9.992465297952334 9.393400205014233 20.81876023962478
9.992465297952334 9.393400205014233 20.81876023962478
9.992465297952334 9.393400205014233 20.81876023962478
9.992465297952334 9.393400205014233 20.81876023962478
9.992465297952334 9.393400205014233 20.81876023962478
9.992465297952334 9.393400205014233 20.81876023962478
9.992465297952334 9.393400205014233 20.81876023962478
9.992465297952334 9.393400205014233 20.81876023962478
9.992465297952334 9.393400205014233 20.81876023962478
9.992465297952334 9.393400205014233 20.81876023962478
9.992465297952334 9.393400205014233 20.81876023962478
9.992465297952334 9.393400205014233 20.81876023962478
9.992465297952334 9.393400205014233 20.81876023962478
9.992465297952334 9.393400205014233 20.81876023962478
9.992465297952334 9.393400205014233 20.81876023962478
9.992465297952334 9.393400205014233 20.81876023962478
9.992465297952334 9.393400205014233 20.81876023962478
9.992465297952334 9.393400205014233 20.81876023962478
9.992465297952334 9.393400205014233 20.81876023962478
9.992465297952334 9.393400205014233 20.81876023962478
9.992465297952334 9.393400205014233 20.81876023962478
9.992465297952334 9.393400205014233 20.81876023962478
9.992465297952334 9.393400205014233 20.81876023962478
9.992465297952334 9.393400205014233 20.81876023962478
9.992465297952334 9.393400205014233 20.81876023962478
9.992465297952334 9.393400205014233 20.81876023962478
9.992465297952334 9.393400205014233 20.81876023962478
9.992465297952334 9.393400205014233 20.81876023962478
9.992465297952334 9.393400205014233 20.81876023962478
9.992465297952334 9.393400205014233 20.81876023962478
9.992465297952334 9.393400205014233 20.81876023962478
9.992465297952334 9.393400205014233 20.81876023962478
9.992465297952334 9.393400205014233 20.81876023962478
9.992465297952334 9.393400205014233 20.81876023962478
9.992465297952334 9.393400205014233 20.81876023962478
9.992465297952334 9.393400205014233 20.81876023962478
9.992465297952334 9.393400205014233 20.81876023962478
9.992465297952334 9.393400205014233 20.81876023962478
9.992465297952334 9.393400205014233 20.81876023962478
9.992465297952334 9.393400205014233 20.81876023962478
9.992465297952334 9.393400205014233 20.81876023962478
9.992465297952334 9.393400205014233 20.81876023962478
9.992465297952334 9.393400205014233 20.81876023962478
9.992465297952334 9.393400205014233 20.81876023962478
9.992465297952334 9.393400205014233 20.81876023962478
9.992465297952334 9.393400205014233 20.81876023962478
9.992465297952334 9.393400205014233 20.81876023962478
9.992465297952334 9.393400205014233 20.81876023962478
9.992465297952334 9.393400205014233 20.81876023962478
9.992465297952334 9.393400205014233 20.81876023962478
9.992465297952334 9.393400205014233 20.81876023962478
9.992465297952334 9.393400205014233 20.81876023962478
9.992465297952334 9.393400205014233 20.81876023962478
9.992465297952334 9.393400205014233 20.81876023962478
9.992465297952334 9.393400205014233 20.81876023962478
9.992465297952334 9.393400205014233 20.81876023962478
9.992465297952334 9.393400205014233 20.81876023962478
9.992465297952334 9.393400205014233 20.81876023962478
9.992465297952334 9.393400205014233 20.81876023962478
9.992465297952334 9.393400205014233 20.81876023962478
9.992465297952334 9.393400205014233 20.81876023962478
9.992465297952334 9.393400205014233 20.81876023962478
9.992465297952334 9.393400205014233 20.81876023962478
9.992465297952334 9.393400205014233 20.81876023962478
9.992465297952334 9.393400205014233 20.81876023962478
9.992465297952334 9.393400205014233 20.81876023962478
9.992465297952334 9.393400205014233 20.81876023962478
9.992465297952334 9.393400205014233 20.81876023962478
9.992465297952334 9.393400205014233 20.81876023962478
9.992465297952334 9.393400205014233 20.81876023962478
9.992465297952334 9.393400205014233 20.81876023962478
9.992465297952334 9.393400205014233 20.81876023962478
9.992465297952334 9.393400205014233 20.81876023962478
9.992465297952334 9.393400205014233 20.81876023962478
9.992465297952334 9.393400205014233 20.81876023962478
9.992465297952334 9.393400205014233 20.81876023962478
9.992465297952334 9.393400205014233 20.81876023962478
9.992465297952334 9.393400205014233 20.81876023962478
9.992465297952334 9.393400205014233 20.81876023962478
9.992465297952334 9.393400205014233 20.81876023962478
9.992465297952334 9.393400205014233 20.81876023962478
9.992465297952334 9.393400205014233 20.81876023962478
9.992465297952334 9.393400205014233 20.81876023962478
9.992465297952334 9.393400205014233 20.81876023962478
9.992465297952334 9.393400205014233 20.81876023962478
9.992465297952334 9.393400205014233 20.81876023962478
9.992465297952334 9.393400205014233 20.81876023962478
9.992465297952334 9.393400205014233 20.81876023962478
9.992465297952334 9.393400205014233 20.81876023962478
9.992465297952334 9.393400205014233 20.81876023962478
9.992465297952334 9.393400205014233 20.81876023962478
9.992465297952334 9.393400205014233 20.81876023962478
9.992465297952334 9.393400205014233 20.81876023962478
9.992465297952334 9.393400205014233 20.81876023962478
9.992465297952334 9.393400205014233 20.81876023962478
9.992465297952334 9.393400205014233 20.81876023962478
9.992465297952334 9.393400205014233 20.81876023962478
9.992465297952334 9.393400205014233 20.81876023962478
9.992465297952334 9.393400205014233 20.81876023962478
9.992465297952334 9.393400205014233 20.81876023962478
9.992465297952334 9.393400205014233 20.81876023962478
9.992465297952334 9.393400205014233 20.81876023962478
9.992465297952334 9.393400205014233 20.81876023962478
9.992465297952334 9.393400205014233 20.81876023962478
9.992465297952334 9.393400205014233 20.81876023962478
9.992465297952334 9.393400205014233 20.81876023962478
9.992465297952334 9.393400205014233 20.81876023962478
9.992465297952334 9.393400205014233 20.81876023962478
9.992465297952334 9.393400205014233 20.81876023962478
9.992465297952334 9.393400205014233 20.81876023962478
9.992465297952334 9.393400205014233 20.81876023962478
9.992465297952334 9.393400205014233 20.81876023962478
9.992465297952334 9.393400205014233 20.81876023962478
9.992465297952334 9.393400205014233 20.81876023962478
9.992465297952334 9.393400205014233 20.81876023962478
9.992465297952334 9.393400205014233 20.81876023962478
9.992465297952334 9.393400205014233 20.81876023962478
9.992465297952334 9.393400205014233 20.81876023962478
9.992465297952334 9.393400205014233 20.81876023962478
9.992465297952334 9.393400205014233 20.81876023962478
9.992465297952334 9.393400205014233 20.81876023962478
9.992465297952334 9.393400205014233 20.81876023962478
9.992465297952334 9.393400205014233 20.81876023962478
9.992465297952334 9.393400205014233 20.81876023962478
9.992465297952334 9.393400205014233 20.81876023962478
9.992465297952334 9.393400205014233 20.81876023962478
9.992465297952334 9.393400205014233 20.81876023962478
9.992465297952334 9.393400205014233 20.81876023962478
9.992465297952334 9.393400205014233 20.81876023962478
9.992465297952334 9.393400205014233 20.81876023962478
9.992465297952334 9.393400205014233 20.81876023962478
9.992465297952334 9.393400205014233 20.81876023962478
9.992465297952334 9.393400205014233 20.81876023962478
9.992465297952334 9.393400205014233 20.81876023962478
9.992465297952334 9.393400205014233 20.81876023962478
9.992465297952334 9.393400205014233 20.81876023962478
9.992465297952334 9.393400205014233 20.81876023962478
9.992465297952334 9.393400205014233 20.81876023962478
9.992465297952334 9.393400205014233 20.81876023962478
9.992465297952334 9.393400205014233 20.81876023962478
9.992465297952334 9.393400205014233 20.81876023962478
9.992465297952334 9.393400205014233 20.81876023962478
9.992465297952334 9.393400205014233 20.81876023962478
9.992465297952334 9.393400205014233 20.81876023962478
9.992465297952334 9.393400205014233 20.81876023962478
9.992465297952334 9.393400205014233 20.81876023962478
9.992465297952334 9.393400205014233 20.81876023962478
10.001793524633587 9.402169188824276 20.767371185829678
10.010984454729716 9.410809107210275 20.715935552711333
10.010984454729716 9.410809107210275 20.715935552711333
10.020037964773323 9.419319844106917 20.664454031236147
10.028953933143047 9.42770128518425 20.612927312986958
10.028953933143047 9.42770128518425 20.612927312986958
10.037732240065226 9.435953317849238 20.56135609015378
10.046372767615477 9.444075831247265 20.50974105552446
10.046372767615477 9.444075831247265 20.50974105552446
10.054875399720299 9.452068716263634 20.45808290247541
10.063240022158613 9.459931865525014 20.406382324962273
10.063240022158613 9.459931865525014 20.406382324962273
10.071466522563325 9.4676651734009 20.354640017510626
10.071466522563325 9.4676651734009 20.354640017510626
10.079554790422808 9.475268536005023 20.302856675206588
10.079554790422808 9.475268536005023 20.302856675206588
10.087504717082398 9.482741851196758 20.25103299368756
10.095316195745864 9.490085018582475 20.199169669132832
10.095316195745864 9.490085018582475 20.199169669132832
10.102989121476808 9.497297939516905 20.147267398254236
10.102989121476808 9.497297939516905 20.147267398254236
10.110523391200129 9.504380517104453 20.095326878286816
