-14.596240316436736 -0.2904561248841306 25.353838025749805
-14.718854638173825 -0.802297689724104 25.65554865381229
-14.841762897686095 -1.4108006142849276 25.900909443532353
-14.823284450112572 -2.1017477136445293 26.254392241784764
-14.821970314165537 -3.069482490870128 26.614880514838184
-14.737277031591221 -3.9488414792486055 26.972002295448803
-14.529852265698947 -4.8983064736981845 27.385436812794506
-14.181383085916227 -5.9962851474374395 27.85688431134461
-13.813934065642458 -7.002146750860283 28.26952278027501
-13.279310629565144 -8.032736146988691 28.79678789948455
-12.711311811223077 -8.943606367118885 29.26370014084637
-12.127123768921503 -9.851932178820737 29.727849471667145
-11.290782565111428 -10.793477007214708 30.189373773167002
-10.52247791219648 -11.55189539716455 30.70418772735187
-9.421483084415847 -12.480055821634872 31.26936754141893
-8.274178706077622 -13.190171057115375 31.77482492504486
-7.075533467175352 -13.797101488421601 32.21911356332254
-5.985580978177951 -14.197497781960323 32.71381377247194
-4.804993932942785 -14.580158337675114 33.14480453215165
-3.427412591459351 -14.8931838477959 33.56953968091894
-2.291401262928355 -15.02699244923368 33.987647386461305
-0.8911139404956923 -15.043503114703686 34.40271582538883
0.1488561399061264 -14.962363513598339 34.80687310321535
1.502568425118328 -14.665207188082901 35.2631915537497
2.636001729483231 -14.264270607898993 35.71063300848828
3.8880614025585207 -13.786025842522173 36.09523311728996
4.894006352834702 -13.180706315474747 36.52442563797601
5.852689875199833 -12.556855296631062 36.8916039683457
6.78752274119095 -11.784817427234072 37.295442791593345
7.62724096860923 -10.937461141303073 37.64915669407658
8.37913118756422 -10.161085146723494 37.938687630528214
8.996562140691951 -9.167761930927043 38.31685351665154
9.48213820497212 -8.219480988266907 38.642012894015046
9.931039703594148 -7.295073908193098 38.911043495085934
10.21765533864071 -6.224651139358096 39.25541149026589
10.430339307887024 -5.328288990463862 39.53570145516753
10.447364011523437 -4.174417844131378 39.89680463675379
10.440281760308455 -3.1580726636860192 40.1662042452044
10.269599979977663 -2.2842385738986115 40.43151608509104
10.056821986905456 -1.4581697909170466 40.67809831985553
9.732855179306663 -0.7301087719657586 40.92027817679879
9.474554303138147 -0.05457011877364167 41.107504178236425
9.133059441378402 0.5266088940258168 41.2927717325472
8.651772785242354 1.1528560898065294 41.50180233144477
8.152801615146991 1.5685064822942751 41.698430254453
7.706574959316869 1.9959260832574919 41.85237387339766
7.129637282530846 2.291821670491289 42.033098250298394
6.674302874866709 2.533996939977972 42.16606578320594
6.177938205644577 2.7196449820625457 42.296893590480785
5.69471488201143 2.826881017274392 42.417696968096706
5.131997424204216 2.849398097249843 42.551180054482046
4.656306229076237 2.87354848140079 42.65024329305262
4.204410055582128 2.834842853908664 42.73905465618851
3.7620118772863838 2.7634724568035036 42.81755568721352
3.3032514485547195 2.6378950458446457 42.89336199529669
2.888414627044882 2.44608901773631 42.958630035898544
2.543477751250518 2.3095224650948603 42.99980276290836
2.127365663468799 2.0702180411565365 43.042728706539044
1.731634925964832 1.7850374656736014 43.08371692604801
1.4420950266465082 1.5748738782407687 43.09789870885305
1.1738960858938292 1.3428210896100312 43.10434635955156
0.9003673695438785 1.0665731775203002 43.11019777856176
0.632353792666654 0.7850855532754922 43.10818076157676
0.35879142001581094 0.4615522721100172 43.1050448886775
0.14016362214054087 0.18688413399271142 43.08056224402119
-0.1107090540763658 -0.15305100818426248 43.0614615513713
-0.328658378987189 -0.47129601172040625 43.02791862513289
-0.4907819102633527 -0.7124925523429385 42.98880987824444
-0.7167699964893984 -1.066666283747952 42.94716068658889
-0.8825529456174517 -1.346629467398977 42.90232258499781
-1.0414419578019622 -1.629710462514727 42.85206856588493
-1.204359437916345 -1.9087941830628365 42.79641738212276
-1.3141825156230365 -2.1096806636707353 42.74357080078189
-1.4700430468216916 -2.3904556102221197 42.67836387445282
-1.656381221776142 -2.693462475688724 42.61310950574934
-1.7578723482147094 -2.8957442893066827 42.548610642439954
-1.8932312853549762 -3.1187211565568154 42.48596720736597
-2.0280716002254486 -3.3408436969967052 42.41990594029336
-2.238735085661564 -3.6878697967795575 42.316800166069676
-2.3721733469264428 -3.9076827333817037 42.242195782042536
-2.476575344414661 -4.079664213337148 42.18514526368611
-2.6278311665192318 -4.328828029770423 42.10885857064093
-2.7382000237751347 -4.452621726210959 42.043111280881696
-2.8706546821369043 -4.668007923142749 41.956753511699596
-3.021505261564057 -4.913307960224339 41.87092062318452
-3.0775666955575387 -5.004470167818571 41.822935821245515
-3.2575133168773824 -5.229344306873592 41.73186152693588
-3.3135272951362866 -5.319264546584025 41.68153500885632
-3.435774368597763 -5.5155099569483115 41.611299955954735
-3.5382807632933546 -5.680065303120579 41.535775566815495
-3.6128038154257935 -5.799698489692839 41.485383952717704
-3.74882840015119 -5.941533414550614 41.40672149408442
-3.823518905470463 -6.059910700927935 41.3541575449027
-3.933514402124596 -6.15539783813264 41.3007029873783
-4.008453145819081 -6.272666451838558 41.24636079933298
-4.119904335568195 -6.365965978282467 41.19113400088391
-4.23233245757468 -6.457837607931614 41.135025654280135
-4.297500833724061 -6.475612206577569 41.10558455823409
-4.431942138406435 -6.595425692640408 41.05017374426321
-4.585493501626724 -6.656989388571511 40.99180811678468
-4.652455603032644 -6.671619866113392 40.96144257651102
-4.7793883875231975 -6.68810216280846 40.93257197644672
-4.919235673007275 -6.80065407053725 40.87387875592867
-4.997245485341907 -6.743538607654898 40.87387875592867
-5.126798273370472 -6.754307288961105 40.84405692393695
-5.21814943253249 -6.793057162965633 40.81391881019194
-5.349301936989266 -6.800192068430112 40.78346481955743
-5.427277894838705 -6.738122738034093 40.78346481955743
-5.5592576241733225 -6.741521144296313 40.75269536114055
-5.636543826942599 -6.67703724400866 40.75269536114055
-5.713082117383266 -6.611667368444893 40.75269536114055
-5.788862339638684 -6.545420191526015 40.75269536114055
-5.901089327107426 -6.444423746497613 40.75269536114055
-5.974930610415678 -6.376022025655276 40.75269536114055
-6.047979080893347 -6.306774271210278 40.75269536114055
-6.120225045747596 -6.236689671638897 40.75269536114055
-6.191658918669956 -6.1657775264583 40.75269536114055
-6.297266351122968 -6.057878273284952 40.75269536114055
-6.40099374663856 -5.948170452031239 40.75269536114055
-6.469085562655005 -5.8740432969098935 40.75269536114055
-6.536318996479154 -5.79913671568357 40.75269536114055
-6.6355401969236505 -5.685337190170333 40.75269536114055
-6.732780369415002 -5.56984031801123 40.75269536114055
-6.796492219157568 -5.491916440174058 40.75269536114055
-6.859302243157609 -5.413263840598983 40.75269536114055
-6.951808157701361 -5.293941443710939 40.75269536114055
-7.042238623091526 -5.173038550635538 40.75269536114055
-7.101359214698745 -5.091576374241741 40.75269536114055
-7.159537527798136 -5.009438597185678 40.75269536114055
-7.275404572204989 -4.905475057892301 40.753434160239
-7.362046869447316 -4.841480837470506 40.75403864576288
-7.444598527811078 -4.71355742165578 40.75403864576288
-7.529587692278845 -4.646738039610085 40.75450880959172
-7.640266751017618 -4.53465501904567 40.754844645409534
-7.72372557048593 -4.46468884597658 40.75504614870484
-7.831757067064881 -4.348364163194807 40.755113316770704
-7.913572736252183 -4.27528354482451 40.755046148704835
-7.994739266320025 -4.200892513708587 40.754844645409534
-8.098862210931907 -4.0786179677336065 40.75450880959171
-8.178226300351417 -4.001163282064333 40.75403864576288
-8.256874491387034 -3.9224184286364703 40.75343416023901
-8.390142843111231 -3.8094695043346505 40.751822258392224
-8.466999816547697 -3.727333100088181 40.75081486372295
-8.576762525118683 -3.6582992338148537 40.74839725455726
-8.6726214437244 -3.5233497448557864 40.746987072538076
-8.74671421414507 -3.4366080658409386 40.74544266355195
-8.773790591575718 -3.3310982327130874 40.775406609511116
-8.864478129973838 -3.191408502423426 40.773593810635006
-8.888474989649902 -3.0848615204932086 40.80310823774507
-8.876373193518468 -2.966548005461008 40.834388024547316
-8.897459673984944 -2.860088120208352 40.86340470129084
-8.917156903015906 -2.753500759031427 40.89210483637053
-8.935464528587449 -2.646805177122584 40.92048804423989
-8.917203365933274 -2.5300394053325226 40.95103725951023
-8.883285227060282 -2.4652227734842698 40.9814027997839
-8.813784540842981 -2.336932626210742 41.04158122613852
-8.826611545658663 -2.2318369843705237 41.068909987905414
-8.82567807212824 -2.1775967995744154 41.09591944732994
-8.751317121236093 -2.05260289982772 41.15461555411378
-8.639157231878247 -1.9215837260950803 41.21518307659711
-8.646446063651833 -1.8189399929874601 41.24126015700313
-8.642376965334602 -1.7661669399528401 41.26701561978134
-8.525301052748961 -1.6401711455732306 41.326215994687104
-8.51397511518555 -1.5365085762630624 41.376273394233536
-8.428926826867672 -1.4211070308930873 41.43120921155781
-8.334297365764934 -1.355833369382381 41.485383952717704
-8.209982822360308 -1.2387119457135418 41.541679946880514
-8.201327450140461 -1.189135886941694 41.56521268996972
-8.104042201500471 -1.1274122360493843 41.61747209476154
-8.011956033605136 -1.0206705560790013 41.66896041468851
-7.912719852659163 -0.9617483452565218 41.71967488306323
-7.776411727276299 -0.8997615355925664 41.77249801498821
-7.716687170784581 -0.8028872352734829 41.818771406464506
-7.574074744479124 -0.7880490418702909 41.870033376819066
-7.51229181393185 -0.6942494754100372 41.91474036573323
-7.372623139297516 -0.6385383647831118 41.964430776703495
-7.305066455697612 -0.5903182200610071 42.00756113385778
-7.200431992930331 -0.5401394003230016 42.05278468520417
-7.095137612748084 -0.491163034604348 42.09721376048045
-6.898290882086191 -0.4376300288834299 42.16524776031706
-6.791537328432323 -0.3915975784693889 42.207680294401314
-6.68417828591307 -0.34679359616817007 42.24931018424894
-6.5762301742478675 -0.3032255531394383 42.290135192908075
-6.431190724746822 -0.2594275754248623 42.3329044284751
-6.358632894693942 -0.21982609230652286 42.369361835220005
-6.247876612554273 -0.21599710561954502 42.407759211686816
-6.045798869846121 -0.1741546547455145 42.46658082911968
-5.935223766744511 -0.136761936499282 42.50294094429335
-5.7876058256927925 -0.10001260299472822 42.54110002388292
-5.676064756908214 -0.06538646435082567 42.575821505219174
-5.563792162554297 -0.06409311970049156 42.609720848998094
-5.451545373775756 -0.03139899450977851 42.64279623366309
-5.338870846949107 1.5537734358762892e-15 42.675045881932434
-5.132720080152128 1.5567925425655022e-15 42.72435163590681
-5.019299839512185 0.028909411423395478 42.75452945898844
-4.9057465677232335 0.028255384296588415 42.78387567521007
-4.755168688085354 0.05477803394107748 42.8147379796854
-4.6412030752266125 0.05346518625495148 42.842416296264794
-4.527037646917933 0.05215003675826594 42.869258409685365
-4.281900325925103 0.07399329018895279 42.91224684399661
-4.167271727992753 0.07201245306871258 42.93699223775689
-4.051994296424121 0.09336776648051838 42.96089657724686
-3.9370286487218373 0.09071867939828308 42.98395857798422
-3.821326471874915 0.11007673372968572 43.00617700074916
-3.706052387484684 0.10675616041914868 43.02755065165088
-3.5540398193040814 0.10237730215766867 43.050025340385545
-3.343422025970252 0.11558638642496903 43.081041233934464
-3.2276589269062037 0.1115843076570977 43.099449437339686
-3.0751725065098 0.10631265658355908 43.11868667418906
-2.959152140606293 0.10230168377117617 43.13539477057074
-2.805809664079985 0.11318345690713255 43.152795852879464
-2.6895820439699802 0.10849495504595852 43.16780025109624
-2.5366526557686284 0.10232594185845949 43.18336174997593
-2.420217736968566 0.09762907778275132 43.19665922506943
-2.26708863919296 0.09145200851779242 43.210378079974255
-2.1138671088961605 0.0852712106206268 43.223107446919556
-1.9966710411839845 0.0920651596520145 43.233839293242994
-1.938307414477138 0.08937405205351392 43.23888409156198
-1.8215267099348265 0.08398937226089917 43.248331099666004
-1.6680808056202567 0.07691408475119939 43.25792829950002
-1.514571698937156 0.0698358830227679 43.26653354290696
-1.456098000534482 0.06713970009235708 43.27007785740779
-1.3387357989879525 0.0694573038287374 43.276522736688406
-1.1851451800190895 0.061488599103706056 43.2828477983183
-1.0315143519139176 0.053517808217835944 43.28817962945068
-1.0095832733336365 0.05237996340230624 43.28961664170031
-0.8559076109515199 0.04440684639055075 43.2936596355866
-0.7022079558634509 0.03643248457106828 43.296708842370315
-0.6436516605516052 0.03339442254446474 43.29767601920851
-0.48992928975645456 0.025418882171477034 43.29930145446095
-0.37280175161204243 0.019341982599688202 43.29973132863882
-0.2776354793581507 0.014404494044303547 43.29982536302875
-0.25567421346763036 0.013265083027899374 43.299301454460945
-0.06534825774598153 0.003390447761518445 43.29828052638748
0.05176039944755878 -0.0026854722144888563 43.296131270991744
0.14691064285204647 -0.007622129148978691 43.29466713852856
0.16885017670478195 -0.008760412647352516 43.2931224751236
0.3591194936319785 -0.018632109336937524 43.28898562909733
0.4176403912428299 -0.02166833483323041 43.28672933786661
0.4761526371672465 -0.024704111456180407 43.28425828348882
0.534655445374352 -0.02773939842433874 43.281572499159154
0.6882307315713453 -0.03570730764289669 43.27522105202962
0.7833001630864714 -0.04063977183378721 43.27142114203013
0.8417573628095565 -0.0436726925080628 43.26787682752929
0.900201196773803 -0.04670491972992361 43.264117992311235
0.9952285644372633 -0.05163520153222966 43.25954020134684
1.053643311738355 -0.05466591965782098 43.25535247905964
1.1120423385258713 -0.05769582215983027 43.25095039618205
1.2070200864659355 -0.06262352955409671 43.24559521275148
1.265385318918216 -0.065651678712831 43.24076458897958
1.3237324780028148 -0.06867889017542594 43.2357197906606
1.418653056082671 -0.07360363143974107 43.229587782816104
1.4769617172457337 -0.07662884552403709 43.22411484158882
1.4403694410696315 -0.07473033735978997 43.22498794433716
1.535249954372107 -0.07965299995300544 43.21842793775181
1.6301058190498237 -0.08457438370761804 43.2115197530315
1.6883508593228154 -0.08759629696474948 43.20540515603532
1.7831580288823758 -0.09251515428239121 43.197935161177874
1.746573127359405 -0.0906170287354787 43.19907683423512
1.841356742547137 -0.0955346639873762 43.191393199585924
1.841356742547137 -0.0955346639873762 43.191393199585924
1.8995311200210612 -0.0985529110636914 43.18463768608437
1.8995311200210612 -0.0985529110636914 43.18463768608437
1.9576803798120646 -0.1015698549653732 43.177668711424175
2.052384217734353 -0.10648335115281245 43.16921043311544
2.052384217734353 -0.10648335115281245 43.16921043311544
2.052384217734353 -0.10648335115281245 43.16921043311544
2.147056460050228 -0.11139520807308936 43.160404637840614
2.147056460050228 -0.11139520807308936 43.160404637840614
2.241695834969408 -0.11630535974221813 43.15125144389335
2.241695834969408 -0.11630535974221813 43.15125144389335
2.241695834969408 -0.11630535974221813 43.15125144389335
2.241695834969408 -0.11630535974221813 43.15125144389335
2.336301071143141 -0.12121374019912066 43.14175097423413
2.336301071143141 -0.12121374019912066 43.14175097423413
2.336301071143141 -0.12121374019912066 43.14175097423413
2.336301071143141 -0.12121374019912066 43.14175097423413
2.336301071143141 -0.12121374019912066 43.14175097423413
2.336301071143141 -0.12121374019912066 43.14175097423413
2.336301071143141 -0.12121374019912066 43.14175097423413
2.336301071143141 -0.12121374019912066 43.14175097423413
2.336301071143141 -0.12121374019912066 43.14175097423413
2.336301071143141 -0.12121374019912066 43.14175097423413
2.336301071143141 -0.12121374019912066 43.14175097423413
2.336301071143141 -0.12121374019912066 43.14175097423413
2.336301071143141 -0.12121374019912066 43.14175097423413
2.336301071143141 -0.12121374019912066 43.14175097423413
2.336301071143141 -0.12121374019912066 43.14175097423413
2.336301071143141 -0.12121374019912066 43.14175097423413
2.336301071143141 -0.12121374019912066 43.14175097423413
2.336301071143141 -0.12121374019912066 43.14175097423413
2.336301071143141 -0.12121374019912066 43.14175097423413
2.336301071143141 -0.12121374019912066 43.14175097423413
2.336301071143141 -0.12121374019912066 43.14175097423413
2.336301071143141 -0.12121374019912066 43.14175097423413
2.336301071143141 -0.12121374019912066 43.14175097423413
2.336301071143141 -0.12121374019912066 43.14175097423413
2.336301071143141 -0.12121374019912066 43.14175097423413
2.336301071143141 -0.12121374019912066 43.14175097423413
2.336301071143141 -0.12121374019912066 43.14175097423413
2.336301071143141 -0.12121374019912066 43.14175097423413
2.336301071143141 -0.12121374019912066 43.14175097423413
2.336301071143141 -0.12121374019912066 43.14175097423413
2.336301071143141 -0.12121374019912066 43.14175097423413
2.336301071143141 -0.12121374019912066 43.14175097423413
2.336301071143141 -0.12121374019912066 43.14175097423413
2.336301071143141 -0.12121374019912066 43.14175097423413
2.336301071143141 -0.12121374019912066 43.14175097423413
2.336301071143141 -0.12121374019912066 43.14175097423413
2.336301071143141 -0.12121374019912066 43.14175097423413
2.336301071143141 -0.12121374019912066 43.14175097423413
2.336301071143141 -0.12121374019912066 43.14175097423413
2.336301071143141 -0.12121374019912066 43.14175097423413
2.336301071143141 -0.12121374019912066 43.14175097423413
2.336301071143141 -0.12121374019912066 43.14175097423413
2.336301071143141 -0.12121374019912066 43.14175097423413
2.336301071143141 -0.12121374019912066 43.14175097423413
2.336301071143141 -0.12121374019912066 43.14175097423413
2.336301071143141 -0.12121374019912066 43.14175097423413
2.336301071143141 -0.12121374019912066 43.14175097423413
2.336301071143141 -0.12121374019912066 43.14175097423413
2.336301071143141 -0.12121374019912066 43.14175097423413
2.336301071143141 -0.12121374019912066 43.14175097423413
2.336301071143141 -0.12121374019912066 43.14175097423413
2.336301071143141 -0.12121374019912066 43.14175097423413
2.336301071143141 -0.12121374019912066 43.14175097423413
2.336301071143141 -0.12121374019912066 43.14175097423413
2.336301071143141 -0.12121374019912066 43.14175097423413
2.336301071143141 -0.12121374019912066 43.14175097423413
2.336301071143141 -0.12121374019912066 43.14175097423413
2.336301071143141 -0.12121374019912066 43.14175097423413
2.336301071143141 -0.12121374019912066 43.14175097423413
2.336301071143141 -0.12121374019912066 43.14175097423413
2.336301071143141 -0.12121374019912066 43.14175097423413
2.336301071143141 -0.12121374019912066 43.14175097423413
2.336301071143141 -0.12121374019912066 43.14175097423413
2.336301071143141 -0.12121374019912066 43.14175097423413
2.336301071143141 -0.12121374019912066 43.14175097423413
2.336301071143141 -0.12121374019912066 43.14175097423413
2.336301071143141 -0.12121374019912066 43.14175097423413
2.336301071143141 -0.12121374019912066 43.14175097423413
2.336301071143141 -0.12121374019912066 43.14175097423413
2.336301071143141 -0.12121374019912066 43.14175097423413
2.336301071143141 -0.12121374019912066 43.14175097423413
2.336301071143141 -0.12121374019912066 43.14175097423413
2.336301071143141 -0.12121374019912066 43.14175097423413
2.336301071143141 -0.12121374019912066 43.14175097423413
2.336301071143141 -0.12121374019912066 43.14175097423413
2.336301071143141 -0.12121374019912066 43.14175097423413
2.336301071143141 -0.12121374019912066 43.14175097423413
2.336301071143141 -0.12121374019912066 43.14175097423413
2.336301071143141 -0.12121374019912066 43.14175097423413
2.336301071143141 -0.12121374019912066 43.14175097423413
2.336301071143141 -0.12121374019912066 43.14175097423413
2.336301071143141 -0.12121374019912066 43.14175097423413
2.336301071143141 -0.12121374019912066 43.14175097423413
2.336301071143141 -0.12121374019912066 43.14175097423413
2.336301071143141 -0.12121374019912066 43.14175097423413
2.336301071143141 -0.12121374019912066 43.14175097423413
2.336301071143141 -0.12121374019912066 43.14175097423413
2.336301071143141 -0.12121374019912066 43.14175097423413
2.336301071143141 -0.12121374019912066 43.14175097423413
2.336301071143141 -0.12121374019912066 43.14175097423413
2.336301071143141 -0.12121374019912066 43.14175097423413
2.336301071143141 -0.12121374019912066 43.14175097423413
2.336301071143141 -0.12121374019912066 43.14175097423413
2.336301071143141 -0.12121374019912066 43.14175097423413
2.336301071143141 -0.12121374019912066 43.14175097423413
2.336301071143141 -0.12121374019912066 43.14175097423413
2.336301071143141 -0.12121374019912066 43.14175097423413
2.336301071143141 -0.12121374019912066 43.14175097423413
2.336301071143141 -0.12121374019912066 43.14175097423413
2.336301071143141 -0.12121374019912066 43.14175097423413
2.336301071143141 -0.12121374019912066 43.14175097423413
2.336301071143141 -0.12121374019912066 43.14175097423413
2.336301071143141 -0.12121374019912066 43.14175097423413
2.336301071143141 -0.12121374019912066 43.14175097423413
2.336301071143141 -0.12121374019912066 43.14175097423413
2.336301071143141 -0.12121374019912066 43.14175097423413
2.336301071143141 -0.12121374019912066 43.14175097423413
2.336301071143141 -0.12121374019912066 43.14175097423413
2.336301071143141 -0.12121374019912066 43.14175097423413
2.336301071143141 -0.12121374019912066 43.14175097423413
2.336301071143141 -0.12121374019912066 43.14175097423413
2.336301071143141 -0.12121374019912066 43.14175097423413
2.336301071143141 -0.12121374019912066 43.14175097423413
2.336301071143141 -0.12121374019912066 43.14175097423413
2.336301071143141 -0.12121374019912066 43.14175097423413
2.336301071143141 -0.12121374019912066 43.14175097423413
2.336301071143141 -0.12121374019912066 43.14175097423413
2.336301071143141 -0.12121374019912066 43.14175097423413
2.336301071143141 -0.12121374019912066 43.14175097423413
2.336301071143141 -0.12121374019912066 43.14175097423413
2.336301071143141 -0.12121374019912066 43.14175097423413
2.336301071143141 -0.12121374019912066 43.14175097423413
2.336301071143141 -0.12121374019912066 43.14175097423413
2.336301071143141 -0.12121374019912066 43.14175097423413
2.336301071143141 -0.12121374019912066 43.14175097423413
2.336301071143141 -0.12121374019912066 43.14175097423413
2.336301071143141 -0.12121374019912066 43.14175097423413
2.336301071143141 -0.12121374019912066 43.14175097423413
2.336301071143141 -0.12121374019912066 43.14175097423413
2.241695834969408 -0.11630535974221813 43.15125144389335
2.241695834969408 -0.11630535974221813 43.15125144389335
2.241695834969408 -0.11630535974221813 43.15125144389335
2.241695834969408 -0.11630535974221813 43.15125144389335
2.241695834969408 -0.11630535974221813 43.15125144389335
2.147056460050228 -0.11139520807308936 43.160404637840614
2.052384217734353 -0.10648335115281245 43.16921043311544
1.9576803798120646 -0.1015698549653732 43.177668711424175
1.8629462184980894 -0.09665478551677886 43.18577935914161
1.8629462184980894 -0.09665478551677886 43.18577935914161
1.7681830064145037 -0.09173820883417103 43.19354226731244
1.6733920165736396 -0.08682019096493888 43.20095733165271
1.5785745223609913 -0.0819007979758323 43.20802445255136
1.4837317975180953 -0.07698009595207361 43.21474353507143
1.4837317975180953 -0.07698009595207361 43.21474353507143
1.2939757525852986 -0.0671350292285273 43.22713722860614
1.2939757525852986 -0.0671350292285273 43.22713722860614
1.1990649816047017 -0.06221079678355759 43.23281167312872
1.104134078178224 -0.057285519811795256 43.23813774629076
1.0091843175709014 -0.05235926447750589 43.24311537654386
0.914216975301087 -0.04743209695809797 43.24774449702046
0.8192333271233232 -0.042504083443234114 43.252025045534765
0.7242346490111963 -0.037575290133941536 43.2559569645835
0.7242346490111963 -0.037575290133941536 43.2559569645835
0.6292222171402004 -0.03264578324172298 43.25954020134683
0.5341973078705847 -0.027715628987666812 43.26277470768891
0.4391611977302366 -0.022784893601558897 43.26566044015863
0.3441151633974897 -0.01785364332099068 43.26819735999019
0.3441151633974897 -0.01785364332099068 43.26819735999019
0.24906048168400183 -0.01292194439047083 43.270385433103606
0.24906048168400183 -0.01292194439047083 43.270385433103606
0.15399842951760062 -0.00798986306053526 43.27222463010512
0.15399842951760062 -0.00798986306053526 43.27222463010512
0.05893028392512109 -0.0030574655868566155 43.27371492628768
-0.036142677984745034 0.0018751817706454939 43.27485630163124
-0.036142677984745034 0.0018751817706454939 43.27485630163124
-0.13121917903860303 0.006808012748694479 43.27564874080299
-0.22629794201551706 0.011740961081547197 43.27609223315761
-0.22629794201551706 0.011740961081547197 43.27609223315761
-0.32137768966416036 0.016673960501883738 43.276186772737375
-0.4164571447199866 0.021606944741698324 43.275932358272314
-0.4164571447199866 0.021606944741698324 43.275932358272314
-0.5115350299223754 0.026539847533188863 43.275328993180125
-0.6066100680317923 0.03147260260964725 43.27437668556615
-0.6066100680317923 0.03147260260964725 43.27437668556615
-0.7016809818469567 0.03640514370635011 43.27307544822336
-0.7967464942219837 0.04133740456144815 43.271425298632046
-0.7602372771588024 0.03944320573295367 43.27404262506156
-0.8553059363413622 0.0443756298531015 43.2721775607582
-0.9503671303455743 0.04930766665921695 43.26996359626821
-0.9138677386033757 0.047413977595461086 43.2727148980667
-0.9138677386033757 0.047413977595461086 43.2727148980667
-1.0089305060536278 0.05234609603629474 43.2702860015407
-1.0674946684899873 0.05538456623100583 43.270393470446095
-1.0674946684899873 0.05538456623100583 43.270393470446095
-1.1260588309263435 0.0584230364257168 43.27028600154068
-1.1260588309263435 0.0584230364257168 43.27028600154068
-1.184622206634399 0.06146146580279466 43.26996359626822
-1.184622206634399 0.06146146580279466 43.26996359626822
-1.1481228148921996 0.05956777673903875 43.272714898066695
-1.2431840088964126 0.0644998135451543 43.269426258959705
-1.3017434510157893 0.06753803883680753 43.26867399683357
-1.3017434510157893 0.06753803883680753 43.26867399683357
-1.2652440592735918 0.06564434977305168 43.27142529863207
-1.3602997463276347 0.07057610086341107 43.267706819995375
-1.3238003545854375 0.06868241179965524 43.27045812179388
-1.3823527164671316 0.071720269749059 43.269276043236324
-1.3823527164671316 0.071720269749059 43.269276043236324
-1.3823527164671316 0.071720269749059 43.269276043236324
-1.4409003583488955 0.07475788281185444 43.267879078839
-1.4043911412857129 0.07286368398335985 43.270496405268496
-1.4994424937243547 0.07779521018192263 43.26626724736818
-1.4994424937243547 0.07779521018192263 43.26626724736818
-1.4629332766611718 0.07590101135342806 43.26888457379767
-1.4264147247277035 0.07400632820612904 43.27136788969801
-1.5214691190979264 0.07893801222848812 43.267057896906074
-1.5214691190979264 0.07893801222848812 43.267057896906074
-1.4849505671644574 0.07704332908118906 43.26954121280642
-1.543479330314642 0.08007996266334598 43.26749971503292
-1.543479330314642 0.08007996266334598 43.26749971503292
-1.5069519340869877 0.07818482064968295 43.2698489870442
-1.5069519340869877 0.07818482064968295 43.2698489870442
-1.5069519340869877 0.07818482064968295 43.2698489870442
-1.56547283169784 0.08122104614597585 43.26759269581349
-1.56547283169784 0.08122104614597585 43.26759269581349
-1.56547283169784 0.08122104614597585 43.26759269581349
-1.5289370818709098 0.07932547072455354 43.2698078923765
-1.5289370818709098 0.07932547072455354 43.2698078923765
-1.4923934692518395 0.07742948735979908 43.27188898373317
-1.4923934692518395 0.07742948735979908 43.27188898373317
-1.4923934692518395 0.07742948735979908 43.27188898373317
-1.4923934692518395 0.07742948735979908 43.27188898373317
-1.4923934692518395 0.07742948735979908 43.27188898373317
-1.4558424847533786 0.07553312152161935 43.27383594192689
-1.4558424847533786 0.07553312152161935 43.27383594192689
-1.4558424847533786 0.07553312152161935 43.27383594192689
-1.4558424847533786 0.07553312152161935 43.27383594192689
-1.4558424847533786 0.07553312152161935 43.27383594192689
-1.4558424847533786 0.07553312152161935 43.27383594192689
-1.4558424847533786 0.07553312152161935 43.27383594192689
-1.4562533747515574 0.0671468642930721 43.27383594192689
-1.4562533747515574 0.0671468642930721 43.27383594192689
-1.4562533747515574 0.0671468642930721 43.27383594192689
-1.4566159568274255 0.05875837961869709 43.27383594192689
-1.4566159568274255 0.05875837961869709 43.27383594192689
-1.456930218953141 0.05036794576756009 43.27383594192689
-1.456930218953141 0.05036794576756009 43.27383594192689
-1.457196150703766 0.04197584107338627 43.27383594192689
-1.457196150703766 0.04197584107338627 43.27383594192689
-1.4574137432576146 0.03358234392532725 43.27383594192689
-1.4574137432576146 0.03358234392532725 43.27383594192689
-1.4575829893965442 0.025187732758726253 43.27383594192689
-1.4575829893965442 0.025187732758726253 43.27383594192689
-1.4575829893965442 0.025187732758726253 43.27383594192689
-1.4577038835061953 0.01679228604588145 43.27383594192689
-1.4577038835061953 0.01679228604588145 43.27383594192689
-1.4577038835061953 0.01679228604588145 43.27383594192689
-1.4577764215761793 0.008396282286808455 43.27383594192689
-1.4577764215761793 0.008396282286808455 43.27383594192689
-1.4578006012002092 1.5904387523929621e-15 43.27383594192689
-1.4578006012002092 1.5904387523929621e-15 43.27383594192689
-1.4578006012002092 1.5904387523929621e-15 43.27383594192689
-1.4578006012002092 1.5904387523929621e-15 43.27383594192689
-1.4578006012002092 1.5904387523929621e-15 43.27383594192689
-1.4577764215761793 -0.008396282286805272 43.27383594192689
-1.4577764215761793 -0.008396282286805272 43.27383594192689
-1.4577038835061955 -0.01679228604587827 43.27383594192689
-1.4577038835061955 -0.01679228604587827 43.27383594192689
-1.4577038835061955 -0.01679228604587827 43.27383594192689
-1.4577038835061955 -0.01679228604587827 43.27383594192689
-1.4577038835061955 -0.01679228604587827 43.27383594192689
-1.4577038835061955 -0.01679228604587827 43.27383594192689
-1.4577038835061955 -0.01679228604587827 43.27383594192689
-1.4577038835061955 -0.01679228604587827 43.27383594192689
-1.4577038835061955 -0.01679228604587827 43.27383594192689
-1.4577038835061955 -0.01679228604587827 43.27383594192689
-1.4577038835061955 -0.01679228604587827 43.27383594192689
-1.4577038835061955 -0.01679228604587827 43.27383594192689
-1.4577038835061955 -0.01679228604587827 43.27383594192689
-1.4577038835061955 -0.01679228604587827 43.27383594192689
-1.4577038835061955 -0.01679228604587827 43.27383594192689
-1.4577038835061955 -0.01679228604587827 43.27383594192689
-1.4577038835061955 -0.01679228604587827 43.27383594192689
-1.4577038835061955 -0.01679228604587827 43.27383594192689
-1.4577038835061955 -0.01679228604587827 43.27383594192689
-1.4577038835061955 -0.01679228604587827 43.27383594192689
-1.4577038835061955 -0.01679228604587827 43.27383594192689
-1.4577038835061955 -0.01679228604587827 43.27383594192689
-1.4577038835061955 -0.01679228604587827 43.27383594192689
-1.4577038835061955 -0.01679228604587827 43.27383594192689
-1.4577038835061955 -0.01679228604587827 43.27383594192689
-1.4577038835061955 -0.01679228604587827 43.27383594192689
-1.4577038835061955 -0.01679228604587827 43.27383594192689
-1.4577038835061955 -0.01679228604587827 43.27383594192689
-1.4577038835061955 -0.01679228604587827 43.27383594192689
-1.4577038835061955 -0.01679228604587827 43.27383594192689
-1.4577038835061955 -0.01679228604587827 43.27383594192689
-1.4577038835061955 -0.01679228604587827 43.27383594192689
-1.4577038835061955 -0.01679228604587827 43.27383594192689
-1.4577038835061955 -0.01679228604587827 43.27383594192689
-1.4577038835061955 -0.01679228604587827 43.27383594192689
-1.4577038835061955 -0.01679228604587827 43.27383594192689
-1.4577038835061955 -0.01679228604587827 43.27383594192689
-1.4210992762942887 -0.016370612589523784 43.27564874080299
-1.4210992762942887 -0.016370612589523784 43.27564874080299
-1.4210992762942887 -0.016370612589523784 43.27564874080299
-1.4210992762942887 -0.016370612589523784 43.27564874080299
-1.384488271149233 -0.0159488654310102 43.277327356009046
-1.384488271149233 -0.0159488654310102 43.277327356009046
-1.384488271149233 -0.0159488654310102 43.277327356009046
-1.3478713598891086 -0.015527050235925694 43.27887176499516
-1.3478713598891086 -0.015527050235925694 43.27887176499516
-1.3478713598891086 -0.015527050235925694 43.27887176499516
-1.3478713598891086 -0.015527050235925694 43.27887176499516
-1.3478713598891086 -0.015527050235925694 43.27887176499516
-1.3478713598891086 -0.015527050235925694 43.27887176499516
-1.3478713598891086 -0.015527050235925694 43.27887176499516
-1.3478713598891086 -0.015527050235925694 43.27887176499516
-1.3478713598891086 -0.015527050235925694 43.27887176499516
-1.3478713598891086 -0.015527050235925694 43.27887176499516
-1.3478713598891086 -0.015527050235925694 43.27887176499516
-1.3478713598891086 -0.015527050235925694 43.27887176499516
-1.3478713598891086 -0.015527050235925694 43.27887176499516
-1.3478713598891086 -0.015527050235925694 43.27887176499516
-1.3478713598891086 -0.015527050235925694 43.27887176499516
-1.3478713598891086 -0.015527050235925694 43.27887176499516
-1.3478713598891086 -0.015527050235925694 43.27887176499516
-1.3478713598891086 -0.015527050235925694 43.27887176499516
-1.3478713598891086 -0.015527050235925694 43.27887176499516
-1.3478713598891086 -0.015527050235925694 43.27887176499516
-1.3478713598891086 -0.015527050235925694 43.27887176499516
-1.3478713598891086 -0.015527050235925694 43.27887176499516
-1.3478713598891086 -0.015527050235925694 43.27887176499516
-1.3478713598891086 -0.015527050235925694 43.27887176499516
-1.3478713598891086 -0.015527050235925694 43.27887176499516
-1.3478713598891086 -0.015527050235925694 43.27887176499516
-1.3478713598891086 -0.015527050235925694 43.27887176499516
-1.3478713598891086 -0.015527050235925694 43.27887176499516
-1.3478713598891086 -0.015527050235925694 43.27887176499516
-1.3478713598891086 -0.015527050235925694 43.27887176499516
-1.3478713598891086 -0.015527050235925694 43.27887176499516
-1.3478713598891086 -0.015527050235925694 43.27887176499516
-1.3478713598891086 -0.015527050235925694 43.27887176499516
-1.3478713598891086 -0.015527050235925694 43.27887176499516
-1.3478713598891086 -0.015527050235925694 43.27887176499516
-1.3478713598891086 -0.015527050235925694 43.27887176499516
-1.3478713598891086 -0.015527050235925694 43.27887176499516
-1.3478713598891086 -0.015527050235925694 43.27887176499516
-1.3478713598891086 -0.015527050235925694 43.27887176499516
-1.3478713598891086 -0.015527050235925694 43.27887176499516
-1.3478713598891086 -0.015527050235925694 43.27887176499516
-1.3478713598891086 -0.015527050235925694 43.27887176499516
-1.3478713598891086 -0.015527050235925694 43.27887176499516
-1.3478713598891086 -0.015527050235925694 43.27887176499516
-1.3478713598891086 -0.015527050235925694 43.27887176499516
-1.3478713598891086 -0.015527050235925694 43.27887176499516
-1.3478713598891086 -0.015527050235925694 43.27887176499516
-1.3478713598891086 -0.015527050235925694 43.27887176499516
-1.3478713598891086 -0.015527050235925694 43.27887176499516
-1.3478713598891086 -0.015527050235925694 43.27887176499516
-1.3478713598891086 -0.015527050235925694 43.27887176499516
-1.3478713598891086 -0.015527050235925694 43.27887176499516
-1.3478713598891086 -0.015527050235925694 43.27887176499516
-1.3478713598891086 -0.015527050235925694 43.27887176499516
-1.3478713598891086 -0.015527050235925694 43.27887176499516
-1.3478713598891086 -0.015527050235925694 43.27887176499516
-1.3478713598891086 -0.015527050235925694 43.27887176499516
-1.3478713598891086 -0.015527050235925694 43.27887176499516
-1.3478713598891086 -0.015527050235925694 43.27887176499516
-1.3478713598891086 -0.015527050235925694 43.27887176499516
-1.3478713598891086 -0.015527050235925694 43.27887176499516
-1.3478713598891086 -0.015527050235925694 43.27887176499516
-1.3478713598891086 -0.015527050235925694 43.27887176499516
-1.3478713598891086 -0.015527050235925694 43.27887176499516
-1.3478713598891086 -0.015527050235925694 43.27887176499516
-1.3478713598891086 -0.015527050235925694 43.27887176499516
-1.3478713598891086 -0.015527050235925694 43.27887176499516
-1.3478713598891086 -0.015527050235925694 43.27887176499516
-1.3478713598891086 -0.015527050235925694 43.27887176499516
-1.3478713598891086 -0.015527050235925694 43.27887176499516
-1.3478713598891086 -0.015527050235925694 43.27887176499516
-1.3478713598891086 -0.015527050235925694 43.27887176499516
-1.3478713598891086 -0.015527050235925694 43.27887176499516
-1.3478713598891086 -0.015527050235925694 43.27887176499516
-1.3478713598891086 -0.015527050235925694 43.27887176499516
-1.3478713598891086 -0.015527050235925694 43.27887176499516
-1.3478713598891086 -0.015527050235925694 43.27887176499516
-1.3478713598891086 -0.015527050235925694 43.27887176499516
-1.3478713598891086 -0.015527050235925694 43.27887176499516
-1.3478713598891086 -0.015527050235925694 43.27887176499516
-1.3478713598891086 -0.015527050235925694 43.27887176499516
-1.3478713598891086 -0.015527050235925694 43.27887176499516
-1.3478713598891086 -0.015527050235925694 43.27887176499516
-1.3478713598891086 -0.015527050235925694 43.27887176499516
-1.3478713598891086 -0.015527050235925694 43.27887176499516
-1.3478713598891086 -0.015527050235925694 43.27887176499516
-1.3478713598891086 -0.015527050235925694 43.27887176499516
-1.3478713598891086 -0.015527050235925694 43.27887176499516
-1.3478713598891086 -0.015527050235925694 43.27887176499516
-1.3478713598891086 -0.015527050235925694 43.27887176499516
-1.3478713598891086 -0.015527050235925694 43.27887176499516
-1.3478713598891086 -0.015527050235925694 43.27887176499516
-1.3478713598891086 -0.015527050235925694 43.27887176499516
-1.3478713598891086 -0.015527050235925694 43.27887176499516
-1.3478713598891086 -0.015527050235925694 43.27887176499516
-1.3478713598891086 -0.015527050235925694 43.27887176499516
-1.3478713598891086 -0.015527050235925694 43.27887176499516
-1.3478713598891086 -0.015527050235925694 43.27887176499516
-1.3478713598891086 -0.015527050235925694 43.27887176499516
-1.3478713598891086 -0.015527050235925694 43.27887176499516
-1.3478713598891086 -0.015527050235925694 43.27887176499516
-1.3478713598891086 -0.015527050235925694 43.27887176499516
-1.3478713598891086 -0.015527050235925694 43.27887176499516
-1.3478713598891086 -0.015527050235925694 43.27887176499516
-1.3478713598891086 -0.015527050235925694 43.27887176499516
-1.3478713598891086 -0.015527050235925694 43.27887176499516
-1.3478713598891086 -0.015527050235925694 43.27887176499516
-1.3478713598891086 -0.015527050235925694 43.27887176499516
-1.3478713598891086 -0.015527050235925694 43.27887176499516
-1.3478713598891086 -0.015527050235925694 43.27887176499516
-1.3478713598891086 -0.015527050235925694 43.27887176499516
-1.3478713598891086 -0.015527050235925694 43.27887176499516
-1.3478713598891086 -0.015527050235925694 43.27887176499516
-1.3478713598891086 -0.015527050235925694 43.27887176499516
-1.3478713598891086 -0.015527050235925694 43.27887176499516
-1.3478713598891086 -0.015527050235925694 43.27887176499516
-1.3478713598891086 -0.015527050235925694 43.27887176499516
-1.3478713598891086 -0.015527050235925694 43.27887176499516
-1.3478713598891086 -0.015527050235925694 43.27887176499516
-1.3478713598891086 -0.015527050235925694 43.27887176499516
-1.3478713598891086 -0.015527050235925694 43.27887176499516
-1.3478713598891086 -0.015527050235925694 43.27887176499516
-1.3478713598891086 -0.015527050235925694 43.27887176499516
-1.3478713598891086 -0.015527050235925694 43.27887176499516
-1.3478713598891086 -0.015527050235925694 43.27887176499516
-1.3478713598891086 -0.015527050235925694 43.27887176499516
-1.3478713598891086 -0.015527050235925694 43.27887176499516
-1.3478713598891086 -0.015527050235925694 43.27887176499516
-1.3478713598891086 -0.015527050235925694 43.27887176499516
-1.3478713598891086 -0.015527050235925694 43.27887176499516
-1.3478713598891086 -0.015527050235925694 43.27887176499516
-1.3478713598891086 -0.015527050235925694 43.27887176499516
-1.3478713598891086 -0.015527050235925694 43.27887176499516
-1.3478713598891086 -0.015527050235925694 43.27887176499516
-1.3478713598891086 -0.015527050235925694 43.27887176499516
-1.3478713598891086 -0.015527050235925694 43.27887176499516
-1.3478713598891086 -0.015527050235925694 43.27887176499516
-1.3478713598891086 -0.015527050235925694 43.27887176499516
-1.3478713598891086 -0.015527050235925694 43.27887176499516
-1.3478713598891086 -0.015527050235925694 43.27887176499516
-1.3478713598891086 -0.015527050235925694 43.27887176499516
-1.3478713598891086 -0.015527050235925694 43.27887176499516
-1.3478713598891086 -0.015527050235925694 43.27887176499516
-1.3478713598891086 -0.015527050235925694 43.27887176499516
-1.3478713598891086 -0.015527050235925694 43.27887176499516
-1.3478713598891086 -0.015527050235925694 43.27887176499516
-1.3478713598891086 -0.015527050235925694 43.27887176499516
-1.3478713598891086 -0.015527050235925694 43.27887176499516
-1.3478713598891086 -0.015527050235925694 43.27887176499516
-1.3478713598891086 -0.015527050235925694 43.27887176499516
-1.3478713598891086 -0.015527050235925694 43.27887176499516
-1.3478713598891086 -0.015527050235925694 43.27887176499516
-1.3478713598891086 -0.015527050235925694 43.27887176499516
-1.3478713598891086 -0.015527050235925694 43.27887176499516
-1.3478713598891086 -0.015527050235925694 43.27887176499516
-1.3478713598891086 -0.015527050235925694 43.27887176499516
-1.3478713598891086 -0.015527050235925694 43.27887176499516
-1.3478713598891086 -0.015527050235925694 43.27887176499516
-1.3478713598891086 -0.015527050235925694 43.27887176499516
-1.3478713598891086 -0.015527050235925694 43.27887176499516
-1.3478713598891086 -0.015527050235925694 43.27887176499516
-1.3478713598891086 -0.015527050235925694 43.27887176499516
-1.3478713598891086 -0.015527050235925694 43.27887176499516
-1.3478713598891086 -0.015527050235925694 43.27887176499516
-1.3478713598891086 -0.015527050235925694 43.27887176499516
-1.3478713598891086 -0.015527050235925694 43.27887176499516
-1.3478713598891086 -0.015527050235925694 43.27887176499516
-1.2526533136469056 -0.014430168566527237 43.28253823824507
-1.2526533136469056 -0.014430168566527237 43.28253823824507
-1.2526533136469056 -0.014430168566527237 43.28253823824507
-1.2526533136469056 -0.014430168566527237 43.28253823824507
-1.2526533136469056 -0.014430168566527237 43.28253823824507
-1.2526533136469056 -0.014430168566527237 43.28253823824507
-1.2526533136469056 -0.014430168566527237 43.28253823824507
-1.2526533136469056 -0.014430168566527237 43.28253823824507
-1.2526533136469056 -0.014430168566527237 43.28253823824507
-1.2526533136469056 -0.014430168566527237 43.28253823824507
-1.2526533136469056 -0.014430168566527237 43.28253823824507
-1.2526533136469056 -0.014430168566527237 43.28253823824507
-1.2526533136469056 -0.014430168566527237 43.28253823824507
-1.2526533136469056 -0.014430168566527237 43.28253823824507
-1.2526533136469056 -0.014430168566527237 43.28253823824507
-1.2526533136469056 -0.014430168566527237 43.28253823824507
-1.2526533136469056 -0.014430168566527237 43.28253823824507
-1.2526533136469056 -0.014430168566527237 43.28253823824507
-1.2526533136469056 -0.014430168566527237 43.28253823824507
-1.2526533136469056 -0.014430168566527237 43.28253823824507
-1.2526533136469056 -0.014430168566527237 43.28253823824507
-1.2526533136469056 -0.014430168566527237 43.28253823824507
-1.2526533136469056 -0.014430168566527237 43.28253823824507
-1.2526533136469056 -0.014430168566527237 43.28253823824507
-1.2526533136469056 -0.014430168566527237 43.28253823824507
-1.2526533136469056 -0.014430168566527237 43.28253823824507
-1.2526533136469056 -0.014430168566527237 43.28253823824507
-1.2526533136469056 -0.014430168566527237 43.28253823824507
-1.2526533136469056 -0.014430168566527237 43.28253823824507
-1.2526533136469056 -0.014430168566527237 43.28253823824507
-1.2526533136469056 -0.014430168566527237 43.28253823824507
-1.2526533136469056 -0.014430168566527237 43.28253823824507
-1.2526533136469056 -0.014430168566527237 43.28253823824507
-1.2526533136469056 -0.014430168566527237 43.28253823824507
-1.2526533136469056 -0.014430168566527237 43.28253823824507
-1.2526533136469056 -0.014430168566527237 43.28253823824507
-1.2526533136469056 -0.014430168566527237 43.28253823824507
-1.2526533136469056 -0.014430168566527237 43.28253823824507
-1.2526533136469056 -0.014430168566527237 43.28253823824507
-1.2526533136469056 -0.014430168566527237 43.28253823824507
-1.2526533136469056 -0.014430168566527237 43.28253823824507
-1.2526533136469056 -0.014430168566527237 43.28253823824507
-1.2526533136469056 -0.014430168566527237 43.28253823824507
-1.2526533136469056 -0.014430168566527237 43.28253823824507
-1.2526533136469056 -0.014430168566527237 43.28253823824507
-1.2526533136469056 -0.014430168566527237 43.28253823824507
-1.2526533136469056 -0.014430168566527237 43.28253823824507
-1.2526533136469056 -0.014430168566527237 43.28253823824507
-1.2526533136469056 -0.014430168566527237 43.28253823824507
-1.2526533136469056 -0.014430168566527237 43.28253823824507
-1.2526533136469056 -0.014430168566527237 43.28253823824507
-1.2526533136469056 -0.014430168566527237 43.28253823824507
-1.2526533136469056 -0.014430168566527237 43.28253823824507
-1.2526533136469056 -0.014430168566527237 43.28253823824507
-1.2526533136469056 -0.014430168566527237 43.28253823824507
-1.2526533136469056 -0.014430168566527237 43.28253823824507
-1.2526533136469056 -0.014430168566527237 43.28253823824507
-1.2526533136469056 -0.014430168566527237 43.28253823824507
-1.2526533136469056 -0.014430168566527237 43.28253823824507
-1.2526533136469056 -0.014430168566527237 43.28253823824507
-1.2526533136469056 -0.014430168566527237 43.28253823824507
-1.2526533136469056 -0.014430168566527237 43.28253823824507
-1.2526533136469056 -0.014430168566527237 43.28253823824507
-1.2526533136469056 -0.014430168566527237 43.28253823824507
-1.2526533136469056 -0.014430168566527237 43.28253823824507
-1.2526533136469056 -0.014430168566527237 43.28253823824507
-1.2526533136469056 -0.014430168566527237 43.28253823824507
-1.2526533136469056 -0.014430168566527237 43.28253823824507
-1.2526533136469056 -0.014430168566527237 43.28253823824507
-1.2526533136469056 -0.014430168566527237 43.28253823824507
-1.2526533136469056 -0.014430168566527237 43.28253823824507
-1.2526533136469056 -0.014430168566527237 43.28253823824507
-1.2526533136469056 -0.014430168566527237 43.28253823824507
-1.2526533136469056 -0.014430168566527237 43.28253823824507
-1.2526533136469056 -0.014430168566527237 43.28253823824507
-1.2526533136469056 -0.014430168566527237 43.28253823824507
-1.2526533136469056 -0.014430168566527237 43.28253823824507
-1.2526533136469056 -0.014430168566527237 43.28253823824507
-1.2526533136469056 -0.014430168566527237 43.28253823824507
-1.2526533136469056 -0.014430168566527237 43.28253823824507
-1.2526533136469056 -0.014430168566527237 43.28253823824507
-1.2526533136469056 -0.014430168566527237 43.28253823824507
-1.2526533136469056 -0.014430168566527237 43.28253823824507
-1.2526533136469056 -0.014430168566527237 43.28253823824507
-1.2526533136469056 -0.014430168566527237 43.28253823824507
-1.2526533136469056 -0.014430168566527237 43.28253823824507
-1.2526533136469056 -0.014430168566527237 43.28253823824507
-1.2526533136469056 -0.014430168566527237 43.28253823824507
-1.2526533136469056 -0.014430168566527237 43.28253823824507
-1.2526533136469056 -0.014430168566527237 43.28253823824507
-1.2526533136469056 -0.014430168566527237 43.28253823824507
-1.2526533136469056 -0.014430168566527237 43.28253823824507
-1.2526533136469056 -0.014430168566527237 43.28253823824507
-1.2526533136469056 -0.014430168566527237 43.28253823824507
-1.2526533136469056 -0.014430168566527237 43.28253823824507
-1.2526533136469056 -0.014430168566527237 43.28253823824507
-1.2526533136469056 -0.014430168566527237 43.28253823824507
-1.2526533136469056 -0.014430168566527237 43.28253823824507
-1.2526533136469056 -0.014430168566527237 43.28253823824507
-1.2526533136469056 -0.014430168566527237 43.28253823824507
-1.2526533136469056 -0.014430168566527237 43.28253823824507
-1.2526533136469056 -0.014430168566527237 43.28253823824507
-1.2526533136469056 -0.014430168566527237 43.28253823824507
-1.2526533136469056 -0.014430168566527237 43.28253823824507
-1.2526533136469056 -0.014430168566527237 43.28253823824507
-1.2526533136469056 -0.014430168566527237 43.28253823824507
-1.2526533136469056 -0.014430168566527237 43.28253823824507
-1.2526533136469056 -0.014430168566527237 43.28253823824507
-1.2526533136469056 -0.014430168566527237 43.28253823824507
-1.2526533136469056 -0.014430168566527237 43.28253823824507
-1.2526533136469056 -0.014430168566527237 43.28253823824507
-1.2526533136469056 -0.014430168566527237 43.28253823824507
-1.2526533136469056 -0.014430168566527237 43.28253823824507
-1.2526533136469056 -0.014430168566527237 43.28253823824507
-1.2526533136469056 -0.014430168566527237 43.28253823824507
-1.2526533136469056 -0.014430168566527237 43.28253823824507
-1.2526533136469056 -0.014430168566527237 43.28253823824507
-1.2526533136469056 -0.014430168566527237 43.28253823824507
-1.2526533136469056 -0.014430168566527237 43.28253823824507
-1.2526533136469056 -0.014430168566527237 43.28253823824507
-1.2526533136469056 -0.014430168566527237 43.28253823824507
-1.2526533136469056 -0.014430168566527237 43.28253823824507
-1.2526533136469056 -0.014430168566527237 43.28253823824507
-1.2526533136469056 -0.014430168566527237 43.28253823824507
-1.2526533136469056 -0.014430168566527237 43.28253823824507
-1.2526533136469056 -0.014430168566527237 43.28253823824507
-1.2526533136469056 -0.014430168566527237 43.28253823824507
-1.2526533136469056 -0.014430168566527237 43.28253823824507
-1.2526533136469056 -0.014430168566527237 43.28253823824507
-1.2526533136469056 -0.014430168566527237 43.28253823824507
-1.2526533136469056 -0.014430168566527237 43.28253823824507
-1.2526533136469056 -0.014430168566527237 43.28253823824507
-1.2526533136469056 -0.014430168566527237 43.28253823824507
-1.2526533136469056 -0.014430168566527237 43.28253823824507
-1.2526533136469056 -0.014430168566527237 43.28253823824507
-1.2526533136469056 -0.014430168566527237 43.28253823824507
-1.2526533136469056 -0.014430168566527237 43.28253823824507
-1.2526533136469056 -0.014430168566527237 43.28253823824507
-1.2526533136469056 -0.014430168566527237 43.28253823824507
-1.2526533136469056 -0.014430168566527237 43.28253823824507
-1.2526533136469056 -0.014430168566527237 43.28253823824507
-1.2526533136469056 -0.014430168566527237 43.28253823824507
-1.2526533136469056 -0.014430168566527237 43.28253823824507
-1.2526533136469056 -0.014430168566527237 43.28253823824507
-1.2526533136469056 -0.014430168566527237 43.28253823824507
-1.2526533136469056 -0.014430168566527237 43.28253823824507
-1.2526533136469056 -0.014430168566527237 43.28253823824507
-1.2526533136469056 -0.014430168566527237 43.28253823824507
-1.2526533136469056 -0.014430168566527237 43.28253823824507
-1.2526533136469056 -0.014430168566527237 43.28253823824507
-1.2526533136469056 -0.014430168566527237 43.28253823824507
-1.2526533136469056 -0.014430168566527237 43.28253823824507
-1.2526533136469056 -0.014430168566527237 43.28253823824507
-1.2526533136469056 -0.014430168566527237 43.28253823824507
-1.2526533136469056 -0.014430168566527237 43.28253823824507
-1.2526533136469056 -0.014430168566527237 43.28253823824507
-1.2526533136469056 -0.014430168566527237 43.28253823824507
-1.2526533136469056 -0.014430168566527237 43.28253823824507
-1.2526533136469056 -0.014430168566527237 43.28253823824507
-1.2526533136469056 -0.014430168566527237 43.28253823824507
-1.2526533136469056 -0.014430168566527237 43.28253823824507
-1.2526533136469056 -0.014430168566527237 43.28253823824507
-1.2526533136469056 -0.014430168566527237 43.28253823824507
-1.2526533136469056 -0.014430168566527237 43.28253823824507
-1.2526533136469056 -0.014430168566527237 43.28253823824507
-1.2526533136469056 -0.014430168566527237 43.28253823824507
-1.2526533136469056 -0.014430168566527237 43.28253823824507
-1.2526533136469056 -0.014430168566527237 43.28253823824507
-1.2526533136469056 -0.014430168566527237 43.28253823824507
-1.2526533136469056 -0.014430168566527237 43.28253823824507
-1.2526533136469056 -0.014430168566527237 43.28253823824507
-1.2526533136469056 -0.014430168566527237 43.28253823824507
-1.2526533136469056 -0.014430168566527237 43.28253823824507
-1.2526533136469056 -0.014430168566527237 43.28253823824507
-1.2526533136469056 -0.014430168566527237 43.28253823824507
-1.2526533136469056 -0.014430168566527237 43.28253823824507
-1.2526533136469056 -0.014430168566527237 43.28253823824507
-1.2526533136469056 -0.014430168566527237 43.28253823824507
-1.2526533136469056 -0.014430168566527237 43.28253823824507
-1.2526533136469056 -0.014430168566527237 43.28253823824507
-1.2526533136469056 -0.014430168566527237 43.28253823824507
-1.2526533136469056 -0.014430168566527237 43.28253823824507
-1.2526533136469056 -0.014430168566527237 43.28253823824507
-1.2526533136469056 -0.014430168566527237 43.28253823824507
-1.2526533136469056 -0.014430168566527237 43.28253823824507
-1.2526533136469056 -0.014430168566527237 43.28253823824507
-1.2526533136469056 -0.014430168566527237 43.28253823824507
-1.2526533136469056 -0.014430168566527237 43.28253823824507
-1.2526533136469056 -0.014430168566527237 43.28253823824507
-1.2526533136469056 -0.014430168566527237 43.28253823824507
-1.2526533136469056 -0.014430168566527237 43.28253823824507
-1.2526533136469056 -0.014430168566527237 43.28253823824507
-1.2526533136469056 -0.014430168566527237 43.28253823824507
-1.2526533136469056 -0.014430168566527237 43.28253823824507
-1.2526533136469056 -0.014430168566527237 43.28253823824507
-1.2526533136469056 -0.014430168566527237 43.28253823824507
-1.2526533136469056 -0.014430168566527237 43.28253823824507
-1.2526533136469056 -0.014430168566527237 43.28253823824507
-1.2526533136469056 -0.014430168566527237 43.28253823824507
-1.2526533136469056 -0.014430168566527237 43.28253823824507
-1.2526533136469056 -0.014430168566527237 43.28253823824507
-1.1574224695612225 -0.013333139470034071 43.285855672127006
-1.0621801069263805 -0.012235977683510719 43.28882402207584
