10.117918903703353 9.51133265620052 20.04334880697941
10.226807894917355 9.394154146025077 20.04334880697941
10.49306236210838 9.09578881151759 20.04334880697941
10.851151983012851 8.665462046560492 20.04334880697941
11.423681958442705 7.895392476069492 20.04334880697941
11.859229984161418 7.224707331206629 20.04334880697941
12.292855431733935 6.459368171370445 20.04334880697941
12.8043631140052 5.374571339514169 20.04334880697941
13.144960813432709 4.47746993872015 20.04334880697941
13.422791492212186 3.5589886759331315 20.04334880697941
13.651412600097537 2.5449294412070156 20.04334880697941
13.812042822293401 1.4370820832358062 20.04334880697941
13.880844775346429 0.3998501738924186 20.04334880697941
13.871864154141646 -0.6396223322119116 20.04334880697941
13.75414421172161 -1.913439009215884 20.04334880697941
13.572473713122449 -2.936952356682723 20.04334880697941
13.282096637938098 -4.017691023261142 20.095326878286816
12.885887460798076 -5.148770397441184 20.095326878286816
12.393559266091838 -6.241443821407732 20.09532687828682
11.80878445143572 -7.287560774185667 20.095326878286816
11.183425476881789 -8.215042718145234 20.095326878286816
10.432869329310323 -9.149380843284186 20.095326878286816
9.719222020740961 -9.904173643947464 20.095326878286816
8.82837783185428 -10.705871151659894 20.095326878286816
7.931453700791415 -11.37370210322184 20.147267398254236
6.711838547839881 -12.133436473166265 20.147267398254236
5.635572473046965 -12.657703016465803 20.199169669132832
4.672927277073163 -13.043805940568026 20.199169669132832
3.604315406594298 -13.367462544678595 20.25103299368756
2.5922235066478945 -13.588911505125209 20.302856675206588
1.330731876941017 -13.76979634105876 20.30285667520659
0.2964775172719048 -13.80837469529643 20.406382324962273
-0.8167070265250563 -13.787389175502922 20.406382324962273
-1.8442458487236466 -13.676288954622732 20.45808290247541
-3.014893157383768 -13.45476099162654 20.50974105552446
-4.012925188489719 -13.191535374012355 20.50974105552446
-4.905831411563643 -12.860571008982676 20.61292731298696
-5.9257701212816745 -12.423635417441044 20.61292731298696
-6.763580636608589 -11.974085523044273 20.664454031236147
-7.501343258893933 -11.511428543731594 20.71593555271133
-8.292860687143344 -10.985039549429619 20.769452277186335
-8.963369082080373 -10.428238798765047 20.820975436187798
-9.653009508413303 -9.775081410225907 20.872451295767256
-10.189904766152695 -9.194371694281369 20.923879164417922
-10.64222413383516 -8.645617245784695 20.97525835127771
-11.15720476670149 -7.946610423467093 21.026588166138495
-11.584500460394876 -7.283859515696442 21.077867919455386
-11.972370400077695 -6.598202364640951 21.129096922356023
-12.250904936394427 -6.033505261121526 21.180274486649807
-12.502687795580368 -5.457093502935619 21.23139992483712
-12.685278027244166 -4.938133153361803 21.333491676404396
-12.874006965189599 -4.422825152440949 21.333491676404396
-13.013127195445415 -3.8917502534070936 21.43536669123188
-13.144639037015535 -3.3603011385872947 21.48622121122404
-13.237812941974754 -2.900834938957776 21.53701949513978
-13.300500271259196 -2.5155599505492545 21.587760860574626
-13.35180723475506 -2.129053625682535 21.638444625888678
-13.391714566883799 -1.74165682271778 21.689070110215848
-13.412193979048777 -1.430982485372792 21.739636633472973
-13.408798926274333 -1.1188982782924808 21.840590080413776
-13.42612955288932 -0.887055371131745 21.840590080413776
-13.40937860916821 -0.5760870403147472 21.9412995420511
-13.400232760337644 -0.34387638310302365 21.991561086751616
-13.38688703920554 -0.1121523463783728 22.041759606835303
-13.369355820375997 0.11900617475646334 22.091894427954674
-13.349446700669898 0.2726383008880193 22.141964876617937
-13.343070228342153 0.5032603345205605 22.247728866110617
-13.354327221852508 0.6578083347170525 22.30355365735707
-13.363587522604666 0.8126699049343759 22.359443904008717
-13.376197769749835 0.8907909890022698 22.415398855257603
-13.352053577341456 0.966456958531964 22.465598860257685
-13.3802377757511 1.0459985702782582 22.577825516361678
-13.373991360172042 1.1230454321640233 22.577825516361678
-13.371088208474395 1.122801647704686 22.68434745052456
-13.38065088433755 1.2012535047079966 22.74067481442126
-13.396696443240225 1.2026940014396916 22.797061603487755
-13.405378416960552 1.2813462721094135 22.85350706024571
-13.428169504694695 1.2055195086368284 22.910010426428713
-13.443596584449553 1.2069044811454994 22.966570942992377
-13.422818451411683 1.205039115600222 23.01710384482439
-13.416662722932996 1.2044864825128652 23.124287351108073
-13.431262275426919 1.205797163417112 23.181068863549243
-13.44565444883907 1.2070892267779423 23.23790371983751
-13.459839049830542 1.2083626552382747 23.294791156475412
-13.437862639180182 1.2063897138213853 23.34538162474715
-13.48758477514074 1.210853539281035 23.408720713288734
-13.46519227806338 1.2088432435319076 23.459412518466607
-13.501145526734106 1.2120709614018879 23.465761302978578
-13.491688648279672 1.2112219662008936 23.573641489116834
-13.504623910960596 1.2123832347941847 23.63082833556941
-13.51735032606588 1.2135257540094113 23.688062398687226
-13.51735032606588 1.2135257540094113 23.688062398687226
-13.506246101580688 1.2125288676325672 23.796188051777342
-13.54217593251044 1.2157544831651008 23.80266909885346
-13.554274790352121 1.2168406631656787 23.860040196319833
-13.566164133627439 1.217908033908822 23.91745543130794
-13.541913971689826 1.2157309655233524 23.968432985447627
-13.553383809498616 1.21676067498856 24.025934181014502
-13.564643662042691 1.2177715329391923 24.083477198483614
-13.539787447540236 1.2155400559323601 24.134448042267948
-13.575693378061553 1.2187635257957747 24.141061264844343
-13.593332597705688 1.141464030491441 24.198685606534617
-13.603966917788847 1.1423570192987411 24.256349449451307
-13.646285347818916 1.0667968090444835 24.262830496527428
-13.626656112866973 0.9863334164679572 24.314052018960663
-13.642337052806386 0.908514596207184 24.371792539908675
-13.657361975542246 0.8305349921601746 24.429570236631534
-13.635733485139365 0.7504198194649649 24.480771110389636
-13.675836080026961 0.6736452393457215 24.48738433296602
-13.653077040638552 0.5937187814000614 24.538620829683527
-13.668406606476578 0.43671092999314254 24.596505394806066
-13.67988096326047 0.35822028997974575 24.65442402815841
-13.656053346318922 0.2002225440792339 24.705630642446852
-13.693004460953034 0.12188710538600787 24.712375951684034
-13.693500006998748 -0.03584958108969429 24.712375951684034
-13.701830241907706 -0.11479087011100197 24.770360386879226
-13.708148798625299 -0.27278365476759664 24.828376554803505
-13.704097159673006 -0.4306686032238165 24.828376554803505
-13.709722503271124 -0.5099008872495565 24.886423676090125
-13.675072699913251 -0.6664301965298579 24.937755661719308
-13.706979992448344 -0.747142264216303 24.944500970956494
-13.669412775459445 -0.903128930413067 24.99586234997752
-13.694020548795608 -1.0633148060202835 25.002607659214707
-13.659441559702714 -1.139813172501252 25.053997651044806
-13.681270099438056 -1.300488654450505 25.060742960281992
-13.637004384995853 -1.4549681027850025 25.112160783954018
-13.664198161727748 -1.5375153028790063 25.118906093191207
-13.617048234787035 -1.691266236922013 25.170350967364136
-13.63236089191975 -1.8528595858023345 25.177096276601322
-13.610113515529338 -2.0097667095084186 25.177096276601322
-13.557456163988794 -2.161846010316663 25.228567419570716
-13.524822175307337 -2.3969625267415164 25.28680935851649
-13.53171275293952 -2.5592897988346577 25.293554667753682
-13.501334742124193 -2.7149906967788096 25.293554667753682
-13.469165240811073 -2.870331342930978 25.293554667753682
-13.406534128931764 -3.018834331180646 25.345076001801775
-13.38737762654502 -3.2585405295051024 25.35182131103896
-13.320271049603203 -3.405199781312194 25.403366566695013
-13.335289108503186 -3.490985730592218 25.4101118759322
-13.272981594096079 -3.7208704064168843 25.4101118759322
-13.2513308868844 -3.7972551540376833 25.410111875932202
-13.17814205770605 -3.94110016157087 25.4616802701433
-13.166264746188435 -4.103355818164926 25.46842557938049
-13.089556673399395 -4.245478828671285 25.52001632878292
-13.039784923703214 -4.395974696741687 25.52001632878292
-13.022286238975115 -4.557788392030115 25.526761638020112
-12.968921483982335 -4.70748865730195 25.526761638020112
-12.91383588434353 -4.856564286464909 25.526761638020115
-12.828849879829328 -4.994022896071242 25.578373958949815
-12.770473008741703 -5.14146604177061 25.578373958949815
-12.743663476974012 -5.3020657288726545 25.585119268187007
-12.681743937344422 -5.448507182272531 25.585119268187004
-12.618141658623239 -5.594225673903769 25.585119268187004
-12.552865080189259 -5.739201868397075 25.585119268187004
-12.485922863583882 -5.883416528878488 25.585119268187004
-12.451829908163976 -5.9552322999023675 25.585119268187004
-12.382405957836847 -6.098268811964097 25.585119268187004
-12.311338987538948 -6.2404961454639825 25.585119268187007
-12.275192308252576 -6.311300468450547 25.585119268187007
-12.201678556788137 -6.452278683105984 25.585119268187004
-12.164313923263022 -6.522447898140445 25.585119268187004
-12.088375338023253 -6.662134905172559 25.585119268187007
-12.010832747700613 -6.8009379143181325 25.585119268187007
-11.971463157705568 -6.870002159486241 25.585119268187004
-11.85097691974501 -7.075818387672092 25.585119268187007
-11.768684893362796 -7.211859378023234 25.585119268187004
-11.726952595079624 -7.279522143685166 25.585119268187007
-11.684831281584724 -7.34694342761304 25.585119268187007
-11.59942721093654 -7.481052612155078 25.585119268187007
-11.512484013674205 -7.614169136717623 25.585119268187004
-11.468438839777578 -7.680349626542303 25.585119268187007
-11.424013226280193 -7.746275338084911 25.585119268187004
-11.37920864690162 -7.811944084408618 25.585119268187007
-11.288468548186522 -7.942501976345426 25.585119268187007
-11.242536038948186 -8.007386790994836 25.585119268187007
-11.19623058392517 -8.072005978641617 25.585119268187007
-11.149553719196543 -8.13635739568991 25.585119268187007
-11.102506993162049 -8.200438907426546 25.585119268187007
-11.055091966490744 -8.264248388091875 25.585119268187004
-11.007310212069244 -8.32778372095022 25.585119268187007
-10.959163314949507 -8.391042798360186 25.585119268187007
-10.910652872296293 -8.454023521844492 25.585119268187004
-10.86178049333416 -8.51672380215966 25.585119268187007
-10.812547799294089 -8.579141559365242 25.585119268187004
-10.762956423359707 -8.64127472289288 25.585119268187007
-10.71300801061308 -8.703121231614974 25.585119268187007
-10.662704217980203 -8.764679033913026 25.585119268187004
-10.612046714175964 -8.825946087745749 25.585119268187004
-10.612046714175964 -8.825946087745749 25.585119268187004
-10.561037179648842 -8.886920360716763 25.585119268187004
-10.509677306525129 -8.947599830142051 25.585119268187004
-10.45796879855282 -9.00798248311702 25.585119268187007
-10.45796879855282 -9.00798248311702 25.585119268187007
-10.405913371045072 -9.068066316583305 25.585119268187007
-10.353512750823334 -9.1278493373952 25.585119268187004
-10.300768676160033 -9.187329562385777 25.585119268187007
-10.300768676160033 -9.187329562385777 25.585119268187007
-10.247682896720915 -9.246505018432694 25.585119268187007
-10.247682896720915 -9.246505018432694 25.585119268187007
-10.194257173507037 -9.305373742523601 25.585119268187007
-10.140493278796296 -9.363933781821318 25.585119268187004
-10.140493278796296 -9.363933781821318 25.585119268187004
-10.086392996084683 -9.422183193728577 25.585119268187007
-10.086392996084683 -9.422183193728577 25.585119268187007
-10.031958120027092 -9.480120045952473 25.585119268187007
-10.031958120027092 -9.480120045952473 25.585119268187007
-9.97719045637781 -9.53774241656855 25.585119268187004
-9.97719045637781 -9.53774241656855 25.585119268187004
-9.97719045637781 -9.53774241656855 25.585119268187004
-9.922091821930588 -9.595048394084602 25.585119268187004
-9.922091821930588 -9.595048394084602 25.585119268187004
-9.922091821930588 -9.595048394084602 25.585119268187004
-9.866664044458398 -9.65203607750402 25.585119268187004
-9.866664044458398 -9.65203607750402 25.585119268187004
-9.810908962652789 -9.708703576388897 25.585119268187004
-9.810908962652789 -9.708703576388897 25.585119268187004
-9.810908962652789 -9.708703576388897 25.585119268187004
-9.810908962652789 -9.708703576388897 25.585119268187004
-9.810908962652789 -9.708703576388897 25.585119268187004
-9.754828426062883 -9.76504901092273 25.585119268187007
-9.754828426062883 -9.76504901092273 25.585119268187007
-9.69842429503404 -9.82107051197276 25.585119268187004
-9.69842429503404 -9.82107051197276 25.585119268187004
-9.69842429503404 -9.82107051197276 25.585119268187004
-9.69842429503404 -9.82107051197276 25.585119268187004
-9.69842429503404 -9.82107051197276 25.585119268187004
-9.69842429503404 -9.82107051197276 25.585119268187004
-9.69842429503404 -9.82107051197276 25.585119268187004
-9.69842429503404 -9.82107051197276 25.585119268187004
-9.69842429503404 -9.82107051197276 25.585119268187004
-9.69842429503404 -9.82107051197276 25.585119268187004
-9.69842429503404 -9.82107051197276 25.585119268187004
-9.69842429503404 -9.82107051197276 25.585119268187004
-9.69842429503404 -9.82107051197276 25.585119268187004
-9.69842429503404 -9.82107051197276 25.585119268187004
-9.69842429503404 -9.82107051197276 25.585119268187004
-9.69842429503404 -9.82107051197276 25.585119268187004
-9.69842429503404 -9.82107051197276 25.585119268187004
-9.69842429503404 -9.82107051197276 25.585119268187004
-9.69842429503404 -9.82107051197276 25.585119268187004
-9.69842429503404 -9.82107051197276 25.585119268187004
-9.69842429503404 -9.82107051197276 25.585119268187004
-9.69842429503404 -9.82107051197276 25.585119268187004
-9.69842429503404 -9.82107051197276 25.585119268187004
-9.69842429503404 -9.82107051197276 25.585119268187004
-9.69842429503404 -9.82107051197276 25.585119268187004
-9.69842429503404 -9.82107051197276 25.585119268187004
-9.69842429503404 -9.82107051197276 25.585119268187004
-9.69842429503404 -9.82107051197276 25.585119268187004
-9.69842429503404 -9.82107051197276 25.585119268187004
-9.69842429503404 -9.82107051197276 25.585119268187004
-9.69842429503404 -9.82107051197276 25.585119268187004
-9.69842429503404 -9.82107051197276 25.585119268187004
-9.69842429503404 -9.82107051197276 25.585119268187004
-9.69842429503404 -9.82107051197276 25.585119268187004
-9.69842429503404 -9.82107051197276 25.585119268187004
-9.69842429503404 -9.82107051197276 25.585119268187004
-9.69842429503404 -9.82107051197276 25.585119268187004
-9.69842429503404 -9.82107051197276 25.585119268187004
-9.69842429503404 -9.82107051197276 25.585119268187004
-9.69842429503404 -9.82107051197276 25.585119268187004
-9.69842429503404 -9.82107051197276 25.585119268187004
-9.69842429503404 -9.82107051197276 25.585119268187004
-9.69842429503404 -9.82107051197276 25.585119268187004
-9.69842429503404 -9.82107051197276 25.585119268187004
-9.69842429503404 -9.82107051197276 25.585119268187004
-9.69842429503404 -9.82107051197276 25.585119268187004
-9.69842429503404 -9.82107051197276 25.585119268187004
-9.69842429503404 -9.82107051197276 25.585119268187004
-9.69842429503404 -9.82107051197276 25.585119268187004
-9.69842429503404 -9.82107051197276 25.585119268187004
-9.69842429503404 -9.82107051197276 25.585119268187004
-9.69842429503404 -9.82107051197276 25.585119268187004
-9.69842429503404 -9.82107051197276 25.585119268187004
-9.69842429503404 -9.82107051197276 25.585119268187004
-9.69842429503404 -9.82107051197276 25.585119268187004
-9.69842429503404 -9.82107051197276 25.585119268187004
-9.69842429503404 -9.82107051197276 25.585119268187004
-9.69842429503404 -9.82107051197276 25.585119268187004
-9.69842429503404 -9.82107051197276 25.585119268187004
-9.69842429503404 -9.82107051197276 25.585119268187004
-9.69842429503404 -9.82107051197276 25.585119268187004
-9.69842429503404 -9.82107051197276 25.585119268187004
-9.69842429503404 -9.82107051197276 25.585119268187004
-9.69842429503404 -9.82107051197276 25.585119268187004
-9.69842429503404 -9.82107051197276 25.585119268187004
-9.69842429503404 -9.82107051197276 25.585119268187004
-9.69842429503404 -9.82107051197276 25.585119268187004
-9.69842429503404 -9.82107051197276 25.585119268187004
-9.69842429503404 -9.82107051197276 25.585119268187004
-9.69842429503404 -9.82107051197276 25.585119268187004
-9.69842429503404 -9.82107051197276 25.585119268187004
-9.69842429503404 -9.82107051197276 25.585119268187004
-9.69842429503404 -9.82107051197276 25.585119268187004
-9.69842429503404 -9.82107051197276 25.585119268187004
-9.69842429503404 -9.82107051197276 25.585119268187004
-9.69842429503404 -9.82107051197276 25.585119268187004
-9.69842429503404 -9.82107051197276 25.585119268187004
-9.719694743079893 -9.842609945980255 25.533374860596503
-9.719694743079893 -9.842609945980255 25.533374860596503
-9.719694743079893 -9.842609945980255 25.533374860596503
-9.719694743079893 -9.842609945980255 25.533374860596503
-9.719694743079893 -9.842609945980255 25.533374860596503
-9.719694743079893 -9.842609945980255 25.533374860596503
-9.719694743079893 -9.842609945980255 25.533374860596503
-9.719694743079893 -9.842609945980255 25.533374860596503
-9.719694743079893 -9.842609945980255 25.533374860596503
-9.719694743079893 -9.842609945980255 25.533374860596503
-9.719694743079893 -9.842609945980255 25.533374860596503
-9.719694743079893 -9.842609945980255 25.533374860596503
-9.719694743079893 -9.842609945980255 25.533374860596503
-9.719694743079893 -9.842609945980255 25.533374860596503
-9.719694743079893 -9.842609945980255 25.533374860596503
-9.719694743079893 -9.842609945980255 25.533374860596503
-9.719694743079893 -9.842609945980255 25.533374860596503
-9.719694743079893 -9.842609945980255 25.533374860596503
-9.719694743079893 -9.842609945980255 25.533374860596503
-9.719694743079893 -9.842609945980255 25.533374860596503
-9.719694743079893 -9.842609945980255 25.533374860596503
-9.719694743079893 -9.842609945980255 25.533374860596503
-9.719694743079893 -9.842609945980255 25.533374860596503
-9.719694743079893 -9.842609945980255 25.533374860596503
-9.719694743079893 -9.842609945980255 25.533374860596503
-9.719694743079893 -9.842609945980255 25.533374860596503
-9.719694743079893 -9.842609945980255 25.533374860596503
-9.719694743079893 -9.842609945980255 25.533374860596503
-9.719694743079893 -9.842609945980255 25.533374860596503
-9.719694743079893 -9.842609945980255 25.533374860596503
-9.719694743079893 -9.842609945980255 25.533374860596503
-9.719694743079893 -9.842609945980255 25.533374860596503
-9.719694743079893 -9.842609945980255 25.533374860596503
-9.719694743079893 -9.842609945980255 25.533374860596503
-9.719694743079893 -9.842609945980255 25.533374860596503
-9.719694743079893 -9.842609945980255 25.533374860596503
-9.719694743079893 -9.842609945980255 25.533374860596503
-9.719694743079893 -9.842609945980255 25.533374860596503
-9.719694743079893 -9.842609945980255 25.533374860596503
-9.719694743079893 -9.842609945980255 25.533374860596503
-9.719694743079893 -9.842609945980255 25.533374860596503
-9.719694743079893 -9.842609945980255 25.533374860596503
-9.719694743079893 -9.842609945980255 25.533374860596503
-9.719694743079893 -9.842609945980255 25.533374860596503
-9.719694743079893 -9.842609945980255 25.533374860596503
-9.719694743079893 -9.842609945980255 25.533374860596503
-9.719694743079893 -9.842609945980255 25.533374860596503
-9.719694743079893 -9.842609945980255 25.533374860596503
-9.719694743079893 -9.842609945980255 25.533374860596503
-9.719694743079893 -9.842609945980255 25.533374860596503
-9.719694743079893 -9.842609945980255 25.533374860596503
-9.719694743079893 -9.842609945980255 25.533374860596503
-9.719694743079893 -9.842609945980255 25.533374860596503
-9.719694743079893 -9.842609945980255 25.533374860596503
-9.719694743079893 -9.842609945980255 25.533374860596503
-9.719694743079893 -9.842609945980255 25.533374860596503
-9.719694743079893 -9.842609945980255 25.533374860596503
-9.719694743079893 -9.842609945980255 25.533374860596503
-9.719694743079893 -9.842609945980255 25.533374860596503
-9.719694743079893 -9.842609945980255 25.533374860596503
-9.719694743079893 -9.842609945980255 25.533374860596503
-9.719694743079893 -9.842609945980255 25.533374860596503
-9.719694743079893 -9.842609945980255 25.533374860596503
-9.719694743079893 -9.842609945980255 25.533374860596503
-9.719694743079893 -9.842609945980255 25.533374860596503
-9.719694743079893 -9.842609945980255 25.533374860596503
-9.719694743079893 -9.842609945980255 25.533374860596503
-9.719694743079893 -9.842609945980255 25.533374860596503
-9.719694743079893 -9.842609945980255 25.533374860596503
-9.719694743079893 -9.842609945980255 25.533374860596503
-9.719694743079893 -9.842609945980255 25.533374860596503
-9.719694743079893 -9.842609945980255 25.533374860596503
-9.719694743079893 -9.842609945980255 25.533374860596503
-9.719694743079893 -9.842609945980255 25.533374860596503
-9.719694743079893 -9.842609945980255 25.533374860596503
-9.719694743079893 -9.842609945980255 25.533374860596503
-9.719694743079893 -9.842609945980255 25.533374860596503
-9.719694743079893 -9.842609945980255 25.533374860596503
-9.719694743079893 -9.842609945980255 25.533374860596503
-9.719694743079893 -9.842609945980255 25.533374860596503
-9.719694743079893 -9.842609945980255 25.533374860596503
-9.719694743079893 -9.842609945980255 25.533374860596503
-9.719694743079893 -9.842609945980255 25.533374860596503
-9.719694743079893 -9.842609945980255 25.533374860596503
-9.719694743079893 -9.842609945980255 25.533374860596503
-9.719694743079893 -9.842609945980255 25.533374860596503
-9.719694743079893 -9.842609945980255 25.533374860596503
-9.719694743079893 -9.842609945980255 25.533374860596503
-9.719694743079893 -9.842609945980255 25.533374860596503
-9.719694743079893 -9.842609945980255 25.533374860596503
-9.719694743079893 -9.842609945980255 25.533374860596503
-9.719694743079893 -9.842609945980255 25.533374860596503
-9.719694743079893 -9.842609945980255 25.533374860596503
-9.719694743079893 -9.842609945980255 25.533374860596503
-9.719694743079893 -9.842609945980255 25.533374860596503
-9.719694743079893 -9.842609945980255 25.533374860596503
-9.719694743079893 -9.842609945980255 25.533374860596503
-9.719694743079893 -9.842609945980255 25.533374860596503
-9.719694743079893 -9.842609945980255 25.533374860596503
-9.719694743079893 -9.842609945980255 25.533374860596503
-9.719694743079893 -9.842609945980255 25.533374860596503
-9.719694743079893 -9.842609945980255 25.533374860596503
-9.719694743079893 -9.842609945980255 25.533374860596503
-9.719694743079893 -9.842609945980255 25.533374860596503
-9.719694743079893 -9.842609945980255 25.533374860596503
-9.719694743079893 -9.842609945980255 25.533374860596503
-9.719694743079893 -9.842609945980255 25.533374860596503
-9.719694743079893 -9.842609945980255 25.533374860596503
-9.719694743079893 -9.842609945980255 25.533374860596503
-9.719694743079893 -9.842609945980255 25.533374860596503
-9.719694743079893 -9.842609945980255 25.533374860596503
-9.719694743079893 -9.842609945980255 25.533374860596503
-9.719694743079893 -9.842609945980255 25.533374860596503
-9.719694743079893 -9.842609945980255 25.533374860596503
-9.719694743079893 -9.842609945980255 25.533374860596503
-9.719694743079893 -9.842609945980255 25.533374860596503
-9.719694743079893 -9.842609945980255 25.533374860596503
-9.719694743079893 -9.842609945980255 25.533374860596503
-9.719694743079893 -9.842609945980255 25.533374860596503
-9.719694743079893 -9.842609945980255 25.533374860596503
-9.719694743079893 -9.842609945980255 25.533374860596503
-9.719694743079893 -9.842609945980255 25.533374860596503
-9.719694743079893 -9.842609945980255 25.533374860596503
-9.719694743079893 -9.842609945980255 25.533374860596503
-9.719694743079893 -9.842609945980255 25.533374860596503
-9.719694743079893 -9.842609945980255 25.533374860596503
-9.719694743079893 -9.842609945980255 25.533374860596503
-9.719694743079893 -9.842609945980255 25.533374860596503
-9.719694743079893 -9.842609945980255 25.533374860596503
-9.719694743079893 -9.842609945980255 25.533374860596503
-9.719694743079893 -9.842609945980255 25.533374860596503
-9.719694743079893 -9.842609945980255 25.533374860596503
-9.719694743079893 -9.842609945980255 25.533374860596503
-9.719694743079893 -9.842609945980255 25.533374860596503
-9.719694743079893 -9.842609945980255 25.533374860596503
-9.719694743079893 -9.842609945980255 25.533374860596503
-9.719694743079893 -9.842609945980255 25.533374860596503
-9.719694743079893 -9.842609945980255 25.533374860596503
-9.719694743079893 -9.842609945980255 25.533374860596503
-9.719694743079893 -9.842609945980255 25.533374860596503
-9.719694743079893 -9.842609945980255 25.533374860596503
-9.719694743079893 -9.842609945980255 25.533374860596503
-9.719694743079893 -9.842609945980255 25.533374860596503
-9.719694743079893 -9.842609945980255 25.533374860596503
-9.719694743079893 -9.842609945980255 25.533374860596503
-9.719694743079893 -9.842609945980255 25.533374860596503
-9.719694743079893 -9.842609945980255 25.533374860596503
-9.719694743079893 -9.842609945980255 25.533374860596503
-9.719694743079893 -9.842609945980255 25.533374860596503
-9.719694743079893 -9.842609945980255 25.533374860596503
-9.719694743079893 -9.842609945980255 25.533374860596503
-9.719694743079893 -9.842609945980255 25.533374860596503
-9.719694743079893 -9.842609945980255 25.533374860596503
-9.719694743079893 -9.842609945980255 25.533374860596503
-9.719694743079893 -9.842609945980255 25.533374860596503
-9.719694743079893 -9.842609945980255 25.533374860596503
-9.719694743079893 -9.842609945980255 25.533374860596503
-9.719694743079893 -9.842609945980255 25.533374860596503
-9.719694743079893 -9.842609945980255 25.533374860596503
-9.719694743079893 -9.842609945980255 25.533374860596503
-9.719694743079893 -9.842609945980255 25.533374860596503
-9.719694743079893 -9.842609945980255 25.533374860596503
-9.719694743079893 -9.842609945980255 25.533374860596503
-9.719694743079893 -9.842609945980255 25.533374860596503
-9.719694743079893 -9.842609945980255 25.533374860596503
-9.719694743079893 -9.842609945980255 25.533374860596503
-9.719694743079893 -9.842609945980255 25.533374860596503
-9.719694743079893 -9.842609945980255 25.533374860596503
-9.719694743079893 -9.842609945980255 25.533374860596503
-9.719694743079893 -9.842609945980255 25.533374860596503
-9.719694743079893 -9.842609945980255 25.533374860596503
-9.719694743079893 -9.842609945980255 25.533374860596503
-9.719694743079893 -9.842609945980255 25.533374860596503
-9.719694743079893 -9.842609945980255 25.533374860596503
-9.719694743079893 -9.842609945980255 25.533374860596503
-9.719694743079893 -9.842609945980255 25.533374860596503
-9.719694743079893 -9.842609945980255 25.533374860596503
-9.719694743079893 -9.842609945980255 25.533374860596503
-9.719694743079893 -9.842609945980255 25.533374860596503
-9.719694743079893 -9.842609945980255 25.533374860596503
-9.719694743079893 -9.842609945980255 25.533374860596503
-9.719694743079893 -9.842609945980255 25.533374860596503
-9.719694743079893 -9.842609945980255 25.533374860596503
-9.719694743079893 -9.842609945980255 25.533374860596503
-9.719694743079893 -9.842609945980255 25.533374860596503
-9.719694743079893 -9.842609945980255 25.533374860596503
-9.719694743079893 -9.842609945980255 25.533374860596503
-9.719694743079893 -9.842609945980255 25.533374860596503
-9.719694743079893 -9.842609945980255 25.533374860596503
-9.719694743079893 -9.842609945980255 25.533374860596503
-9.719694743079893 -9.842609945980255 25.533374860596503
-9.719694743079893 -9.842609945980255 25.533374860596503
-9.719694743079893 -9.842609945980255 25.533374860596503
-9.719694743079893 -9.842609945980255 25.533374860596503
-9.719694743079893 -9.842609945980255 25.533374860596503
-9.719694743079893 -9.842609945980255 25.533374860596503
-9.719694743079893 -9.842609945980255 25.533374860596503
-9.719694743079893 -9.842609945980255 25.533374860596503
-9.719694743079893 -9.842609945980255 25.533374860596503
-9.719694743079893 -9.842609945980255 25.533374860596503
-9.719694743079893 -9.842609945980255 25.533374860596503
-9.719694743079893 -9.842609945980255 25.533374860596503
-9.719694743079893 -9.842609945980255 25.533374860596503
-9.719694743079893 -9.842609945980255 25.533374860596503
-9.719694743079893 -9.842609945980255 25.533374860596503
-9.719694743079893 -9.842609945980255 25.533374860596503
-9.719694743079893 -9.842609945980255 25.533374860596503
-9.719694743079893 -9.842609945980255 25.533374860596503
-9.719694743079893 -9.842609945980255 25.533374860596503
-9.719694743079893 -9.842609945980255 25.533374860596503
-9.719694743079893 -9.842609945980255 25.533374860596503
-9.719694743079893 -9.842609945980255 25.533374860596503
-9.719694743079893 -9.842609945980255 25.533374860596503
-9.719694743079893 -9.842609945980255 25.533374860596503
-9.719694743079893 -9.842609945980255 25.533374860596503
-9.719694743079893 -9.842609945980255 25.533374860596503
-9.719694743079893 -9.842609945980255 25.533374860596503
-9.719694743079893 -9.842609945980255 25.533374860596503
-9.719694743079893 -9.842609945980255 25.533374860596503
-9.719694743079893 -9.842609945980255 25.533374860596503
-9.719694743079893 -9.842609945980255 25.533374860596503
-9.719694743079893 -9.842609945980255 25.533374860596503
-9.719694743079893 -9.842609945980255 25.533374860596503
-9.719694743079893 -9.842609945980255 25.533374860596503
-9.719694743079893 -9.842609945980255 25.533374860596503
-9.719694743079893 -9.842609945980255 25.533374860596503
-9.719694743079893 -9.842609945980255 25.533374860596503
-9.719694743079893 -9.842609945980255 25.533374860596503
-9.719694743079893 -9.842609945980255 25.533374860596503
-9.719694743079893 -9.842609945980255 25.533374860596503
-9.719694743079893 -9.842609945980255 25.533374860596503
-9.719694743079893 -9.842609945980255 25.533374860596503
-9.719694743079893 -9.842609945980255 25.533374860596503
-9.719694743079893 -9.842609945980255 25.533374860596503
-9.719694743079893 -9.842609945980255 25.533374860596503
-9.719694743079893 -9.842609945980255 25.533374860596503
-9.719694743079893 -9.842609945980255 25.533374860596503
-9.719694743079893 -9.842609945980255 25.533374860596503
-9.719694743079893 -9.842609945980255 25.533374860596503
-9.719694743079893 -9.842609945980255 25.533374860596503
-9.719694743079893 -9.842609945980255 25.533374860596503
-9.719694743079893 -9.842609945980255 25.533374860596503
-9.719694743079893 -9.842609945980255 25.533374860596503
-9.719694743079893 -9.842609945980255 25.533374860596503
-9.719694743079893 -9.842609945980255 25.533374860596503
-9.719694743079893 -9.842609945980255 25.533374860596503
-9.719694743079893 -9.842609945980255 25.533374860596503
-9.719694743079893 -9.842609945980255 25.533374860596503
-9.719694743079893 -9.842609945980255 25.533374860596503
-9.719694743079893 -9.842609945980255 25.533374860596503
-9.719694743079893 -9.842609945980255 25.533374860596503
-9.719694743079893 -9.842609945980255 25.533374860596503
-9.719694743079893 -9.842609945980255 25.533374860596503
-9.719694743079893 -9.842609945980255 25.533374860596503
-9.719694743079893 -9.842609945980255 25.533374860596503
-9.719694743079893 -9.842609945980255 25.533374860596503
-9.719694743079893 -9.842609945980255 25.533374860596503
-9.719694743079893 -9.842609945980255 25.533374860596503
-9.719694743079893 -9.842609945980255 25.533374860596503
-9.719694743079893 -9.842609945980255 25.533374860596503
-9.719694743079893 -9.842609945980255 25.533374860596503
-9.719694743079893 -9.842609945980255 25.533374860596503
-9.719694743079893 -9.842609945980255 25.533374860596503
-9.719694743079893 -9.842609945980255 25.533374860596503
-9.719694743079893 -9.842609945980255 25.533374860596503
-9.719694743079893 -9.842609945980255 25.533374860596503
-9.719694743079893 -9.842609945980255 25.533374860596503
-9.719694743079893 -9.842609945980255 25.533374860596503
-9.719694743079893 -9.842609945980255 25.533374860596503
-9.719694743079893 -9.842609945980255 25.533374860596503
-9.719694743079893 -9.842609945980255 25.533374860596503
-9.719694743079893 -9.842609945980255 25.533374860596503
-9.719694743079893 -9.842609945980255 25.533374860596503
-9.719694743079893 -9.842609945980255 25.533374860596503
-9.719694743079893 -9.842609945980255 25.533374860596503
-9.719694743079893 -9.842609945980255 25.533374860596503
-9.719694743079893 -9.842609945980255 25.533374860596503
-9.719694743079893 -9.842609945980255 25.533374860596503
-9.719694743079893 -9.842609945980255 25.533374860596503
-9.719694743079893 -9.842609945980255 25.533374860596503
-9.719694743079893 -9.842609945980255 25.533374860596503
-9.719694743079893 -9.842609945980255 25.533374860596503
-9.719694743079893 -9.842609945980255 25.533374860596503
-9.719694743079893 -9.842609945980255 25.533374860596503
-9.719694743079893 -9.842609945980255 25.533374860596503
-9.719694743079893 -9.842609945980255 25.533374860596503
-9.719694743079893 -9.842609945980255 25.533374860596503
-9.719694743079893 -9.842609945980255 25.533374860596503
-9.719694743079893 -9.842609945980255 25.533374860596503
-9.719694743079893 -9.842609945980255 25.533374860596503
-9.719694743079893 -9.842609945980255 25.533374860596503
-9.719694743079893 -9.842609945980255 25.533374860596503
-9.719694743079893 -9.842609945980255 25.533374860596503
-9.719694743079893 -9.842609945980255 25.533374860596503
-9.719694743079893 -9.842609945980255 25.533374860596503
-9.719694743079893 -9.842609945980255 25.533374860596503
-9.719694743079893 -9.842609945980255 25.533374860596503
-9.719694743079893 -9.842609945980255 25.533374860596503
-9.719694743079893 -9.842609945980255 25.533374860596503
-9.719694743079893 -9.842609945980255 25.533374860596503
-9.719694743079893 -9.842609945980255 25.533374860596503
-9.719694743079893 -9.842609945980255 25.533374860596503
-9.719694743079893 -9.842609945980255 25.533374860596503
-9.719694743079893 -9.842609945980255 25.533374860596503
-9.719694743079893 -9.842609945980255 25.533374860596503
-9.719694743079893 -9.842609945980255 25.533374860596503
-9.719694743079893 -9.842609945980255 25.533374860596503
-9.719694743079893 -9.842609945980255 25.533374860596503
-9.719694743079893 -9.842609945980255 25.533374860596503
-9.719694743079893 -9.842609945980255 25.533374860596503
-9.719694743079893 -9.842609945980255 25.533374860596503
-9.719694743079893 -9.842609945980255 25.533374860596503
-9.719694743079893 -9.842609945980255 25.533374860596503
-9.719694743079893 -9.842609945980255 25.533374860596503
-9.719694743079893 -9.842609945980255 25.533374860596503
-9.719694743079893 -9.842609945980255 25.533374860596503
-9.719694743079893 -9.842609945980255 25.533374860596503
-9.719694743079893 -9.842609945980255 25.533374860596503
-9.719694743079893 -9.842609945980255 25.533374860596503
-9.719694743079893 -9.842609945980255 25.533374860596503
-9.719694743079893 -9.842609945980255 25.533374860596503
-9.719694743079893 -9.842609945980255 25.533374860596503
-9.719694743079893 -9.842609945980255 25.533374860596503
-9.719694743079893 -9.842609945980255 25.533374860596503
-9.719694743079893 -9.842609945980255 25.533374860596503
-9.719694743079893 -9.842609945980255 25.533374860596503
-9.719694743079893 -9.842609945980255 25.533374860596503
-9.719694743079893 -9.842609945980255 25.533374860596503
-9.719694743079893 -9.842609945980255 25.533374860596503
-9.719694743079893 -9.842609945980255 25.533374860596503
-9.719694743079893 -9.842609945980255 25.533374860596503
-9.719694743079893 -9.842609945980255 25.533374860596503
-9.719694743079893 -9.842609945980255 25.533374860596503
-9.719694743079893 -9.842609945980255 25.533374860596503
-9.719694743079893 -9.842609945980255 25.533374860596503
-9.719694743079893 -9.842609945980255 25.533374860596503
-9.719694743079893 -9.842609945980255 25.533374860596503
-9.719694743079893 -9.842609945980255 25.533374860596503
-9.719694743079893 -9.842609945980255 25.533374860596503
-9.719694743079893 -9.842609945980255 25.533374860596503
-9.719694743079893 -9.842609945980255 25.533374860596503
-9.719694743079893 -9.842609945980255 25.533374860596503
-9.719694743079893 -9.842609945980255 25.533374860596503
-9.719694743079893 -9.842609945980255 25.533374860596503
-9.719694743079893 -9.842609945980255 25.533374860596503
-9.719694743079893 -9.842609945980255 25.533374860596503
-9.719694743079893 -9.842609945980255 25.533374860596503
-9.719694743079893 -9.842609945980255 25.533374860596503
-9.719694743079893 -9.842609945980255 25.533374860596503
-9.719694743079893 -9.842609945980255 25.533374860596503
-9.719694743079893 -9.842609945980255 25.533374860596503
-9.719694743079893 -9.842609945980255 25.533374860596503
-9.719694743079893 -9.842609945980255 25.533374860596503
-9.719694743079893 -9.842609945980255 25.533374860596503
-9.719694743079893 -9.842609945980255 25.533374860596503
-9.719694743079893 -9.842609945980255 25.533374860596503
-9.719694743079893 -9.842609945980255 25.533374860596503
-9.719694743079893 -9.842609945980255 25.533374860596503
-9.719694743079893 -9.842609945980255 25.533374860596503
-9.719694743079893 -9.842609945980255 25.533374860596503
-9.719694743079893 -9.842609945980255 25.533374860596503
-9.719694743079893 -9.842609945980255 25.533374860596503
-9.719694743079893 -9.842609945980255 25.533374860596503
-9.719694743079893 -9.842609945980255 25.533374860596503
-9.719694743079893 -9.842609945980255 25.533374860596503
-9.719694743079893 -9.842609945980255 25.533374860596503
-9.719694743079893 -9.842609945980255 25.533374860596503
-9.694363976758916 -9.816958846936465 25.526761638020112
-9.694363976758916 -9.816958846936465 25.526761638020112
-9.694363976758916 -9.816958846936465 25.526761638020112
-9.694363976758916 -9.816958846936465 25.526761638020112
-9.694363976758916 -9.816958846936465 25.526761638020112
-9.694363976758916 -9.816958846936465 25.526761638020112
-9.694363976758916 -9.816958846936465 25.526761638020112
-9.694363976758916 -9.816958846936465 25.526761638020112
-9.669050411882253 -9.791325166866352 25.520016328782926
-9.669050411882253 -9.791325166866352 25.520016328782926
-9.643754388502545 -9.765709250122864 25.513139023498816
-9.643754388502545 -9.765709250122864 25.513139023498816
-9.643754388502545 -9.765709250122864 25.513139023498816
-9.618476246436783 -9.740111440820312 25.506129814554843
-9.618476246436783 -9.740111440820312 25.506129814554843
-9.618476246436783 -9.740111440820312 25.506129814554843
-9.593216325261746 -9.714532082829765 25.498988796110012
-9.593216325261746 -9.714532082829765 25.498988796110012
-9.593216325261746 -9.714532082829765 25.498988796110012
-9.593216325261746 -9.714532082829765 25.498988796110012
-9.567974964309448 -9.688971519774421 25.491716064093996
-9.567974964309448 -9.688971519774421 25.491716064093996
-9.542752502662571 -9.663430095025006 25.48431171620587
-9.542752502662571 -9.663430095025006 25.48431171620587
-9.542752502662571 -9.663430095025006 25.48431171620587
-9.542752502662571 -9.663430095025006 25.48431171620587
-9.5175492791499 -9.63790815169513 25.476775851912766
-9.5175492791499 -9.63790815169513 25.476775851912766
-9.5175492791499 -9.63790815169513 25.476775851912766
-9.492365632341793 -9.61240603263671 25.469108572448587
-9.492365632341793 -9.61240603263671 25.469108572448587
-9.492365632341793 -9.61240603263671 25.469108572448587
-9.492365632341793 -9.61240603263671 25.469108572448587
-9.467201900545623 -9.58692408043535 25.46130998081259
-9.467201900545623 -9.58692408043535 25.46130998081259
-9.467201900545623 -9.58692408043535 25.46130998081259
-9.44205842180123 -9.561462637405743 25.45338018176804
-9.44205842180123 -9.561462637405743 25.45338018176804
-9.44205842180123 -9.561462637405743 25.45338018176804
-9.44205842180123 -9.561462637405743 25.45338018176804
-9.44205842180123 -9.561462637405743 25.45338018176804
-9.44205842180123 -9.561462637405743 25.45338018176804
-9.44205842180123 -9.561462637405743 25.45338018176804
-9.44205842180123 -9.561462637405743 25.45338018176804
-9.44205842180123 -9.561462637405743 25.45338018176804
-9.44205842180123 -9.561462637405743 25.45338018176804
-9.44205842180123 -9.561462637405743 25.45338018176804
-9.44205842180123 -9.561462637405743 25.45338018176804
-9.44205842180123 -9.561462637405743 25.45338018176804
-9.44205842180123 -9.561462637405743 25.45338018176804
-9.44205842180123 -9.561462637405743 25.45338018176804
-9.44205842180123 -9.561462637405743 25.45338018176804
-9.44205842180123 -9.561462637405743 25.45338018176804
-9.44205842180123 -9.561462637405743 25.45338018176804
-9.44205842180123 -9.561462637405743 25.45338018176804
-9.44205842180123 -9.561462637405743 25.45338018176804
-9.44205842180123 -9.561462637405743 25.45338018176804
-9.44205842180123 -9.561462637405743 25.45338018176804
-9.44205842180123 -9.561462637405743 25.45338018176804
-9.44205842180123 -9.561462637405743 25.45338018176804
-9.44205842180123 -9.561462637405743 25.45338018176804
-9.44205842180123 -9.561462637405743 25.45338018176804
-9.44205842180123 -9.561462637405743 25.45338018176804
-9.44205842180123 -9.561462637405743 25.45338018176804
-9.44205842180123 -9.561462637405743 25.45338018176804
-9.44205842180123 -9.561462637405743 25.45338018176804
-9.44205842180123 -9.561462637405743 25.45338018176804
-9.44205842180123 -9.561462637405743 25.45338018176804
-9.44205842180123 -9.561462637405743 25.45338018176804
-9.44205842180123 -9.561462637405743 25.45338018176804
-9.44205842180123 -9.561462637405743 25.45338018176804
-9.44205842180123 -9.561462637405743 25.45338018176804
-9.44205842180123 -9.561462637405743 25.45338018176804
-9.44205842180123 -9.561462637405743 25.45338018176804
-9.44205842180123 -9.561462637405743 25.45338018176804
-9.44205842180123 -9.561462637405743 25.45338018176804
-9.44205842180123 -9.561462637405743 25.45338018176804
-9.44205842180123 -9.561462637405743 25.45338018176804
-9.44205842180123 -9.561462637405743 25.45338018176804
-9.44205842180123 -9.561462637405743 25.45338018176804
-9.44205842180123 -9.561462637405743 25.45338018176804
-9.44205842180123 -9.561462637405743 25.45338018176804
-9.44205842180123 -9.561462637405743 25.45338018176804
-9.44205842180123 -9.561462637405743 25.45338018176804
-9.44205842180123 -9.561462637405743 25.45338018176804
-9.44205842180123 -9.561462637405743 25.45338018176804
-9.44205842180123 -9.561462637405743 25.45338018176804
-9.44205842180123 -9.561462637405743 25.45338018176804
-9.44205842180123 -9.561462637405743 25.45338018176804
-9.44205842180123 -9.561462637405743 25.45338018176804
-9.44205842180123 -9.561462637405743 25.45338018176804
-9.44205842180123 -9.561462637405743 25.45338018176804
-9.44205842180123 -9.561462637405743 25.45338018176804
-9.44205842180123 -9.561462637405743 25.45338018176804
-9.44205842180123 -9.561462637405743 25.45338018176804
-9.44205842180123 -9.561462637405743 25.45338018176804
-9.44205842180123 -9.561462637405743 25.45338018176804
-9.44205842180123 -9.561462637405743 25.45338018176804
-9.44205842180123 -9.561462637405743 25.45338018176804
-9.44205842180123 -9.561462637405743 25.45338018176804
-9.44205842180123 -9.561462637405743 25.45338018176804
-9.44205842180123 -9.561462637405743 25.45338018176804
-9.44205842180123 -9.561462637405743 25.45338018176804
-9.467201900545623 -9.58692408043535 25.46130998081259
-9.467201900545623 -9.58692408043535 25.46130998081259
-9.467201900545623 -9.58692408043535 25.46130998081259
-9.467201900545623 -9.58692408043535 25.46130998081259
-9.467201900545623 -9.58692408043535 25.46130998081259
-9.467201900545623 -9.58692408043535 25.46130998081259
-9.467201900545623 -9.58692408043535 25.46130998081259
-9.467201900545623 -9.58692408043535 25.46130998081259
-9.467201900545623 -9.58692408043535 25.46130998081259
-9.467201900545623 -9.58692408043535 25.46130998081259
-9.467201900545623 -9.58692408043535 25.46130998081259
-9.467201900545623 -9.58692408043535 25.46130998081259
-9.467201900545623 -9.58692408043535 25.46130998081259
-9.467201900545623 -9.58692408043535 25.46130998081259
-9.467201900545623 -9.58692408043535 25.46130998081259
-9.467201900545623 -9.58692408043535 25.46130998081259
-9.467201900545623 -9.58692408043535 25.46130998081259
-9.467201900545623 -9.58692408043535 25.46130998081259
-9.467201900545623 -9.58692408043535 25.46130998081259
-9.467201900545623 -9.58692408043535 25.46130998081259
-9.467201900545623 -9.58692408043535 25.46130998081259
-9.467201900545623 -9.58692408043535 25.46130998081259
-9.467201900545623 -9.58692408043535 25.46130998081259
-9.467201900545623 -9.58692408043535 25.46130998081259
-9.467201900545623 -9.58692408043535 25.46130998081259
-9.467201900545623 -9.58692408043535 25.46130998081259
-9.467201900545623 -9.58692408043535 25.46130998081259
-9.467201900545623 -9.58692408043535 25.46130998081259
-9.467201900545623 -9.58692408043535 25.46130998081259
-9.467201900545623 -9.58692408043535 25.46130998081259
-9.467201900545623 -9.58692408043535 25.46130998081259
-9.467201900545623 -9.58692408043535 25.46130998081259
-9.467201900545623 -9.58692408043535 25.46130998081259
-9.467201900545623 -9.58692408043535 25.46130998081259
-9.467201900545623 -9.58692408043535 25.46130998081259
-9.467201900545623 -9.58692408043535 25.46130998081259
-9.467201900545623 -9.58692408043535 25.46130998081259
-9.467201900545623 -9.58692408043535 25.46130998081259
-9.467201900545623 -9.58692408043535 25.46130998081259
-9.467201900545623 -9.58692408043535 25.46130998081259
-9.467201900545623 -9.58692408043535 25.46130998081259
-9.467201900545623 -9.58692408043535 25.46130998081259
-9.467201900545623 -9.58692408043535 25.46130998081259
-9.467201900545623 -9.58692408043535 25.46130998081259
-9.467201900545623 -9.58692408043535 25.46130998081259
-9.467201900545623 -9.58692408043535 25.46130998081259
-9.467201900545623 -9.58692408043535 25.46130998081259
-9.467201900545623 -9.58692408043535 25.46130998081259
-9.488155050548357 -9.60814220385053 25.410772513808965
-9.488155050548357 -9.60814220385053 25.410772513808965
-9.50897790860804 -9.629228387651507 25.360126089824853
