14.891639566061116 -0.17154696102198938 24.63103191789881
14.89040453367425 -0.2573133281548281 24.63103191789881
14.876821430631896 -0.6859602367515915 24.63103191789881
14.810212695370067 -1.2827034310467667 24.686666440629676
14.684922948351728 -2.12921249407736 24.742201733740934
14.476059937469044 -3.1324796973247593 24.797637051192936
14.222155532843795 -4.035190457170519 24.852971648289074
13.909529870244747 -5.0077388924352535 24.852971648289074
13.505057009334347 -5.94518094958391 24.908204781685775
12.997792002228845 -6.925604823776668 24.963335709402486
12.509245143183385 -7.719836414581372 25.018363690831666
11.923174938769826 -8.548751582448574 25.073287986748678
11.17404091019325 -9.462872296185482 25.128107859321783
10.414348204287199 -10.252031500130775 25.18282257212202
9.618269354121328 -11.002349432343264 25.18282257212202
8.615917064621183 -11.767847783818064 25.23743139013311
7.624767307726056 -12.398730654043748 25.291933579761302
6.6759211405498275 -12.934360256837294 25.291933579761302
5.601074812306236 -13.402939818025835 25.346328408845277
4.494137657601336 -13.782407306178923 25.40061514666593
3.206769913993701 -14.137490978161203 25.40061514666593
2.0533917547642946 -14.32036299657449 25.454793063956238
0.8914080157160549 -14.409297085247848 25.508861432911004
-0.4374446319293059 -14.400014722234186 25.562819527196684
-1.5925335405009833 -14.28779520026423 25.616666621961112
-2.656865593025215 -14.128634752972875 25.616666621961112
-4.095998202432742 -13.748516867687595 25.67040199384323
-5.17895457254804 -13.345233118894905 25.724024920982863
-6.311150688387807 -12.848587255049782 25.724024920982863
-7.238905569372607 -12.31378290548662 25.77753468303034
-8.13975227666782 -11.73777816114401 25.77753468303034
-9.102298285707391 -10.967665616334086 25.8309305611562
-9.897228269344486 -10.256041913828017 25.8309305611562
-10.613290728904591 -9.466070225761968 25.8842118380609
-11.341268510796365 -8.580446036269224 25.884211838060903
-11.968926114342425 -7.6221104090882 25.93737779798437
-12.505561193057819 -6.705423078792653 25.93737779798437
-13.005029191576549 -5.676352274582737 25.93737779798437
-13.363237364957557 -4.677120977394533 25.99042772671565
-13.67566686485654 -3.6643838923953784 25.99042772671565
-13.89607874304697 -2.7111932938136074 25.99042772671565
-14.050137022031524 -1.7450567817469111 25.99042772671565
-14.095412195758268 -0.9312744262826311 26.043360911602537
-14.1260946247943 -0.03698211373815535 26.043360911602537
-14.10479980877105 0.7762341012034868 26.043360911602537
-14.027355785599928 1.667695022950918 26.043360911602537
-13.92210585857112 2.392255314158319 26.043360911602537
-13.779455611589448 3.1103890550243154 26.043360911602537
-13.531753700849215 4.054572579808213 26.043360911602537
-13.330636674443815 4.673547141021744 26.043360911602537
-13.10122289246967 5.282601229243757 26.043360911602537
-12.877655020354709 5.806368762153515 26.043360911602537
-12.633157754271943 6.320699500930071 26.043360911602537
-12.407230884960429 6.753409419890299 26.043360911602537
-12.166488500428716 7.17805507044316 26.043360911602537
-11.911218071950238 7.594129381820206 26.043360911602537
-11.73311647573945 7.866504610823696 26.043360911602537
-11.454318419567107 8.267194600863384 26.043360911602537
-11.260833133438682 8.528865936701578 26.043360911602537
-11.061371251149838 8.786010645885584 26.043360911602537
-10.85603863548227 9.038492250939605 26.043360911602537
-10.644944265061964 9.28617674929265 26.043360911602537
-10.482909619419468 9.468712844756764 26.043360911602537
-10.317745320972518 9.648422073941866 26.043360911602537
-10.149500679209472 9.825250784998083 26.043360911602537
-9.978225923249356 9.999146186048762 26.043360911602537
-9.862384570300737 10.113421162636952 26.043360911602537
-9.745234578718918 10.226354190576425 26.043360911602537
-9.62679149312233 10.33793028479717 26.043360911602537
-9.446736739038672 10.502717839144113 26.043360911602537
-9.386089074175583 10.556952634023737 26.043360911602537
-9.26386167960071 10.664369826980145 26.043360911602537
-9.202286004507139 10.717548661733753 26.043360911602537
-9.140405064323668 10.770371965975235 26.043360911602537
-9.078220911810947 10.822837987410573 26.043360911602537
-9.01573560978803 10.874944985597816 26.043360911602537
-9.01573560978803 10.874944985597816 26.043360911602537
-8.952951231063937 10.926691232004757 26.043360911602537
-8.952951231063937 10.926691232004757 26.043360911602537
-8.952951231063937 10.926691232004757 26.043360911602537
-8.952951231063937 10.926691232004757 26.043360911602537
-8.952951231063937 10.926691232004757 26.043360911602537
-8.952951231063937 10.926691232004757 26.043360911602537
-8.952951231063937 10.926691232004757 26.043360911602537
-8.952951231063937 10.926691232004757 26.043360911602537
-8.952951231063937 10.926691232004757 26.043360911602537
-8.952951231063937 10.926691232004757 26.043360911602537
-8.952951231063937 10.926691232004757 26.043360911602537
-8.952951231063937 10.926691232004757 26.043360911602537
-8.952951231063937 10.926691232004757 26.043360911602537
-8.952951231063937 10.926691232004757 26.043360911602537
-8.952951231063937 10.926691232004757 26.043360911602537
-9.01573560978803 10.874944985597816 26.043360911602537
-9.01573560978803 10.874944985597816 26.043360911602537
-9.01573560978803 10.874944985597816 26.043360911602537
-9.01573560978803 10.874944985597816 26.043360911602537
-9.01573560978803 10.874944985597816 26.043360911602537
-9.01573560978803 10.874944985597816 26.043360911602537
-9.01573560978803 10.874944985597816 26.043360911602537
-9.01573560978803 10.874944985597816 26.043360911602537
-9.01573560978803 10.874944985597816 26.043360911602537
-9.01573560978803 10.874944985597816 26.043360911602537
-9.01573560978803 10.874944985597816 26.043360911602537
-9.01573560978803 10.874944985597816 26.043360911602537
-9.01573560978803 10.874944985597816 26.043360911602537
-9.01573560978803 10.874944985597816 26.043360911602537
-9.01573560978803 10.874944985597816 26.043360911602537
-9.078220911810947 10.822837987410573 26.043360911602537
-9.140405064323668 10.770371965975235 26.043360911602537
-9.140405064323668 10.770371965975235 26.043360911602537
-9.26386167960071 10.664369826980145 26.043360911602537
-9.325130046970171 10.610837225802356 26.043360911602537
-9.386089074175583 10.556952634023737 26.043360911602537
-9.50707102970988 10.448134640280538 26.043360911602537
-9.567089944735157 10.393204848107557 26.043360911602537
-9.686173694407131 10.282312783958398 26.043360911602537
-9.745234578718918 10.226354190576425 26.043360911602537
-9.862384570300737 10.113421162636952 26.043360911602537
-9.920469791383928 10.056450474378021 26.043360911602537
-9.978225923249356 9.999146186048762 26.043360911602537
-10.092743266589464 9.883544423944883 26.043360911602537
-10.205921405028413 9.766631215509362 26.043360911602537
-10.262003572415914 9.70768766005077 26.043360911602537
-10.373144801591401 9.588836423184844 26.043360911602537
-10.482909619419468 9.468712844756764 26.043360911602537
-10.53727131542831 9.408178901914587 26.043360911602537
-10.644944265061964 9.28617674929265 26.043360911602537
-10.7512047383098 9.162942414984604 26.043360911602537
-10.803800882763575 9.100868283354947 26.043360911602537
-10.907916263596212 8.97581638692282 26.043360911602537
-11.010584274319886 8.849573490484081 26.043360911602537
-11.111791291928474 8.72215634519363 26.043360911602537
-11.211523887274899 8.593581858017254 26.043360911602537
-11.309768826852947 8.463867089488366 26.043360911602537
-11.406513074553299 8.333029251444138 26.043360911602537
-11.501743793393265 8.20108570474169 26.043360911602537
-11.595448347220108 8.06805395695452 26.043360911602537
-11.687614302387743 7.933951660049389 26.043360911602537
-11.778229429406576 7.798796608044078 26.043360911602537
-11.822951666868628 7.730829897770827 26.043360911602537
-11.911218071950238 7.594129381820206 26.043360911602537
-11.997903978925509 7.456421201747011 26.043360911602537
-12.08299788545178 7.317723630033236 26.043360911602537
-12.166488500428716 7.17805507044316 26.043360911602537
-12.24836474549659 7.037434055581289 26.043360911602537
-12.32861575650619 6.895879244433321 26.043360911602537
-12.445921724889635 6.681837280516431 26.043360911602537
-12.522063538787885 6.538030418706998 26.043360911602537
-12.596543801567613 6.393356026420518 26.043360911602537
-12.633157754271943 6.320699500930071 26.043360911602537
-12.740480364445055 6.101481550293248 26.043360911602537
-12.775410862756637 6.028000855436135 26.043360911602537
-12.84399932834531 5.880442013900331 26.043360911602537
-12.910883525193906 5.732102897214561 26.043360911602537
-13.00799496495677 5.50817429072812 26.043360911602537
-13.07058016002982 5.357970819779988 26.043360911602537
-13.10122289246967 5.282601229243757 26.043360911602537
-13.161203544671947 5.131338839045182 26.043360911602537
-13.219437838344486 4.979395572107624 26.043360911602537
-13.275918046385803 4.826791589765073 26.043360911602537
-13.330636674443815 4.673547141021744 26.043360911602537
-13.35733311788184 4.596691092874967 26.043360911602537
-13.409395835633696 4.4425240965771655 26.043360911602537
-13.459679262250306 4.28776762228646 26.043360911602537
-13.484151647104214 4.21017474498099 26.043360911602537
-13.531753700849215 4.054572579808213 26.043360911602537
-13.577560227808414 3.8984324138830617 26.043360911602537
-13.599788260019935 3.8201670523686406 26.043360911602537
-13.642890175107024 3.6632587535345014 26.043360911602537
-13.663762628173739 3.5846210212938323 26.043360911602537
-13.704147063393636 3.426991434226024 26.043360911602537
-13.742713096973004 3.26890712007325 26.043360911602537
-13.76131260454032 3.1897009931181164 26.043360911602537
-13.779455611589448 3.1103890550243154 26.043360911602537
-13.814369731883078 2.9514582728223777 26.043360911602537
-13.831139686930356 2.871844700884613 26.043360911602537
-13.863302605317067 2.7123344002515575 26.043360911602537
-13.8786945017242 2.632442962950858 26.043360911602537
-13.893626003733365 2.5524642002902014 26.043360911602537
-13.908096616025649 2.4724007653847093 26.043360911602537
-13.935653266644737 2.3120305052556707 26.043360911602537
-13.948738390841793 2.23172899995392 26.043360911602537
-13.961360797092784 2.1513534620744608 26.043360911602537
-13.973520066677851 2.070906557894504 26.043360911602537
-13.985215796240631 1.9903909560587614 26.043360911602537
-14.00721509877129 1.829164345304312 26.043360911602537
-14.017517941961904 1.7484586847149393 26.043360911602537
-14.027355785599928 1.667695022950918 26.043360911602537
-14.036728303337073 1.586876039164642 26.043360911602537
-14.045635184261206 1.5060044143436775 26.043360911602537
-14.05407613290663 1.425082831221838 26.043360911602537
-14.0620508692639 1.344113974190189 26.043360911602537
-14.069559128789127 1.2631005292080053 26.043360911602537
-14.076600662412721 1.1820451837136752 26.043360911602537
-14.076600662412721 1.1820451837136752 26.043360911602537
-14.08317523654769 1.1009506265354936 26.043360911602537
-14.089282633097351 1.0198195478026022 26.043360911602537
-14.094922649462605 0.938654638855575 26.043360911602537
-14.094922649462605 0.938654638855575 26.043360911602537
-14.100095098548614 0.8574585921572776 26.043360911602537
-14.10479980877105 0.7762341012034868 26.043360911602537
-14.109036624061753 0.6949838604335545 26.043360911602537
-14.109036624061753 0.6949838604335545 26.043360911602537
-14.112805403873935 0.6137105651410245 26.043360911602537
-14.116106023186816 0.5324169113842219 26.043360911602537
-14.116106023186816 0.5324169113842219 26.043360911602537
-14.118938372509795 0.45110559589681787 26.043360911602537
-14.121302357886075 0.36977931599837266 26.043360911602537
-14.121302357886075 0.36977931599837266 26.043360911602537
-14.123197900895763 0.28844076950486885 26.043360911602537
-14.123197900895763 0.28844076950486885 26.043360911602537
-14.124624938658494 0.20709265463916188 26.043360911602537
-14.124624938658494 0.20709265463916188 26.043360911602537
-14.125583423835515 0.1257376699415792 26.043360911602537
-14.125583423835515 0.1257376699415792 26.043360911602537
-14.125583423835515 0.1257376699415792 26.043360911602537
-14.126073324631234 0.04437851418028916 26.043360911602537
-14.126073324631234 0.04437851418028916 26.043360911602537
-14.1260946247943 -0.03698211373815535 26.043360911602537
-14.1260946247943 -0.03698211373815535 26.043360911602537
-14.125647323618129 -0.11834151485834721 26.043360911602537
-14.125647323618129 -0.11834151485834721 26.043360911602537
-14.125647323618129 -0.11834151485834721 26.043360911602537
-14.12473143594093 -0.19969699026561316 26.043360911602537
-14.12473143594093 -0.19969699026561316 26.043360911602537
-14.123346992145201 -0.2810458411754814 26.043360911602537
-14.123346992145201 -0.2810458411754814 26.043360911602537
-14.123346992145201 -0.2810458411754814 26.043360911602537
-14.123346992145201 -0.2810458411754814 26.043360911602537
-14.123346992145201 -0.2810458411754814 26.043360911602537
-14.123346992145201 -0.2810458411754814 26.043360911602537
-14.123346992145201 -0.2810458411754814 26.043360911602537
-14.123346992145201 -0.2810458411754814 26.043360911602537
-14.123346992145201 -0.2810458411754814 26.043360911602537
-14.123346992145201 -0.2810458411754814 26.043360911602537
-14.123346992145201 -0.2810458411754814 26.043360911602537
-14.123346992145201 -0.2810458411754814 26.043360911602537
-14.123346992145201 -0.2810458411754814 26.043360911602537
-14.123346992145201 -0.2810458411754814 26.043360911602537
-14.123346992145201 -0.2810458411754814 26.043360911602537
-14.123346992145201 -0.2810458411754814 26.043360911602537
-14.123346992145201 -0.2810458411754814 26.043360911602537
-14.123346992145201 -0.2810458411754814 26.043360911602537
-14.123346992145201 -0.2810458411754814 26.043360911602537
-14.123346992145201 -0.2810458411754814 26.043360911602537
-14.123346992145201 -0.2810458411754814 26.043360911602537
-14.123346992145201 -0.2810458411754814 26.043360911602537
-14.123346992145201 -0.2810458411754814 26.043360911602537
-14.123346992145201 -0.2810458411754814 26.043360911602537
-14.123346992145201 -0.2810458411754814 26.043360911602537
-14.123346992145201 -0.2810458411754814 26.043360911602537
-14.123346992145201 -0.2810458411754814 26.043360911602537
-14.123346992145201 -0.2810458411754814 26.043360911602537
-14.123346992145201 -0.2810458411754814 26.043360911602537
-14.123346992145201 -0.2810458411754814 26.043360911602537
-14.123346992145201 -0.2810458411754814 26.043360911602537
-14.123346992145201 -0.2810458411754814 26.043360911602537
-14.123346992145201 -0.2810458411754814 26.043360911602537
-14.123346992145201 -0.2810458411754814 26.043360911602537
-14.123346992145201 -0.2810458411754814 26.043360911602537
-14.123346992145201 -0.2810458411754814 26.043360911602537
-14.123346992145201 -0.2810458411754814 26.043360911602537
-14.123346992145201 -0.2810458411754814 26.043360911602537
-14.123346992145201 -0.2810458411754814 26.043360911602537
-14.123346992145201 -0.2810458411754814 26.043360911602537
-14.123346992145201 -0.2810458411754814 26.043360911602537
-14.123346992145201 -0.2810458411754814 26.043360911602537
-14.123346992145201 -0.2810458411754814 26.043360911602537
-14.123346992145201 -0.2810458411754814 26.043360911602537
-14.123346992145201 -0.2810458411754814 26.043360911602537
-14.123346992145201 -0.2810458411754814 26.043360911602537
-14.123346992145201 -0.2810458411754814 26.043360911602537
-14.123346992145201 -0.2810458411754814 26.043360911602537
-14.123346992145201 -0.2810458411754814 26.043360911602537
-14.123346992145201 -0.2810458411754814 26.043360911602537
-14.123346992145201 -0.2810458411754814 26.043360911602537
-14.123346992145201 -0.2810458411754814 26.043360911602537
-14.123346992145201 -0.2810458411754814 26.043360911602537
-14.123346992145201 -0.2810458411754814 26.043360911602537
-14.123346992145201 -0.2810458411754814 26.043360911602537
-14.123346992145201 -0.2810458411754814 26.043360911602537
-14.123346992145201 -0.2810458411754814 26.043360911602537
-14.123346992145201 -0.2810458411754814 26.043360911602537
-14.123346992145201 -0.2810458411754814 26.043360911602537
-14.123346992145201 -0.2810458411754814 26.043360911602537
-14.123346992145201 -0.2810458411754814 26.043360911602537
-14.123346992145201 -0.2810458411754814 26.043360911602537
-14.123346992145201 -0.2810458411754814 26.043360911602537
-14.123346992145201 -0.2810458411754814 26.043360911602537
-14.123346992145201 -0.2810458411754814 26.043360911602537
-14.123346992145201 -0.2810458411754814 26.043360911602537
-14.123346992145201 -0.2810458411754814 26.043360911602537
-14.123346992145201 -0.2810458411754814 26.043360911602537
-14.123346992145201 -0.2810458411754814 26.043360911602537
-14.123346992145201 -0.2810458411754814 26.043360911602537
-14.123346992145201 -0.2810458411754814 26.043360911602537
-14.123346992145201 -0.2810458411754814 26.043360911602537
-14.123346992145201 -0.2810458411754814 26.043360911602537
-14.123346992145201 -0.2810458411754814 26.043360911602537
-14.123346992145201 -0.2810458411754814 26.043360911602537
-14.123346992145201 -0.2810458411754814 26.043360911602537
-14.123346992145201 -0.2810458411754814 26.043360911602537
-14.123346992145201 -0.2810458411754814 26.043360911602537
-14.123346992145201 -0.2810458411754814 26.043360911602537
-14.123346992145201 -0.2810458411754814 26.043360911602537
-14.123346992145201 -0.2810458411754814 26.043360911602537
-14.123346992145201 -0.2810458411754814 26.043360911602537
-14.123346992145201 -0.2810458411754814 26.043360911602537
-14.123346992145201 -0.2810458411754814 26.043360911602537
-14.123346992145201 -0.2810458411754814 26.043360911602537
-14.123346992145201 -0.2810458411754814 26.043360911602537
-14.123346992145201 -0.2810458411754814 26.043360911602537
-14.123346992145201 -0.2810458411754814 26.043360911602537
-14.123346992145201 -0.2810458411754814 26.043360911602537
-14.123346992145201 -0.2810458411754814 26.043360911602537
-14.123346992145201 -0.2810458411754814 26.043360911602537
-14.123346992145201 -0.2810458411754814 26.043360911602537
-14.123346992145201 -0.2810458411754814 26.043360911602537
-14.123346992145201 -0.2810458411754814 26.043360911602537
-14.123346992145201 -0.2810458411754814 26.043360911602537
-14.123346992145201 -0.2810458411754814 26.043360911602537
-14.123346992145201 -0.2810458411754814 26.043360911602537
-14.123346992145201 -0.2810458411754814 26.043360911602537
-14.123346992145201 -0.2810458411754814 26.043360911602537
-14.123346992145201 -0.2810458411754814 26.043360911602537
-14.123346992145201 -0.2810458411754814 26.043360911602537
-14.123346992145201 -0.2810458411754814 26.043360911602537
-14.123346992145201 -0.2810458411754814 26.043360911602537
-14.123346992145201 -0.2810458411754814 26.043360911602537
-14.123346992145201 -0.2810458411754814 26.043360911602537
-14.123346992145201 -0.2810458411754814 26.043360911602537
-14.123346992145201 -0.2810458411754814 26.043360911602537
-14.123346992145201 -0.2810458411754814 26.043360911602537
-14.123346992145201 -0.2810458411754814 26.043360911602537
-14.123346992145201 -0.2810458411754814 26.043360911602537
-14.123346992145201 -0.2810458411754814 26.043360911602537
-14.123346992145201 -0.2810458411754814 26.043360911602537
-14.123346992145201 -0.2810458411754814 26.043360911602537
-14.123346992145201 -0.2810458411754814 26.043360911602537
-14.123346992145201 -0.2810458411754814 26.043360911602537
-14.123346992145201 -0.2810458411754814 26.043360911602537
-14.123346992145201 -0.2810458411754814 26.043360911602537
-14.123346992145201 -0.2810458411754814 26.043360911602537
-14.123346992145201 -0.2810458411754814 26.043360911602537
-14.123346992145201 -0.2810458411754814 26.043360911602537
-14.123346992145201 -0.2810458411754814 26.043360911602537
-14.123346992145201 -0.2810458411754814 26.043360911602537
-14.123346992145201 -0.2810458411754814 26.043360911602537
-14.123346992145201 -0.2810458411754814 26.043360911602537
-14.123346992145201 -0.2810458411754814 26.043360911602537
-14.123346992145201 -0.2810458411754814 26.043360911602537
-14.123346992145201 -0.2810458411754814 26.043360911602537
-14.123346992145201 -0.2810458411754814 26.043360911602537
-14.123346992145201 -0.2810458411754814 26.043360911602537
-14.123346992145201 -0.2810458411754814 26.043360911602537
-14.123346992145201 -0.2810458411754814 26.043360911602537
-14.123346992145201 -0.2810458411754814 26.043360911602537
-14.123346992145201 -0.2810458411754814 26.043360911602537
-14.123346992145201 -0.2810458411754814 26.043360911602537
-14.123346992145201 -0.2810458411754814 26.043360911602537
-14.123346992145201 -0.2810458411754814 26.043360911602537
-14.123346992145201 -0.2810458411754814 26.043360911602537
-14.123346992145201 -0.2810458411754814 26.043360911602537
-14.12473143594093 -0.19969699026561316 26.043360911602537
-14.12473143594093 -0.19969699026561316 26.043360911602537
-14.12473143594093 -0.19969699026561316 26.043360911602537
-14.12473143594093 -0.19969699026561316 26.043360911602537
-14.12473143594093 -0.19969699026561316 26.043360911602537
-14.12473143594093 -0.19969699026561316 26.043360911602537
-14.12473143594093 -0.19969699026561316 26.043360911602537
-14.12473143594093 -0.19969699026561316 26.043360911602537
-14.12473143594093 -0.19969699026561316 26.043360911602537
-14.12473143594093 -0.19969699026561316 26.043360911602537
-14.156677365440274 -0.20014864529361776 25.99042772671565
-14.156677365440274 -0.20014864529361776 25.99042772671565
-14.188429089930823 -0.2005975546300722 25.93737779798437
-14.188429089930823 -0.2005975546300722 25.93737779798437
-14.219986182872201 -0.20104371224450232 25.8842118380609
-14.25134822033862 -0.20148711214339915 25.8309305611562
-14.25134822033862 -0.20148711214339915 25.8309305611562
-14.25134822033862 -0.20148711214339915 25.8309305611562
-14.313485446250644 -0.20236561500586853 25.724024920982863
-14.313485446250644 -0.20236561500586853 25.724024920982863
-14.344259799968778 -0.20280070616797324 25.67040199384323
-14.344259799968778 -0.20280070616797324 25.67040199384323
-14.374837428768261 -0.2032330160117681 25.616666621961112
-14.374837428768261 -0.2032330160117681 25.616666621961112
-14.405217921881055 -0.20366253872976986 25.562819527196687
-14.435400871187365 -0.20408926855193643 25.508861432911004
-14.495172519175442 -0.20493432661626623 25.40061514666593
