10.390129490595104 3.544769426149009 17.3
8.680844633035134 6.720351000729052 17.3
-7.3861190345209975 8.121910287843711 17.3
-3.3443877923097594 -10.484396635693196 17.3
3.9408557901225714 10.316019994983318 17.3
2.6345373268442462 -10.77365678813572 17.3
-5.495659429710857 9.69763568412721 17.3
10.83549015150448 -2.6150647422342677 17.3
-10.448444920071086 -4.053174459174409 17.3
2.9267733778345337 10.883129647286507 17.3
0.18683751673919793 -11.33050763647231 17.3
-6.681527998528918 9.225724394721436 17.3
10.83672222394178 3.6796070774374954 17.3
-3.4091927083435696 -10.972282456626836 17.3
-8.610386096266728 7.607550755916166 17.3
7.349686744614057 8.87760093803292 17.3
6.3478606768256505 -9.64837873701481 17.3
-11.402650055908286 -1.8346986476704363 17.3
1.5847669808451128 11.451994804851248 17.3
10.486181422840831 -4.865908359660532 17.3
1.5346984566082298 -11.457825519906939 17.3
-11.391625743333734 1.8842994568489937 17.3
5.128412457435107 10.316053999372116 17.3
11.426826786132056 -1.138667836724967 17.3
-4.432941618376582 -10.542687758092113 17.3
-7.798871246681007 8.36521630528779 17.3
-2.260951746443457 11.155607889274151 17.3
11.265388817679913 -1.1380609316687853 17.3
1.5455785626932785 -11.216744394174334 17.3
-9.909500227590403 5.3473942564247805 17.3
8.939730415515234 6.846461874002573 17.3
7.046444111434428 -8.702590659889145 17.3
-10.826362947998426 -2.8596020924886765 17.3
4.088480335256599 10.360220151833106 17.3
9.93884221429559 -5.026852741583411 17.3
-7.743027782382212 -7.929958158504522 17.3
-4.058829856279342 10.313322249990579 17.3
10.643795624905414 3.090037269940227 17.3
-3.8223312971849004 -10.35360344573614 17.3
-7.876719123038792 7.730757835668726 17.3
11.026734544332852 0.4673822266785429 17.3
-7.194286518450068 -8.369561658022837 17.3
7.62794761467132 7.925615528245278 17.3
-3.0172401228405676 -10.578148626052371 17.3
1.3108061844951935 10.92166440889033 17.3
3.9671154173653487 -10.259773953603208 17.3
-2.156979463533027 10.78649182578049 17.3
0.28348900292812523 -10.99639033041986 17.3
-8.22173877635958 7.307802529285934 17.3
3.6952109273086973 -10.360809935349215 17.3
1.7416846766704175 10.861284491292182 17.3
-9.199918897563876 -6.030129235097677 17.3
10.654279340906207 -2.7362927547453357 17.3
-1.7287338352368282 10.863353333139814 17.3
-9.278625998012968 -5.9083048247979235 17.3
9.112272360051431 -6.161773993743628 17.3
8.23044581979073 7.297994787694898 17.3
-9.970177929247455 4.647205436913623 17.3
-6.976171490735492 -8.504939602700416 17.3
6.5075489082119855 -8.868639891266396 17.3
10.20619926962641 4.102982181585722 17.3
-1.4416926814248532 10.905158803339758 17.3
-9.90803821672861 4.7782575285953355 17.3
-9.431187534123028 -5.661595888964081 17.3
-0.4415557297047915 -10.991178046565228 17.3
8.946633230581407 -6.399900011030569 17.3
10.991657297923297 0.4294603110208956 17.3
8.420014522699885 7.078440629916711 17.3
2.3118348261325545 10.754365906477856 17.3
-7.722448952752742 7.833565502749096 17.3
-9.84417599368099 4.908478921128981 17.3
-10.786293704601398 -2.1579699793576386 17.3
-9.505015446990265 -5.536754253731063 17.3
-7.19800047288714 -8.318037960123116 17.3
-4.114211025186692 -10.201677996975052 17.3
-0.5864352071890279 -10.9844007602373 17.3
-0.5864352071890279 -10.9844007602373 17.3
3.0046259497136547 -10.581738477964757 17.3
3.0046259497136547 -10.581738477964757 17.3
3.0046259497136547 -10.581738477964757 17.3
3.0046259497136547 -10.581738477964757 17.3
3.0046259497136547 -10.581738477964757 17.3
3.0046259497136547 -10.581738477964757 17.3
3.0046259497136547 -10.581738477964757 17.3
3.0046259497136547 -10.581738477964757 17.3
3.0046259497136547 -10.581738477964757 17.3
3.0046259497136547 -10.581738477964757 17.3
3.0046259497136547 -10.581738477964757 17.3
3.0046259497136547 -10.581738477964757 17.3
3.0046259497136547 -10.581738477964757 17.3
3.0046259497136547 -10.581738477964757 17.3
3.0046259497136547 -10.581738477964757 17.3
-0.5864352071890279 -10.9844007602373 17.3
-0.5864352071890279 -10.9844007602373 17.3
-0.5864352071890279 -10.9844007602373 17.3
-0.5864352071890279 -10.9844007602373 17.3
-0.5864352071890279 -10.9844007602373 17.3
-0.5864352071890279 -10.9844007602373 17.3
-0.5864352071890279 -10.9844007602373 17.3
-0.5864352071890279 -10.9844007602373 17.3
-0.5864352071890279 -10.9844007602373 17.3
-0.5864352071890279 -10.9844007602373 17.3
-0.5864352071890279 -10.9844007602373 17.3
-0.5864352071890279 -10.9844007602373 17.3
-0.5864352071890279 -10.9844007602373 17.3
-0.5864352071890279 -10.9844007602373 17.3
-0.5864352071890279 -10.9844007602373 17.3
-4.114211025186692 -10.201677996975052 17.3
-7.19800047288714 -8.318037960123116 17.3
-7.19800047288714 -8.318037960123116 17.3
-10.786293704601398 -2.1579699793576386 17.3
-10.903565701582838 1.4536923006602729 17.3
-9.84417599368099 4.908478921128981 17.3
-4.767351416400313 9.913290411678583 17.3
-1.2977836600364503 10.923219483534833 17.3
5.671970933566707 9.424951567117308 17.3
8.420014522699885 7.078440629916711 17.3
10.991657297923297 0.4294603110208956 17.3
10.537736849146913 -3.155482278806814 17.3
8.946633230581407 -6.399900011030569 17.3
3.1438842025077154 -10.541202893169025 17.3
-3.979345037164627 -10.255036781451631 17.3
-7.087702079629734 -8.412220012823305 17.3
-10.756903434445347 -2.29999887298897 17.3
-9.90803821672861 4.7782575285953355 17.3
-7.825062654306264 7.7310646595351935 17.3
-1.4416926814248532 10.905158803339758 17.3
5.547210617242049 9.498916816231716 17.3
8.325953903983772 7.188842598253911 17.3
10.985039447126294 0.5743471587915098 17.3
9.030237747860042 -6.281383010998154 17.3
3.2825958916411317 -10.498834722287677 17.3
-3.843787240776997 -10.306612729765902 17.3
-9.35572001112589 -5.785453256846101 17.3
-10.938105016930834 1.165686472566777 17.3
-7.926315970229579 7.627219772224748 17.3
-1.5853510648189382 10.88520226339456 17.3
5.421485919423499 9.571230680493775 17.3
10.151214583852791 4.237193503524123 17.3
10.976511849344663 0.7191341564192693 17.3
9.112272360051431 -6.161773993743628 17.3
3.420736902112962 -10.454641331019213 17.3
-3.7075612027202123 -10.356396875449319 17.3
-9.278625998012968 -5.9083048247979235 17.3
-10.952523712079289 1.021367049631773 17.3
-8.026191297653508 7.522048894231126 17.3
1.8847385037696749 10.837376393119353 17.3
8.13350687418253 7.405878222152867 17.3
10.966075987099615 0.8637961327129323 17.3
10.654279340906207 -2.7362927547453357 17.3
3.5582832181355375 -10.40863040237608 17.3
-0.006557522405991305 -11.00004196867596 17.3
-6.749491495168829 -8.685927173904703 17.3
-10.65753417307594 -2.7235880127969363 17.3
-8.124671273271892 7.415570309490908 17.3
-1.8718160656119083 10.839615811007777 17.3
1.7416846766704175 10.861284491292182 17.3
8.035153919976546 7.512474146113127 17.3
10.953733674663757 1.0083079382161928 17.3
9.271575097774411 -5.919363269817286 17.3
3.6952109273086973 -10.360809935349215 17.3
0.13847777742848613 -10.999172251532888 17.3
-6.6343814967698345 -8.774163690577618 17.3
-10.620697463904579 -2.8638700553522867 17.3
-10.975646644324007 0.7322206311432258 17.3
-8.22173877635958 7.307802529285934 17.3
-2.014572881125466 10.813993823762175 17.3
1.5983280580267618 10.88330435725552 17.3
7.9354040558146455 7.617764027895132 17.3
9.97571157500411 4.635314971613214 17.3
10.722724371212422 -2.454414058943559 17.3
6.966026332486257 -8.513251050500077 17.3
3.8314962247760778 -10.311188243517782 17.3
0.28348900292812523 -10.99639033041986 17.3
-6.51811811242995 -8.860874820588835 17.3
-9.037720445569398 -6.270612048394436 17.3
-10.984346861503015 0.5874439036380253 17.3
-10.201300145437973 4.115147829230414 17.3
-8.31737693175013 7.1987642890237336 17.3
-5.53588138360591 9.505523847762317 17.3
1.4546935703588422 10.903432162859971 17.3
4.9093828923692335 9.843725205929152 17.3
7.834274623191216 7.721729562873507 17.3
9.913728156368567 4.766441057577209 17.3
10.923338613117211 1.296780573927295 17.3
9.424430669564263 -5.672836404155256 17.3
7.077667389064389 -8.420664501303152 17.3
3.9671154173653487 -10.259773953603208 17.3
0.4284509439197098 -10.991696688973313 17.3
-3.1564499472201413 -10.53744703637587 17.3
-6.400721554515818 -8.946045489225346 17.3
-8.954257292193718 -6.3892286435005765 17.3
-10.541491552010298 -3.1429161892465634 17.3
-10.991137452103239 0.44256504912403544 17.3
-10.991137452103239 0.44256504912403544 17.3
-10.254671314450446 3.9802867417209766 17.3
-8.411569112768927 7.088474544981056 17.3
-5.660729797939195 9.431707399429643 17.3
-5.660729797939195 9.431707399429643 17.3
-2.2990110554780707 10.757114598279697 17.3
1.3108061844951935 10.92166440889033 17.3
4.7791673648604505 9.907599386954715 17.3
4.7791673648604505 9.907599386954715 17.3
7.731783203439009 7.824352676659648 17.3
9.850021238009207 4.896738498684624 17.3
9.850021238009207 4.896738498684624 17.3
10.9052911481821 1.4406912532231768 17.3
10.783713151361974 -2.1708286396847107 17.3
10.783713151361974 -2.1708286396847107 17.3
9.498407375122714 -5.548082880594616 17.3
9.498407375122714 -5.548082880594616 17.3
7.188077994534697 -8.326614021210462 17.3
7.188077994534697 -8.326614021210462 17.3
4.102044927706385 -10.206576003969738 17.3
4.102044927706385 -10.206576003969738 17.3
4.102044927706385 -10.206576003969738 17.3
0.5733383987971958 -10.985092143181927 17.3
0.5733383987971958 -10.985092143181927 17.3
-3.0172401228405676 -10.578148626052371 17.3
-3.0172401228405676 -10.578148626052371 17.3
-6.282212232396849 -9.029660889582507 17.3
-6.282212232396849 -9.029660889582507 17.3
-6.282212232396849 -9.029660889582507 17.3
-8.869237442918514 -6.506734472441984 17.3
-8.869237442918514 -6.506734472441984 17.3
-10.499136119219683 -3.2816317684696505 17.3
-10.499136119219683 -3.2816317684696505 17.3
-10.499136119219683 -3.2816317684696505 17.3
-10.499136119219683 -3.2816317684696505 17.3
-10.499136119219683 -3.2816317684696505 17.3
-10.499136119219683 -3.2816317684696505 17.3
-10.499136119219683 -3.2816317684696505 17.3
-10.499136119219683 -3.2816317684696505 17.3
-10.499136119219683 -3.2816317684696505 17.3
-10.499136119219683 -3.2816317684696505 17.3
-10.499136119219683 -3.2816317684696505 17.3
-10.499136119219683 -3.2816317684696505 17.3
-10.499136119219683 -3.2816317684696505 17.3
-10.499136119219683 -3.2816317684696505 17.3
-10.499136119219683 -3.2816317684696505 17.3
-10.499136119219683 -3.2816317684696505 17.3
-10.499136119219683 -3.2816317684696505 17.3
-10.499136119219683 -3.2816317684696505 17.3
-10.499136119219683 -3.2816317684696505 17.3
-10.499136119219683 -3.2816317684696505 17.3
-10.499136119219683 -3.2816317684696505 17.3
-10.499136119219683 -3.2816317684696505 17.3
-10.499136119219683 -3.2816317684696505 17.3
-10.499136119219683 -3.2816317684696505 17.3
-10.499136119219683 -3.2816317684696505 17.3
-10.499136119219683 -3.2816317684696505 17.3
-10.499136119219683 -3.2816317684696505 17.3
-10.499136119219683 -3.2816317684696505 17.3
-10.499136119219683 -3.2816317684696505 17.3
-10.499136119219683 -3.2816317684696505 17.3
-10.499136119219683 -3.2816317684696505 17.3
-10.499136119219683 -3.2816317684696505 17.3
-10.499136119219683 -3.2816317684696505 17.3
-10.499136119219683 -3.2816317684696505 17.3
-10.499136119219683 -3.2816317684696505 17.3
-10.499136119219683 -3.2816317684696505 17.3
-10.499136119219683 -3.2816317684696505 17.3
-10.499136119219683 -3.2816317684696505 17.3
-10.499136119219683 -3.2816317684696505 17.3
-10.499136119219683 -3.2816317684696505 17.3
-10.499136119219683 -3.2816317684696505 17.3
-10.499136119219683 -3.2816317684696505 17.3
-10.499136119219683 -3.2816317684696505 17.3
-10.499136119219683 -3.2816317684696505 17.3
-10.499136119219683 -3.2816317684696505 17.3
-10.499136119219683 -3.2816317684696505 17.3
-10.499136119219683 -3.2816317684696505 17.3
-10.499136119219683 -3.2816317684696505 17.3
-10.499136119219683 -3.2816317684696505 17.3
-10.499136119219683 -3.2816317684696505 17.3
-10.499136119219683 -3.2816317684696505 17.3
-10.499136119219683 -3.2816317684696505 17.3
-10.499136119219683 -3.2816317684696505 17.3
-10.499136119219683 -3.2816317684696505 17.3
-10.499136119219683 -3.2816317684696505 17.3
-10.499136119219683 -3.2816317684696505 17.3
-10.499136119219683 -3.2816317684696505 17.3
-10.499136119219683 -3.2816317684696505 17.3
-10.499136119219683 -3.2816317684696505 17.3
-10.499136119219683 -3.2816317684696505 17.3
-10.499136119219683 -3.2816317684696505 17.3
-10.499136119219683 -3.2816317684696505 17.3
-10.499136119219683 -3.2816317684696505 17.3
-10.499136119219683 -3.2816317684696505 17.3
-10.499136119219683 -3.2816317684696505 17.3
-10.499136119219683 -3.2816317684696505 17.3
-10.499136119219683 -3.2816317684696505 17.3
-10.499136119219683 -3.2816317684696505 17.3
-10.499136119219683 -3.2816317684696505 17.3
-10.499136119219683 -3.2816317684696505 17.3
-10.499136119219683 -3.2816317684696505 17.3
-10.499136119219683 -3.2816317684696505 17.3
-10.499136119219683 -3.2816317684696505 17.3
-10.499136119219683 -3.2816317684696505 17.3
-10.499136119219683 -3.2816317684696505 17.3
-10.499136119219683 -3.2816317684696505 17.3
-10.499136119219683 -3.2816317684696505 17.3
-10.499136119219683 -3.2816317684696505 17.3
-10.499136119219683 -3.2816317684696505 17.3
-10.499136119219683 -3.2816317684696505 17.3
-10.499136119219683 -3.2816317684696505 17.3
-10.499136119219683 -3.2816317684696505 17.3
-10.499136119219683 -3.2816317684696505 17.3
-10.499136119219683 -3.2816317684696505 17.3
-10.499136119219683 -3.2816317684696505 17.3
-10.499136119219683 -3.2816317684696505 17.3
-10.499136119219683 -3.2816317684696505 17.3
-10.499136119219683 -3.2816317684696505 17.3
-10.499136119219683 -3.2816317684696505 17.3
-10.499136119219683 -3.2816317684696505 17.3
-10.499136119219683 -3.2816317684696505 17.3
-10.499136119219683 -3.2816317684696505 17.3
-10.499136119219683 -3.2816317684696505 17.3
-10.499136119219683 -3.2816317684696505 17.3
-10.499136119219683 -3.2816317684696505 17.3
-10.499136119219683 -3.2816317684696505 17.3
-10.499136119219683 -3.2816317684696505 17.3
-10.499136119219683 -3.2816317684696505 17.3
-10.499136119219683 -3.2816317684696505 17.3
-10.499136119219683 -3.2816317684696505 17.3
-10.499136119219683 -3.2816317684696505 17.3
-10.499136119219683 -3.2816317684696505 17.3
-10.499136119219683 -3.2816317684696505 17.3
-10.499136119219683 -3.2816317684696505 17.3
-10.499136119219683 -3.2816317684696505 17.3
-10.499136119219683 -3.2816317684696505 17.3
-10.499136119219683 -3.2816317684696505 17.3
-10.499136119219683 -3.2816317684696505 17.3
-10.499136119219683 -3.2816317684696505 17.3
-10.499136119219683 -3.2816317684696505 17.3
-10.499136119219683 -3.2816317684696505 17.3
-10.499136119219683 -3.2816317684696505 17.3
-10.499136119219683 -3.2816317684696505 17.3
-10.499136119219683 -3.2816317684696505 17.3
-10.499136119219683 -3.2816317684696505 17.3
-10.499136119219683 -3.2816317684696505 17.3
-10.499136119219683 -3.2816317684696505 17.3
-10.499136119219683 -3.2816317684696505 17.3
-10.499136119219683 -3.2816317684696505 17.3
-10.499136119219683 -3.2816317684696505 17.3
-10.499136119219683 -3.2816317684696505 17.3
-10.499136119219683 -3.2816317684696505 17.3
-10.499136119219683 -3.2816317684696505 17.3
-10.499136119219683 -3.2816317684696505 17.3
-10.499136119219683 -3.2816317684696505 17.3
-10.499136119219683 -3.2816317684696505 17.3
-10.499136119219683 -3.2816317684696505 17.3
-10.499136119219683 -3.2816317684696505 17.3
-10.499136119219683 -3.2816317684696505 17.3
-10.499136119219683 -3.2816317684696505 17.3
-10.499136119219683 -3.2816317684696505 17.3
-10.499136119219683 -3.2816317684696505 17.3
-10.499136119219683 -3.2816317684696505 17.3
-10.499136119219683 -3.2816317684696505 17.3
-10.499136119219683 -3.2816317684696505 17.3
-10.499136119219683 -3.2816317684696505 17.3
-10.499136119219683 -3.2816317684696505 17.3
-10.499136119219683 -3.2816317684696505 17.3
-8.869237442918514 -6.506734472441984 17.3
-8.869237442918514 -6.506734472441984 17.3
-8.869237442918514 -6.506734472441984 17.3
-8.869237442918514 -6.506734472441984 17.3
-8.869237442918514 -6.506734472441984 17.3
-8.869237442918514 -6.506734472441984 17.3
-8.869237442918514 -6.506734472441984 17.3
-8.869237442918514 -6.506734472441984 17.3
-8.869237442918514 -6.506734472441984 17.3
-8.869237442918514 -6.506734472441984 17.3
-7.3040131996512985 -8.273978005549568 17.3
-7.3040131996512985 -8.273978005549568 17.3
-5.404776091344848 -9.67611032578703 17.3
-5.404776091344848 -9.67611032578703 17.3
-3.254975121982309 -10.651524304131545 17.3
-0.9490686132074647 -11.15736203484422 17.3
-0.9490686132074647 -11.15736203484422 17.3
-0.9490686132074647 -11.15736203484422 17.3
3.723384474327049 -10.693015288216822 17.3
3.723384474327049 -10.693015288216822 17.3
5.884632012431799 -9.743233357425257 17.3
5.884632012431799 -9.743233357425257 17.3
7.800407472901264 -8.363783821528779 17.3
7.800407472901264 -8.363783821528779 17.3
9.386535186814669 -6.615277169502952 17.3
10.573323604161093 -4.574539584835495 17.3
11.560138709320608 0.01606295780999787 17.3
