-10.357406339252014 -11.286990126458935 17.3
-1.262026691880865 -15.26693488622191 17.3
15.318926153317166 -0.05013681655903538 17.3
-10.283303595127562 11.354544436550324 17.3
15.316933506968981 -0.2521113528784886 17.3
-15.16493145553233 -2.1672254474708956 17.3
12.374961516433386 9.029525992982807 17.3
11.688660326067431 -9.90188022412797 17.3
-15.216803286735873 -1.7666097259846891 17.3
9.109203924477102 12.316428705328923 17.3
7.499732053517814 -13.357620720644704 17.3
-13.992560074867418 -6.235404938124363 17.3
0.04873007740647408 15.318930692796911 17.3
13.95260719673003 -6.324299534724513 17.3
2.168618035921471 -15.164732375002052 17.3
-14.720942131625996 4.238617103310699 17.3
8.376735872009752 12.82382319537702 17.3
14.435241301855156 -5.122885297654024 17.3
-1.5811600179570628 -15.235487462280906 17.3
-15.179592754992393 -2.0494167483182077 17.3
-0.6402435136586054 15.303928693604226 17.3
14.723233829133376 4.2245154548619315 17.3
-2.182419781507397 -15.161041821490697 17.3
-15.248764198939721 -1.447527416265011 17.3
3.0963959722088 14.986264076797918 17.3
7.95854117029424 13.070478240560526 17.3
13.290139760566566 -7.5319734011808075 17.3
-12.31817324411067 -9.034436678596151 17.3
-4.991306584272452 14.397600278651254 17.3
14.530442382078236 -4.430523290029616 17.3
4.076082256271897 -14.633825401531062 17.3
-12.713043246450303 8.103353205495655 17.299999999999997
9.241668690492425 11.911228382257828 17.299999999999997
4.1336971977821495 -14.433100702596283 17.299999999999997
-14.256142677742062 -4.504756028271357 17.299999999999997
1.7353292894141712 14.84988428169348 17.299999999999997
4.0796760979127 -14.265559553910048 17.3
-14.58110054497057 -2.746170669767904 17.3
10.39344887721941 10.52452527240326 17.3
-7.128923165941731 -12.919381015036192 17.3
-1.00977673734746 12.61374734149457 17.3
4.375819143929308 -11.86296102511301 17.3
-10.33797358670641 7.286710279778008 17.3
9.924241008767105 -7.8681815811288995 17.3
-6.246556119683558 11.051077505309838 17.3
9.0382207656181 -8.971532763541791 17.3
-8.568569076524655 9.488376590046535 17.3
8.082713645599483 -9.978733905128957 17.3
0.41164780878660245 12.896185120005542 17.3
-8.777017721028313 -9.543131452236956 17.3
11.939400443664319 -5.355183964794355 17.3
-4.086060513151744 12.4310654303573 17.3
-10.548508001839991 -7.902639163292558 17.3
12.198134819836904 -5.079345439030656 17.3
2.5110945466220924 12.994398165666643 17.3
-12.583872163008746 4.12810365537785 17.3
-5.675721753192475 -11.961412651544785 17.3
11.137733220921337 -7.127266290725349 17.3
11.282905795567935 6.839882461307242 17.3
1.5570171200509346 13.013097923042862 17.3
-10.024968419212254 8.441861646617475 17.3
-12.721084436125693 -2.6264409639672457 17.3
-7.158624077237459 -10.763428032801583 17.3
2.4593136239686593 -12.627184217863269 17.3
10.567665422820953 -7.2325129217748945 17.3
12.60418668740249 -1.9417631605441408 17.3
9.649853003267435 4.349486607390407 17.3
5.072819934772453 6.912182721189293 17.3
0.18701703444356269 6.874796337334991 17.3
-2.1383692346711585 5.446931806300742 17.3
-2.71415486079759 5.167441320578885 17.3
-5.893004085099615 3.65791317088302 17.3
-6.760352656588426 1.5509538585264302 17.3
-7.548428888056413 4.1818722428667385 17.3
-10.067842115234038 3.415049511116297 17.3
-10.982112379591701 6.44992496841635 17.3
-13.449912268726655 6.267391669958197 17.3
-8.831460551117237 14.376127951421728 17.3
-5.285389747698093 18.030033858968558 17.300000000000004
-1.3904197890830425 18.795234563642715 17.300000000000004
8.211323401322595 18.973914221212855 17.300000000000004
14.079042186785555 17.218812004329394 17.300000000000004
19.399880264342713 13.406714645378239 17.300000000000004
23.405861899437518 7.793879557303461 17.3
24.53668360341154 2.8029837639063615 17.3
25.209382120747865 -6.438753990762583 17.3
23.333648771207 -11.49293348874703 17.3
22.558366594102857 -13.440433065392618 17.3
13.396100533518526 -22.47411833439428 17.299999999999997
6.362099399595828 -25.009941687467315 17.299999999999997
-0.986552403543411 -25.151847968067568 17.299999999999997
-0.986552403543411 -25.151847968067568 17.299999999999997
-12.393849647013093 -20.797696707863793 17.299999999999997
-13.310754792974771 -18.91272933189171 17.299999999999997
-17.00916041697926 -13.567942597205283 17.299999999999997
-18.65191306003435 -7.723714433692967 17.3
-19.831916600678706 -3.606343325624165 17.3
-18.34455408596312 1.7684838061309538 17.3
-15.47508340301816 5.892313560320961 17.3
-13.886483153370559 9.04831139614092 17.3
-11.87576365084799 8.456007304186404 17.3
-4.732420163752497 11.604299663839544 17.3
-1.9317967570194496 10.303141953019589 17.3
0.6455287212414799 8.46410929017014 17.3
4.966279623152965 6.943519754412802 17.3
5.818043652019424 3.6998872521845456 17.3
5.638773426370617 1.7924692292279465 17.3
5.804513452205359 -1.40399703077735 17.3
5.860510354405093 -1.281824725702512 17.3
4.3783800180788965 -4.174481154871081 17.3
1.4876303663084487 -7.011847447994309 17.3
-1.6218233063122867 -8.778160764714293 17.3
-7.817807090826772 -4.426650874883958 17.3
-10.640760354291093 -2.7111007355916215 17.3
-10.068339565503798 4.382280971102753 17.3
-7.73665841914395 10.612249256891527 17.3
3.9406427358353993 14.754213739403335 17.300000000000004
12.159134229662616 9.239639767032987 17.300000000000004
17.28101179651981 1.2118638019332144 17.300000000000004
12.127560099880705 -12.451132945298102 17.300000000000004
7.293328241709374 -17.8002617872327 17.300000000000004
-8.890706003605965 -17.11438502385234 17.3
-19.553511634300385 -7.57397031275326 17.3
-20.710560968321644 3.5132814235287495 17.3
-14.044400556885194 17.563276218159352 17.3
4.314419322754018 22.09285900371159 17.3
13.329572838231075 19.676680879744342 17.3
23.632995941452222 2.5627286446627053 17.3
20.060841788884243 -14.5536276306725 17.3
6.92483481280415 -23.79689293387466 17.3
-13.664980202190932 -20.661150068881163 17.3
-24.437692581239375 7.270108008905718 17.3
-13.412422346941945 22.253732597672077 17.299999999999997
3.048429015298144 25.803658040675725 17.299999999999997
18.228892827654715 18.51564619502434 17.299999999999997
25.865978678359905 -1.9454173897175324 17.299999999999997
10.798822606190415 -23.819433596839197 17.299999999999997
-11.191385367448214 -23.57664685249668 17.299999999999997
-19.6231317950907 -17.114151068653253 17.299999999999997
-25.07488834391035 7.015086798366328 17.299999999999997
-21.44871616199033 14.761911910405091 17.299999999999997
-2.5551369195964564 25.850298757517297 17.299999999999997
15.349289672704273 20.543228044969293 17.299999999999997
25.537083995846658 1.5065749232565386 17.299999999999997
21.097804446023762 -14.467034062573182 17.299999999999997
5.701352268664555 -24.324541306183423 17.299999999999997
-10.40976219006998 -22.711793821576915 17.299999999999997
-22.148614792445166 -11.55974005864791 17.299999999999997
-23.054594663260914 9.473201018925696 17.299999999999997
-12.404771497461555 21.618915715826237 17.299999999999997
5.188390181804239 23.505351732161557 17.299999999999997
18.51031519615369 15.387955811943138 17.299999999999997
24.057620233253925 0.8073793679581268 17.299999999999997
19.500350989015264 -14.112308954826794 17.299999999999997
6.752631352334195 -23.104608253565917 17.299999999999997
-1.0986120388173697 -24.04608085155331 17.299999999999997
-15.610952370098166 -18.322639515904893 17.299999999999997
-23.566450158488564 -4.90340490462978 17.299999999999997
-23.883773911323978 2.997715210628437 17.299999999999997
-17.030046135731574 17.011716002394564 17.299999999999997
-10.598616785035013 21.612271397871332 17.299999999999997
4.87802287866303 23.571717067844524 17.299999999999997
18.305817143455446 15.630675335430823 17.299999999999997
22.383089522146808 8.85540830085405 17.299999999999997
19.684725659920478 -13.85397157586738 17.299999999999997
7.056676910568861 -23.013566948891633 17.299999999999997
-0.7814707662892904 -24.058475765781765 17.299999999999997
-8.535285780847985 -22.50710664147054 17.299999999999997
-20.54229583152857 -12.54731185159741 17.299999999999997
-23.921222467208647 2.6825488635969394 17.299999999999997
-21.761228105364683 10.289310184728587 17.299999999999997
-17.252864002501656 16.785697377304746 17.299999999999997
-10.882651681641315 21.47065078443926 17.299999999999997
4.566807532187886 23.633984465071165 17.299999999999997
11.978821199292714 20.87890790742295 17.299999999999997
18.098136627985497 15.870677469032088 17.299999999999997
22.26438597877981 9.149757904949498 17.299999999999997
24.027967149185116 1.4414393532001333 17.299999999999997
23.19856272529661 -6.422432577439151 17.299999999999997
19.865678145074863 -13.5932256866267 17.299999999999997
14.388982690997613 -19.297101591934585 17.299999999999997
7.3594956668872245 -22.91852474005125 17.299999999999997
-0.46419363522022095 -24.066688118648443 17.299999999999997
-8.237789335916617 -22.617687317414468 17.299999999999997
-15.122401422466602 -18.727891711269933 17.299999999999997
-20.375074827058544 -12.817069810336463 17.299999999999997
-23.428965655446486 -5.523089809805917 17.299999999999997
-23.954512323191 2.366916155963998 17.299999999999997
-23.954512323191 2.366916155963998 17.299999999999997
-21.895000297176086 10.001495624052037 17.299999999999997
-17.472682462199135 16.556760561970794 17.299999999999997
-11.164794631356823 21.325297502517966 17.299999999999997
-11.164794631356823 21.325297502517966 17.299999999999997
-3.6520544939242225 23.792508289473826 17.299999999999997
4.254798247105962 23.69214309866664 17.299999999999997
11.702493103788772 21.035032871071284 17.299999999999997
11.702493103788772 21.035032871071284 17.299999999999997
17.88730975496086 16.107920488422923 17.299999999999997
17.88730975496086 16.107920488422923 17.299999999999997
22.141811776213515 9.442516825402308 17.299999999999997
24.006873250506352 1.758121004196136 17.299999999999997
24.006873250506352 1.758121004196136 17.299999999999997
23.281225485182414 -6.116002995369269 17.299999999999997
23.281225485182414 -6.116002995369269 17.299999999999997
20.043176985923065 -13.330116617728327 17.299999999999997
20.043176985923065 -13.330116617728327 17.299999999999997
14.642162769851751 -19.105706533715008 17.299999999999997
14.642162769851751 -19.105706533715008 17.299999999999997
14.642162769851751 -19.105706533715008 17.299999999999997
7.6610349763057295 -22.819498150114807 17.299999999999997
7.6610349763057295 -22.819498150114807 17.299999999999997
7.6610349763057295 -22.819498150114807 17.299999999999997
-0.14683580417739112 -24.07071648243743 17.299999999999997
-0.14683580417739112 -24.07071648243743 17.299999999999997
-7.93886075290078 -22.724335912790163 17.299999999999997
-7.93886075290078 -22.724335912790163 17.299999999999997
-7.93886075290078 -22.724335912790163 17.299999999999997
-7.93886075290078 -22.724335912790163 17.299999999999997
-7.93886075290078 -22.724335912790163 17.299999999999997
-14.874161059062818 -18.92565152168697 17.299999999999997
-14.874161059062818 -18.92565152168697 17.299999999999997
-20.204311619767648 -13.084599523966908 17.299999999999997
-20.204311619767648 -13.084599523966908 17.299999999999997
-20.204311619767648 -13.084599523966908 17.299999999999997
-20.204311619767648 -13.084599523966908 17.299999999999997
-20.204311619767648 -13.084599523966908 17.299999999999997
-20.204311619767648 -13.084599523966908 17.299999999999997
-20.204311619767648 -13.084599523966908 17.299999999999997
-20.204311619767648 -13.084599523966908 17.299999999999997
-20.204311619767648 -13.084599523966908 17.299999999999997
-20.204311619767648 -13.084599523966908 17.299999999999997
-20.204311619767648 -13.084599523966908 17.299999999999997
-20.204311619767648 -13.084599523966908 17.299999999999997
-20.204311619767648 -13.084599523966908 17.299999999999997
-20.204311619767648 -13.084599523966908 17.299999999999997
-20.204311619767648 -13.084599523966908 17.299999999999997
-20.204311619767648 -13.084599523966908 17.299999999999997
-20.204311619767648 -13.084599523966908 17.299999999999997
-20.204311619767648 -13.084599523966908 17.299999999999997
-20.204311619767648 -13.084599523966908 17.299999999999997
-20.204311619767648 -13.084599523966908 17.299999999999997
-20.204311619767648 -13.084599523966908 17.299999999999997
-20.204311619767648 -13.084599523966908 17.299999999999997
-20.204311619767648 -13.084599523966908 17.299999999999997
-20.204311619767648 -13.084599523966908 17.299999999999997
-20.204311619767648 -13.084599523966908 17.299999999999997
-20.204311619767648 -13.084599523966908 17.299999999999997
-20.204311619767648 -13.084599523966908 17.299999999999997
-20.204311619767648 -13.084599523966908 17.299999999999997
-20.204311619767648 -13.084599523966908 17.299999999999997
-20.204311619767648 -13.084599523966908 17.299999999999997
-20.204311619767648 -13.084599523966908 17.299999999999997
-20.204311619767648 -13.084599523966908 17.299999999999997
-20.204311619767648 -13.084599523966908 17.299999999999997
-20.204311619767648 -13.084599523966908 17.299999999999997
-20.204311619767648 -13.084599523966908 17.299999999999997
-20.204311619767648 -13.084599523966908 17.299999999999997
-20.204311619767648 -13.084599523966908 17.299999999999997
-20.204311619767648 -13.084599523966908 17.299999999999997
-20.204311619767648 -13.084599523966908 17.299999999999997
-20.204311619767648 -13.084599523966908 17.299999999999997
-20.204311619767648 -13.084599523966908 17.299999999999997
-20.204311619767648 -13.084599523966908 17.299999999999997
-20.204311619767648 -13.084599523966908 17.299999999999997
-20.204311619767648 -13.084599523966908 17.299999999999997
-20.204311619767648 -13.084599523966908 17.299999999999997
-20.204311619767648 -13.084599523966908 17.299999999999997
-20.204311619767648 -13.084599523966908 17.299999999999997
-20.204311619767648 -13.084599523966908 17.299999999999997
-20.204311619767648 -13.084599523966908 17.299999999999997
-20.204311619767648 -13.084599523966908 17.299999999999997
-20.204311619767648 -13.084599523966908 17.299999999999997
-20.204311619767648 -13.084599523966908 17.299999999999997
-20.204311619767648 -13.084599523966908 17.299999999999997
-20.204311619767648 -13.084599523966908 17.299999999999997
-20.204311619767648 -13.084599523966908 17.299999999999997
-20.204311619767648 -13.084599523966908 17.299999999999997
-20.204311619767648 -13.084599523966908 17.299999999999997
-20.204311619767648 -13.084599523966908 17.299999999999997
-20.204311619767648 -13.084599523966908 17.299999999999997
-20.204311619767648 -13.084599523966908 17.299999999999997
-20.204311619767648 -13.084599523966908 17.299999999999997
-20.204311619767648 -13.084599523966908 17.299999999999997
-20.204311619767648 -13.084599523966908 17.299999999999997
-20.204311619767648 -13.084599523966908 17.299999999999997
-20.204311619767648 -13.084599523966908 17.299999999999997
-20.204311619767648 -13.084599523966908 17.299999999999997
-20.204311619767648 -13.084599523966908 17.299999999999997
-20.204311619767648 -13.084599523966908 17.299999999999997
-20.204311619767648 -13.084599523966908 17.299999999999997
-20.204311619767648 -13.084599523966908 17.299999999999997
-20.204311619767648 -13.084599523966908 17.299999999999997
-20.204311619767648 -13.084599523966908 17.299999999999997
-20.204311619767648 -13.084599523966908 17.299999999999997
-20.204311619767648 -13.084599523966908 17.299999999999997
-20.204311619767648 -13.084599523966908 17.299999999999997
-20.204311619767648 -13.084599523966908 17.299999999999997
-20.204311619767648 -13.084599523966908 17.299999999999997
-17.054004596915014 -17.068142661188045 17.299999999999997
-17.054004596915014 -17.068142661188045 17.299999999999997
-17.054004596915014 -17.068142661188045 17.299999999999997
-17.054004596915014 -17.068142661188045 17.299999999999997
-17.054004596915014 -17.068142661188045 17.299999999999997
-17.054004596915014 -17.068142661188045 17.299999999999997
-17.054004596915014 -17.068142661188045 17.299999999999997
-17.054004596915014 -17.068142661188045 17.299999999999997
-17.054004596915014 -17.068142661188045 17.299999999999997
-17.054004596915014 -17.068142661188045 17.299999999999997
-17.054004596915014 -17.068142661188045 17.299999999999997
-17.054004596915014 -17.068142661188045 17.299999999999997
-17.054004596915014 -17.068142661188045 17.299999999999997
-17.054004596915014 -17.068142661188045 17.299999999999997
-17.054004596915014 -17.068142661188045 17.299999999999997
-17.054004596915014 -17.068142661188045 17.299999999999997
-17.054004596915014 -17.068142661188045 17.299999999999997
-17.054004596915014 -17.068142661188045 17.299999999999997
-17.054004596915014 -17.068142661188045 17.299999999999997
-17.054004596915014 -17.068142661188045 17.299999999999997
-17.054004596915014 -17.068142661188045 17.299999999999997
-17.054004596915014 -17.068142661188045 17.299999999999997
-17.054004596915014 -17.068142661188045 17.299999999999997
-17.054004596915014 -17.068142661188045 17.299999999999997
-17.054004596915014 -17.068142661188045 17.299999999999997
-17.054004596915014 -17.068142661188045 17.299999999999997
-17.054004596915014 -17.068142661188045 17.299999999999997
-17.054004596915014 -17.068142661188045 17.299999999999997
-17.054004596915014 -17.068142661188045 17.299999999999997
-17.054004596915014 -17.068142661188045 17.299999999999997
-17.054004596915014 -17.068142661188045 17.299999999999997
-17.054004596915014 -17.068142661188045 17.299999999999997
-17.054004596915014 -17.068142661188045 17.299999999999997
-17.054004596915014 -17.068142661188045 17.299999999999997
-17.054004596915014 -17.068142661188045 17.299999999999997
-17.054004596915014 -17.068142661188045 17.299999999999997
-17.054004596915014 -17.068142661188045 17.299999999999997
-17.054004596915014 -17.068142661188045 17.299999999999997
-17.054004596915014 -17.068142661188045 17.299999999999997
-17.054004596915014 -17.068142661188045 17.299999999999997
-17.054004596915014 -17.068142661188045 17.299999999999997
-17.054004596915014 -17.068142661188045 17.299999999999997
-17.054004596915014 -17.068142661188045 17.299999999999997
-17.054004596915014 -17.068142661188045 17.299999999999997
-17.054004596915014 -17.068142661188045 17.299999999999997
-17.054004596915014 -17.068142661188045 17.299999999999997
-17.054004596915014 -17.068142661188045 17.299999999999997
-17.054004596915014 -17.068142661188045 17.299999999999997
-17.054004596915014 -17.068142661188045 17.299999999999997
-17.054004596915014 -17.068142661188045 17.299999999999997
-17.054004596915014 -17.068142661188045 17.299999999999997
-17.054004596915014 -17.068142661188045 17.299999999999997
-17.054004596915014 -17.068142661188045 17.299999999999997
-17.054004596915014 -17.068142661188045 17.299999999999997
-17.054004596915014 -17.068142661188045 17.299999999999997
-17.054004596915014 -17.068142661188045 17.299999999999997
-17.054004596915014 -17.068142661188045 17.299999999999997
-17.054004596915014 -17.068142661188045 17.299999999999997
-17.054004596915014 -17.068142661188045 17.299999999999997
-17.054004596915014 -17.068142661188045 17.299999999999997
-17.054004596915014 -17.068142661188045 17.299999999999997
-17.054004596915014 -17.068142661188045 17.299999999999997
-17.054004596915014 -17.068142661188045 17.299999999999997
-17.054004596915014 -17.068142661188045 17.299999999999997
-17.054004596915014 -17.068142661188045 17.299999999999997
-17.054004596915014 -17.068142661188045 17.299999999999997
-17.054004596915014 -17.068142661188045 17.299999999999997
-17.054004596915014 -17.068142661188045 17.299999999999997
-17.054004596915014 -17.068142661188045 17.299999999999997
-17.054004596915014 -17.068142661188045 17.299999999999997
-17.054004596915014 -17.068142661188045 17.299999999999997
-17.054004596915014 -17.068142661188045 17.299999999999997
-17.054004596915014 -17.068142661188045 17.299999999999997
-17.054004596915014 -17.068142661188045 17.299999999999997
-17.054004596915014 -17.068142661188045 17.299999999999997
-17.054004596915014 -17.068142661188045 17.299999999999997
-17.054004596915014 -17.068142661188045 17.299999999999997
-17.054004596915014 -17.068142661188045 17.299999999999997
-17.054004596915014 -17.068142661188045 17.299999999999997
-17.054004596915014 -17.068142661188045 17.299999999999997
-17.054004596915014 -17.068142661188045 17.299999999999997
-17.054004596915014 -17.068142661188045 17.299999999999997
-17.054004596915014 -17.068142661188045 17.299999999999997
-17.054004596915014 -17.068142661188045 17.299999999999997
-17.054004596915014 -17.068142661188045 17.299999999999997
-17.054004596915014 -17.068142661188045 17.299999999999997
-17.054004596915014 -17.068142661188045 17.299999999999997
-17.054004596915014 -17.068142661188045 17.299999999999997
-17.054004596915014 -17.068142661188045 17.299999999999997
-17.054004596915014 -17.068142661188045 17.299999999999997
-17.054004596915014 -17.068142661188045 17.299999999999997
-17.054004596915014 -17.068142661188045 17.299999999999997
-17.054004596915014 -17.068142661188045 17.299999999999997
-17.054004596915014 -17.068142661188045 17.299999999999997
-17.054004596915014 -17.068142661188045 17.299999999999997
-17.054004596915014 -17.068142661188045 17.299999999999997
-17.054004596915014 -17.068142661188045 17.299999999999997
-17.054004596915014 -17.068142661188045 17.299999999999997
-17.054004596915014 -17.068142661188045 17.299999999999997
-17.054004596915014 -17.068142661188045 17.299999999999997
-17.054004596915014 -17.068142661188045 17.299999999999997
-17.054004596915014 -17.068142661188045 17.299999999999997
-17.054004596915014 -17.068142661188045 17.299999999999997
-17.054004596915014 -17.068142661188045 17.299999999999997
-17.054004596915014 -17.068142661188045 17.299999999999997
-17.054004596915014 -17.068142661188045 17.299999999999997
-17.054004596915014 -17.068142661188045 17.299999999999997
-17.054004596915014 -17.068142661188045 17.299999999999997
-17.054004596915014 -17.068142661188045 17.299999999999997
-17.054004596915014 -17.068142661188045 17.299999999999997
-17.054004596915014 -17.068142661188045 17.299999999999997
-17.054004596915014 -17.068142661188045 17.299999999999997
-17.054004596915014 -17.068142661188045 17.299999999999997
-17.054004596915014 -17.068142661188045 17.299999999999997
-17.054004596915014 -17.068142661188045 17.299999999999997
-17.054004596915014 -17.068142661188045 17.299999999999997
-17.054004596915014 -17.068142661188045 17.299999999999997
-17.054004596915014 -17.068142661188045 17.299999999999997
-17.054004596915014 -17.068142661188045 17.299999999999997
-17.054004596915014 -17.068142661188045 17.299999999999997
-17.054004596915014 -17.068142661188045 17.299999999999997
-17.054004596915014 -17.068142661188045 17.299999999999997
-17.054004596915014 -17.068142661188045 17.299999999999997
-17.054004596915014 -17.068142661188045 17.299999999999997
-17.054004596915014 -17.068142661188045 17.299999999999997
-17.054004596915014 -17.068142661188045 17.299999999999997
-17.054004596915014 -17.068142661188045 17.299999999999997
-17.054004596915014 -17.068142661188045 17.299999999999997
-17.054004596915014 -17.068142661188045 17.299999999999997
-17.054004596915014 -17.068142661188045 17.299999999999997
-17.054004596915014 -17.068142661188045 17.299999999999997
-17.054004596915014 -17.068142661188045 17.299999999999997
-17.054004596915014 -17.068142661188045 17.299999999999997
-17.054004596915014 -17.068142661188045 17.299999999999997
-17.054004596915014 -17.068142661188045 17.299999999999997
-17.054004596915014 -17.068142661188045 17.299999999999997
-17.054004596915014 -17.068142661188045 17.299999999999997
-17.054004596915014 -17.068142661188045 17.299999999999997
-17.054004596915014 -17.068142661188045 17.299999999999997
-17.054004596915014 -17.068142661188045 17.299999999999997
-17.054004596915014 -17.068142661188045 17.299999999999997
-17.054004596915014 -17.068142661188045 17.299999999999997
-17.054004596915014 -17.068142661188045 17.299999999999997
-17.054004596915014 -17.068142661188045 17.299999999999997
-17.054004596915014 -17.068142661188045 17.299999999999997
-17.054004596915014 -17.068142661188045 17.299999999999997
-17.054004596915014 -17.068142661188045 17.299999999999997
-17.054004596915014 -17.068142661188045 17.299999999999997
-17.054004596915014 -17.068142661188045 17.299999999999997
-17.054004596915014 -17.068142661188045 17.299999999999997
-17.054004596915014 -17.068142661188045 17.299999999999997
-17.054004596915014 -17.068142661188045 17.299999999999997
-17.054004596915014 -17.068142661188045 17.299999999999997
-17.054004596915014 -17.068142661188045 17.299999999999997
-17.054004596915014 -17.068142661188045 17.299999999999997
-17.054004596915014 -17.068142661188045 17.299999999999997
-17.054004596915014 -17.068142661188045 17.299999999999997
-17.054004596915014 -17.068142661188045 17.299999999999997
-17.054004596915014 -17.068142661188045 17.299999999999997
-17.054004596915014 -17.068142661188045 17.299999999999997
-17.054004596915014 -17.068142661188045 17.299999999999997
-17.054004596915014 -17.068142661188045 17.299999999999997
-17.054004596915014 -17.068142661188045 17.299999999999997
-17.054004596915014 -17.068142661188045 17.299999999999997
-17.054004596915014 -17.068142661188045 17.299999999999997
-17.054004596915014 -17.068142661188045 17.299999999999997
-17.054004596915014 -17.068142661188045 17.299999999999997
-17.054004596915014 -17.068142661188045 17.299999999999997
-17.054004596915014 -17.068142661188045 17.299999999999997
-17.054004596915014 -17.068142661188045 17.299999999999997
-17.054004596915014 -17.068142661188045 17.299999999999997
-17.054004596915014 -17.068142661188045 17.299999999999997
-17.054004596915014 -17.068142661188045 17.299999999999997
-17.054004596915014 -17.068142661188045 17.299999999999997
-17.054004596915014 -17.068142661188045 17.299999999999997
-17.054004596915014 -17.068142661188045 17.299999999999997
-17.054004596915014 -17.068142661188045 17.299999999999997
-17.054004596915014 -17.068142661188045 17.299999999999997
-17.054004596915014 -17.068142661188045 17.299999999999997
-17.054004596915014 -17.068142661188045 17.299999999999997
-17.054004596915014 -17.068142661188045 17.299999999999997
-17.054004596915014 -17.068142661188045 17.299999999999997
-17.054004596915014 -17.068142661188045 17.299999999999997
-17.054004596915014 -17.068142661188045 17.299999999999997
-17.054004596915014 -17.068142661188045 17.299999999999997
-17.054004596915014 -17.068142661188045 17.299999999999997
-17.054004596915014 -17.068142661188045 17.299999999999997
-17.054004596915014 -17.068142661188045 17.299999999999997
-17.054004596915014 -17.068142661188045 17.299999999999997
-17.054004596915014 -17.068142661188045 17.299999999999997
-17.054004596915014 -17.068142661188045 17.299999999999997
-17.054004596915014 -17.068142661188045 17.299999999999997
-17.054004596915014 -17.068142661188045 17.299999999999997
-17.054004596915014 -17.068142661188045 17.299999999999997
-17.054004596915014 -17.068142661188045 17.299999999999997
-17.054004596915014 -17.068142661188045 17.299999999999997
-17.054004596915014 -17.068142661188045 17.299999999999997
-17.054004596915014 -17.068142661188045 17.299999999999997
-17.054004596915014 -17.068142661188045 17.299999999999997
-17.054004596915014 -17.068142661188045 17.299999999999997
-17.054004596915014 -17.068142661188045 17.299999999999997
-17.054004596915014 -17.068142661188045 17.299999999999997
-17.054004596915014 -17.068142661188045 17.299999999999997
-17.054004596915014 -17.068142661188045 17.299999999999997
-17.054004596915014 -17.068142661188045 17.299999999999997
-17.054004596915014 -17.068142661188045 17.299999999999997
-17.054004596915014 -17.068142661188045 17.299999999999997
-17.054004596915014 -17.068142661188045 17.299999999999997
-17.054004596915014 -17.068142661188045 17.299999999999997
-17.054004596915014 -17.068142661188045 17.299999999999997
-17.054004596915014 -17.068142661188045 17.299999999999997
-17.054004596915014 -17.068142661188045 17.299999999999997
-17.054004596915014 -17.068142661188045 17.299999999999997
-17.054004596915014 -17.068142661188045 17.299999999999997
-17.054004596915014 -17.068142661188045 17.299999999999997
-17.054004596915014 -17.068142661188045 17.299999999999997
-17.054004596915014 -17.068142661188045 17.299999999999997
-17.054004596915014 -17.068142661188045 17.299999999999997
-17.054004596915014 -17.068142661188045 17.299999999999997
-17.054004596915014 -17.068142661188045 17.299999999999997
-17.054004596915014 -17.068142661188045 17.299999999999997
-17.054004596915014 -17.068142661188045 17.299999999999997
-17.054004596915014 -17.068142661188045 17.299999999999997
-17.054004596915014 -17.068142661188045 17.299999999999997
-17.054004596915014 -17.068142661188045 17.299999999999997
-17.054004596915014 -17.068142661188045 17.299999999999997
-17.054004596915014 -17.068142661188045 17.299999999999997
-17.054004596915014 -17.068142661188045 17.299999999999997
-17.054004596915014 -17.068142661188045 17.299999999999997
-17.054004596915014 -17.068142661188045 17.299999999999997
-17.054004596915014 -17.068142661188045 17.299999999999997
-17.054004596915014 -17.068142661188045 17.299999999999997
-17.054004596915014 -17.068142661188045 17.299999999999997
-17.054004596915014 -17.068142661188045 17.299999999999997
-17.054004596915014 -17.068142661188045 17.299999999999997
-17.054004596915014 -17.068142661188045 17.299999999999997
-17.054004596915014 -17.068142661188045 17.299999999999997
-17.054004596915014 -17.068142661188045 17.299999999999997
-17.054004596915014 -17.068142661188045 17.299999999999997
-17.054004596915014 -17.068142661188045 17.299999999999997
-17.054004596915014 -17.068142661188045 17.299999999999997
-17.054004596915014 -17.068142661188045 17.299999999999997
-17.054004596915014 -17.068142661188045 17.299999999999997
-17.054004596915014 -17.068142661188045 17.299999999999997
-17.054004596915014 -17.068142661188045 17.299999999999997
-17.054004596915014 -17.068142661188045 17.299999999999997
-17.054004596915014 -17.068142661188045 17.299999999999997
-17.054004596915014 -17.068142661188045 17.299999999999997
-17.054004596915014 -17.068142661188045 17.299999999999997
-17.054004596915014 -17.068142661188045 17.299999999999997
-17.054004596915014 -17.068142661188045 17.299999999999997
-17.054004596915014 -17.068142661188045 17.299999999999997
-17.054004596915014 -17.068142661188045 17.299999999999997
-17.054004596915014 -17.068142661188045 17.299999999999997
-17.054004596915014 -17.068142661188045 17.299999999999997
-17.054004596915014 -17.068142661188045 17.299999999999997
-17.054004596915014 -17.068142661188045 17.299999999999997
-17.054004596915014 -17.068142661188045 17.299999999999997
-17.054004596915014 -17.068142661188045 17.299999999999997
-17.054004596915014 -17.068142661188045 17.299999999999997
-17.054004596915014 -17.068142661188045 17.299999999999997
-17.054004596915014 -17.068142661188045 17.299999999999997
-17.054004596915014 -17.068142661188045 17.299999999999997
-17.054004596915014 -17.068142661188045 17.299999999999997
-17.054004596915014 -17.068142661188045 17.299999999999997
-17.054004596915014 -17.068142661188045 17.299999999999997
-17.054004596915014 -17.068142661188045 17.299999999999997
-17.054004596915014 -17.068142661188045 17.299999999999997
-17.054004596915014 -17.068142661188045 17.299999999999997
-17.054004596915014 -17.068142661188045 17.299999999999997
-17.054004596915014 -17.068142661188045 17.299999999999997
-17.054004596915014 -17.068142661188045 17.299999999999997
-17.054004596915014 -17.068142661188045 17.299999999999997
-17.054004596915014 -17.068142661188045 17.299999999999997
-17.054004596915014 -17.068142661188045 17.299999999999997
-17.054004596915014 -17.068142661188045 17.299999999999997
-17.054004596915014 -17.068142661188045 17.299999999999997
-17.054004596915014 -17.068142661188045 17.299999999999997
-17.054004596915014 -17.068142661188045 17.299999999999997
-17.054004596915014 -17.068142661188045 17.299999999999997
-17.054004596915014 -17.068142661188045 17.299999999999997
-17.054004596915014 -17.068142661188045 17.299999999999997
-17.054004596915014 -17.068142661188045 17.299999999999997
-17.054004596915014 -17.068142661188045 17.299999999999997
-17.054004596915014 -17.068142661188045 17.299999999999997
-17.054004596915014 -17.068142661188045 17.299999999999997
-17.054004596915014 -17.068142661188045 17.299999999999997
-17.054004596915014 -17.068142661188045 17.299999999999997
-17.054004596915014 -17.068142661188045 17.299999999999997
-17.054004596915014 -17.068142661188045 17.299999999999997
-17.054004596915014 -17.068142661188045 17.299999999999997
-17.054004596915014 -17.068142661188045 17.299999999999997
-17.054004596915014 -17.068142661188045 17.299999999999997
-17.054004596915014 -17.068142661188045 17.299999999999997
-17.054004596915014 -17.068142661188045 17.299999999999997
-17.054004596915014 -17.068142661188045 17.299999999999997
-17.054004596915014 -17.068142661188045 17.299999999999997
-17.054004596915014 -17.068142661188045 17.299999999999997
-17.054004596915014 -17.068142661188045 17.299999999999997
-17.054004596915014 -17.068142661188045 17.299999999999997
-17.054004596915014 -17.068142661188045 17.299999999999997
-17.054004596915014 -17.068142661188045 17.299999999999997
-17.054004596915014 -17.068142661188045 17.299999999999997
-17.054004596915014 -17.068142661188045 17.299999999999997
-17.054004596915014 -17.068142661188045 17.299999999999997
-17.054004596915014 -17.068142661188045 17.299999999999997
-17.054004596915014 -17.068142661188045 17.299999999999997
-17.054004596915014 -17.068142661188045 17.299999999999997
-17.054004596915014 -17.068142661188045 17.299999999999997
-17.054004596915014 -17.068142661188045 17.299999999999997
-17.054004596915014 -17.068142661188045 17.299999999999997
-17.054004596915014 -17.068142661188045 17.299999999999997
-17.054004596915014 -17.068142661188045 17.299999999999997
-17.054004596915014 -17.068142661188045 17.299999999999997
-17.054004596915014 -17.068142661188045 17.299999999999997
-17.054004596915014 -17.068142661188045 17.299999999999997
-17.054004596915014 -17.068142661188045 17.299999999999997
-17.054004596915014 -17.068142661188045 17.299999999999997
-17.054004596915014 -17.068142661188045 17.299999999999997
-17.054004596915014 -17.068142661188045 17.299999999999997
-17.054004596915014 -17.068142661188045 17.299999999999997
-17.054004596915014 -17.068142661188045 17.299999999999997
-17.054004596915014 -17.068142661188045 17.299999999999997
-17.054004596915014 -17.068142661188045 17.299999999999997
-17.054004596915014 -17.068142661188045 17.299999999999997
-17.054004596915014 -17.068142661188045 17.299999999999997
-17.054004596915014 -17.068142661188045 17.299999999999997
-17.054004596915014 -17.068142661188045 17.299999999999997
-17.054004596915014 -17.068142661188045 17.299999999999997
-17.054004596915014 -17.068142661188045 17.299999999999997
-17.054004596915014 -17.068142661188045 17.299999999999997
-17.054004596915014 -17.068142661188045 17.299999999999997
-17.054004596915014 -17.068142661188045 17.299999999999997
-17.054004596915014 -17.068142661188045 17.299999999999997
-17.054004596915014 -17.068142661188045 17.299999999999997
-17.054004596915014 -17.068142661188045 17.299999999999997
-17.054004596915014 -17.068142661188045 17.299999999999997
-17.054004596915014 -17.068142661188045 17.299999999999997
-17.054004596915014 -17.068142661188045 17.299999999999997
-17.054004596915014 -17.068142661188045 17.299999999999997
-17.054004596915014 -17.068142661188045 17.299999999999997
-17.054004596915014 -17.068142661188045 17.299999999999997
-17.054004596915014 -17.068142661188045 17.299999999999997
-17.054004596915014 -17.068142661188045 17.299999999999997
-17.054004596915014 -17.068142661188045 17.299999999999997
-17.054004596915014 -17.068142661188045 17.299999999999997
-17.054004596915014 -17.068142661188045 17.299999999999997
-17.054004596915014 -17.068142661188045 17.299999999999997
-17.054004596915014 -17.068142661188045 17.299999999999997
-17.054004596915014 -17.068142661188045 17.299999999999997
-17.054004596915014 -17.068142661188045 17.299999999999997
-17.054004596915014 -17.068142661188045 17.299999999999997
-17.054004596915014 -17.068142661188045 17.299999999999997
-17.054004596915014 -17.068142661188045 17.299999999999997
-17.054004596915014 -17.068142661188045 17.299999999999997
-17.054004596915014 -17.068142661188045 17.299999999999997
-17.054004596915014 -17.068142661188045 17.299999999999997
-17.054004596915014 -17.068142661188045 17.299999999999997
-17.054004596915014 -17.068142661188045 17.299999999999997
-17.054004596915014 -17.068142661188045 17.299999999999997
-17.054004596915014 -17.068142661188045 17.299999999999997
-17.054004596915014 -17.068142661188045 17.299999999999997
-17.054004596915014 -17.068142661188045 17.299999999999997
-17.054004596915014 -17.068142661188045 17.299999999999997
-17.054004596915014 -17.068142661188045 17.299999999999997
-17.054004596915014 -17.068142661188045 17.299999999999997
-17.054004596915014 -17.068142661188045 17.299999999999997
-16.22888232605157 -18.99505477472494 17.299999999999997
-16.22888232605157 -18.99505477472494 17.299999999999997
-16.22888232605157 -18.99505477472494 17.299999999999997
-16.22888232605157 -18.99505477472494 17.299999999999997
-16.22888232605157 -18.99505477472494 17.299999999999997
-16.22888232605157 -18.99505477472494 17.299999999999997
-16.22888232605157 -18.99505477472494 17.299999999999997
-16.22888232605157 -18.99505477472494 17.299999999999997
-15.020203330519504 -20.707629485775616 17.299999999999997
-15.020203330519504 -20.707629485775616 17.299999999999997
-13.481074754166936 -22.130619394603148 17.299999999999997
-13.481074754166936 -22.130619394603148 17.299999999999997
-13.481074754166936 -22.130619394603148 17.299999999999997
-11.679123090882431 -23.201500927900316 17.299999999999997
-11.679123090882431 -23.201500927900316 17.299999999999997
-11.679123090882431 -23.201500927900316 17.299999999999997
-9.693522800173556 -23.8732215102163 17.299999999999997
-9.693522800173556 -23.8732215102163 17.299999999999997
-9.693522800173556 -23.8732215102163 17.299999999999997
-9.693522800173556 -23.8732215102163 17.299999999999997
-7.611517526260726 -24.116266968042297 17.299999999999997
-7.611517526260726 -24.116266968042297 17.299999999999997
-5.524586771958943 -23.91995832860049 17.299999999999997
-5.524586771958943 -23.91995832860049 17.299999999999997
-5.524586771958943 -23.91995832860049 17.299999999999997
-5.524586771958943 -23.91995832860049 17.299999999999997
-3.5244264566801737 -23.29292103437149 17.299999999999997
-3.5244264566801737 -23.29292103437149 17.299999999999997
-3.5244264566801737 -23.29292103437149 17.299999999999997
-1.6989199654877645 -22.26270595693132 17.299999999999997
-1.6989199654877645 -22.26270595693132 17.299999999999997
-1.6989199654877645 -22.26270595693132 17.299999999999997
-1.6989199654877645 -22.26270595693132 17.299999999999997
-0.12827671393520965 -20.874578862057614 17.299999999999997
-0.12827671393520965 -20.874578862057614 17.299999999999997
-0.12827671393520965 -20.874578862057614 17.299999999999997
1.1184921069151001 -19.189531514792204 17.299999999999997
1.1184921069151001 -19.189531514792204 17.299999999999997
1.1184921069151001 -19.189531514792204 17.299999999999997
1.1184921069151001 -19.189531514792204 17.299999999999997
1.1184921069151001 -19.189531514792204 17.299999999999997
1.1184921069151001 -19.189531514792204 17.299999999999997
1.1184921069151001 -19.189531514792204 17.299999999999997
1.1184921069151001 -19.189531514792204 17.299999999999997
1.1184921069151001 -19.189531514792204 17.299999999999997
1.1184921069151001 -19.189531514792204 17.299999999999997
1.1184921069151001 -19.189531514792204 17.299999999999997
1.1184921069151001 -19.189531514792204 17.299999999999997
1.1184921069151001 -19.189531514792204 17.299999999999997
1.1184921069151001 -19.189531514792204 17.299999999999997
1.1184921069151001 -19.189531514792204 17.299999999999997
1.1184921069151001 -19.189531514792204 17.299999999999997
1.1184921069151001 -19.189531514792204 17.299999999999997
1.1184921069151001 -19.189531514792204 17.299999999999997
1.1184921069151001 -19.189531514792204 17.299999999999997
1.1184921069151001 -19.189531514792204 17.299999999999997
1.1184921069151001 -19.189531514792204 17.299999999999997
1.1184921069151001 -19.189531514792204 17.299999999999997
1.1184921069151001 -19.189531514792204 17.299999999999997
1.1184921069151001 -19.189531514792204 17.299999999999997
1.1184921069151001 -19.189531514792204 17.299999999999997
1.1184921069151001 -19.189531514792204 17.299999999999997
1.1184921069151001 -19.189531514792204 17.299999999999997
1.1184921069151001 -19.189531514792204 17.299999999999997
1.1184921069151001 -19.189531514792204 17.299999999999997
1.1184921069151001 -19.189531514792204 17.299999999999997
1.1184921069151001 -19.189531514792204 17.299999999999997
1.1184921069151001 -19.189531514792204 17.299999999999997
1.1184921069151001 -19.189531514792204 17.299999999999997
1.1184921069151001 -19.189531514792204 17.299999999999997
1.1184921069151001 -19.189531514792204 17.299999999999997
1.1184921069151001 -19.189531514792204 17.299999999999997
1.1184921069151001 -19.189531514792204 17.299999999999997
1.1184921069151001 -19.189531514792204 17.299999999999997
1.1184921069151001 -19.189531514792204 17.299999999999997
1.1184921069151001 -19.189531514792204 17.299999999999997
1.1184921069151001 -19.189531514792204 17.299999999999997
1.1184921069151001 -19.189531514792204 17.299999999999997
1.1184921069151001 -19.189531514792204 17.299999999999997
1.1184921069151001 -19.189531514792204 17.299999999999997
1.1184921069151001 -19.189531514792204 17.299999999999997
1.1184921069151001 -19.189531514792204 17.299999999999997
1.1184921069151001 -19.189531514792204 17.299999999999997
1.1184921069151001 -19.189531514792204 17.299999999999997
1.1184921069151001 -19.189531514792204 17.299999999999997
1.1184921069151001 -19.189531514792204 17.299999999999997
1.1184921069151001 -19.189531514792204 17.299999999999997
1.1184921069151001 -19.189531514792204 17.299999999999997
1.1184921069151001 -19.189531514792204 17.299999999999997
1.1184921069151001 -19.189531514792204 17.299999999999997
1.1184921069151001 -19.189531514792204 17.299999999999997
1.1184921069151001 -19.189531514792204 17.299999999999997
1.1184921069151001 -19.189531514792204 17.299999999999997
1.1184921069151001 -19.189531514792204 17.299999999999997
1.1184921069151001 -19.189531514792204 17.299999999999997
1.1184921069151001 -19.189531514792204 17.299999999999997
1.1184921069151001 -19.189531514792204 17.299999999999997
1.1184921069151001 -19.189531514792204 17.299999999999997
1.1184921069151001 -19.189531514792204 17.299999999999997
1.1184921069151001 -19.189531514792204 17.299999999999997
1.1184921069151001 -19.189531514792204 17.299999999999997
1.1184921069151001 -19.189531514792204 17.299999999999997
1.1184921069151001 -19.189531514792204 17.299999999999997
-0.12827671393520965 -20.874578862057614 17.299999999999997
-0.12827671393520965 -20.874578862057614 17.299999999999997
-0.12827671393520965 -20.874578862057614 17.299999999999997
-0.12827671393520965 -20.874578862057614 17.299999999999997
-0.12827671393520965 -20.874578862057614 17.299999999999997
-0.12827671393520965 -20.874578862057614 17.299999999999997
-0.12827671393520965 -20.874578862057614 17.299999999999997
-0.12827671393520965 -20.874578862057614 17.299999999999997
-0.12827671393520965 -20.874578862057614 17.299999999999997
-0.12827671393520965 -20.874578862057614 17.299999999999997
-0.12827671393520965 -20.874578862057614 17.299999999999997
-0.12827671393520965 -20.874578862057614 17.299999999999997
-0.12827671393520965 -20.874578862057614 17.299999999999997
-0.12827671393520965 -20.874578862057614 17.299999999999997
-0.12827671393520965 -20.874578862057614 17.299999999999997
-0.12827671393520965 -20.874578862057614 17.299999999999997
-0.12827671393520965 -20.874578862057614 17.299999999999997
-0.12827671393520965 -20.874578862057614 17.299999999999997
-0.12827671393520965 -20.874578862057614 17.299999999999997
-0.12827671393520965 -20.874578862057614 17.299999999999997
-0.12827671393520965 -20.874578862057614 17.299999999999997
-0.12827671393520965 -20.874578862057614 17.299999999999997
-0.12827671393520965 -20.874578862057614 17.299999999999997
-0.12827671393520965 -20.874578862057614 17.299999999999997
-0.12827671393520965 -20.874578862057614 17.299999999999997
-0.12827671393520965 -20.874578862057614 17.299999999999997
-0.12827671393520965 -20.874578862057614 17.299999999999997
-0.12827671393520965 -20.874578862057614 17.299999999999997
-0.12827671393520965 -20.874578862057614 17.299999999999997
-0.12827671393520965 -20.874578862057614 17.299999999999997
-0.12827671393520965 -20.874578862057614 17.299999999999997
-0.12827671393520965 -20.874578862057614 17.299999999999997
-0.12827671393520965 -20.874578862057614 17.299999999999997
-0.12827671393520965 -20.874578862057614 17.299999999999997
-0.12827671393520965 -20.874578862057614 17.299999999999997
-0.12827671393520965 -20.874578862057614 17.299999999999997
-0.12827671393520965 -20.874578862057614 17.299999999999997
-0.12827671393520965 -20.874578862057614 17.299999999999997
-0.12827671393520965 -20.874578862057614 17.299999999999997
-0.12827671393520965 -20.874578862057614 17.299999999999997
-0.12827671393520965 -20.874578862057614 17.299999999999997
-0.12827671393520965 -20.874578862057614 17.299999999999997
-0.12827671393520965 -20.874578862057614 17.299999999999997
-0.12827671393520965 -20.874578862057614 17.299999999999997
-0.12827671393520965 -20.874578862057614 17.299999999999997
-0.12827671393520965 -20.874578862057614 17.299999999999997
-0.12827671393520965 -20.874578862057614 17.299999999999997
-0.12827671393520965 -20.874578862057614 17.299999999999997
4.204876498692057 -20.501935053126562 17.299999999999997
4.204876498692057 -20.501935053126562 17.299999999999997
8.365153007789461 -19.23418920308944 17.3
