15.556787038570036 -2.2665892077487473 17.3
-21.803033688576637 13.780350896176643 17.299999999999997
7.277138630765103 -18.496337469340165 17.3
1.9601087454012247 6.383398896258754 17.3
-19.198023309207503 -8.362824228889712 17.300000000000004
-3.064500849936364 -25.053775856213147 17.3
6.166635232200684 -7.937622811384231 17.3
14.097729291399553 10.283875363610795 17.3
19.26206703741105 16.758710293411443 17.300000000000004
7.488741574556951 3.6986309419686907 17.3
-11.146106419010312 16.24808757378887 17.299999999999997
-6.641290398150123 21.542505797186884 17.300000000000004
-3.6672602808230796 4.942959201702941 17.3
-24.50247046192309 5.300590547442256 17.3
7.119315192618274 9.032864447012141 17.3
-0.487417774146225 18.00220399889281 17.300000000000004
22.295031893037688 12.724107041043203 17.3
7.133891829196169 2.185685389847165 17.3
7.373382495888214 19.988994865151003 17.3
21.577425359673786 -7.097506158696552 17.3
4.885417189264628 5.1598958126313725 17.3
23.9448009771988 0.8614773064183636 17.299999999999997
18.903161833200876 -3.607944377896204 17.300000000000004
8.772759151519764 0.3731848553274615 17.3
21.80756199761494 -12.383637244632585 17.299999999999997
-7.5100968582261425 -17.31987785284372 17.3
4.026824078102723 -7.723120061531783 17.3
3.0689839240728056 -25.195234302476088 17.3
-15.973660463392832 -5.162509355683387 17.3
-3.4613993258360947 -7.86966528602409 17.3
-14.528687399556484 -20.824703464054682 17.300000000000004
-17.680133428772155 6.094619107767998 17.299999999999997
-5.476536213841647 -4.409367958556286 17.3
-17.386025582510932 -15.46288185702598 17.300000000000004
-18.340357659878496 12.41420359488322 17.3
-5.9187408487244095 -4.582551747553788 17.3
-18.69185699924192 15.457308131315859 17.3
3.755174208457798 21.740637800721228 17.3
-1.609820811598524 6.773970956712469 17.3
-19.02020714630977 2.156742178761419 17.299999999999997
-25.696483995532788 2.573743499286907 17.300000000000004
-14.532795455207218 -2.452917167828778 17.3
8.576581377058597 -4.648729533451446 17.3
20.827839187751334 -10.863405983448718 17.299999999999997
23.68031877825091 3.9699218482831853 17.300000000000004
5.403588948879131 8.896155478313464 17.3
-10.40237993304894 -5.865382518454451 17.3
8.51728609580445 -22.972205206539183 17.299999999999997
23.844174361380237 1.1895427867741744 17.300000000000004
-3.6568592472166683 11.762257308791638 17.3
4.3347341516070115 -9.090115114727816 17.3
15.659576940423632 16.22904678281599 17.299999999999997
-23.199753732389848 10.06874240516867 17.300000000000004
0.8694176539222394 -16.25594625043855 17.3
-0.5984912295268107 6.223619141319298 17.3
10.76712179088011 -12.087392755191633 17.299999999999997
-5.177951957473693 24.001686928500312 17.3
-18.512481459870738 -13.29091873520839 17.300000000000004
12.871984789683127 5.436533359211755 17.3
0.7362479152580812 -6.794136066941248 17.3
-13.776192305988555 11.671903680298573 17.299999999999997
24.253204014162232 -4.516976011184527 17.3
-25.556614581761966 0.6514691399325909 17.300000000000004
17.770807769387567 11.729231325658304 17.3
-2.110724286025811 -9.082017311958158 17.3
-6.548569844175201 -0.6461482944469964 17.3
5.810761514672831 15.091010588055656 17.3
21.034431849903253 -11.811461657922784 17.300000000000004
-24.169540658812135 -10.348721302897019 17.3
0.9172976895257838 23.63909884540318 17.299999999999997
15.492774911905304 -7.456890161128313 17.3
-2.7119034765740553 -8.665165939233074 17.3
-2.9378956890572496 -5.93991760140642 17.3
-14.519633223654175 0.049858200557053346 17.3
-7.538446949314907 19.032922091372647 17.3
22.22659841193615 12.091307505910683 17.3
21.80136098158909 -14.162623574395989 17.299999999999997
-2.174225566266459 -24.164892337023947 17.3
-18.92985001439523 1.569232962612487 17.300000000000004
-6.626237987780767 11.645850297424806 17.3
0.46297656352831756 9.400289006920323 17.3
3.0309785613266906 5.786916891857283 17.3
-0.12265397148230398 8.916901096578629 17.3
10.06931612416492 11.175405194332882 17.3
18.640750862417132 -1.6304265348443012 17.299999999999997
17.467573016921424 -13.015917720729123 17.299999999999997
6.198270016321061 -23.15824272384481 17.3
-8.055845029655135 -24.060192804612768 17.3
-22.251503409790597 -13.074214014590696 17.300000000000004
-24.947106640352093 6.663337883920026 17.300000000000004
-18.472735714253755 17.486806414048868 17.300000000000004
-8.496390242603429 22.15358302860721 17.3
2.706502367018503 22.266747733557782 17.3
5.656100238812418 20.071877402704523 17.299999999999997
13.040902881530435 13.875475528692169 17.299999999999997
13.344246673714073 10.62066434742629 17.299999999999997
12.852154728003649 7.653531140452692 17.3
10.363534126717036 7.590614485412167 17.3
11.033392553097451 6.50690331923699 17.3
7.701186999838109 7.47309743402617 17.3
5.126402050524628 7.080902642548211 17.3
1.593450366768502 8.63159297272361 17.3
2.462528124954413 8.528923748532685 17.3
-3.2838487908640897 8.247600996242285 17.3
-6.574617093213219 6.053290861477834 17.3
-7.298481702492818 5.2650402235611695 17.3
-8.92469728749692 1.5712474384959305 17.3
-8.013799808750136 -4.230609035554009 17.3
-5.396182212940835 -7.3546673973125545 17.3
0.24632849398437032 -9.118620360197188 17.3
5.785377406229084 -7.052611095746408 17.3
8.894477920418291 -2.024395594626407 17.3
6.572757158172433 6.325249270980895 17.3
1.3143101735038247 9.026765963963818 17.3
-4.496167504480433 7.936900703171579 17.3
-8.41818497360474 3.5134138313791983 17.3
-8.804433960430739 -2.3857614375216127 17.3
-2.8363451017371286 -8.66977862832743 17.3
5.69188636356392 -7.1282778161787705 17.3
8.867013264428868 -2.1414926497174354 17.3
8.31785682740191 3.744752702007796 17.3
1.433213160651732 9.00865223196489 17.3
-6.745077768798527 6.1411595723618175 17.3
-9.09380746266941 0.7159475066298018 17.3
-7.622996731684673 -5.009973635566964 17.3
0.005807097515736401 -9.121945038091916 17.3
7.629369322737222 -5.000263866800176 17.3
9.092888537235751 0.7275252914902546 17.3
6.737253289838144 6.1497425237904375 17.3
-1.164565682298154 11.084162660324564 17.3
-9.123031356071161 9.59601411633907 17.3
-13.028231895120927 -2.3618555696295265 17.3
-9.931912170598203 -11.645462981562389 17.3
5.562211426360325 -16.356227436000676 17.300000000000004
16.51626747705423 -9.60828359831541 17.300000000000004
17.944484202366848 10.452394628336966 17.300000000000004
6.850470817910822 21.144300855050016 17.300000000000004
-9.584112327340566 21.418537669036073 17.300000000000004
-24.381066366733265 2.0321171952546235 17.300000000000004
-19.98577383900456 -15.3734482380189 17.300000000000004
-4.47506364556681 -25.30953217775471 17.300000000000004
21.43868015053898 -14.481329114377912 17.300000000000004
25.27708186189369 3.73018898979812 17.300000000000004
13.745873470020214 19.82006085393351 17.300000000000004
-10.214890783039264 20.639320610190023 17.300000000000004
-20.168930499773264 8.020666024962024 17.300000000000004
-14.934887593925364 -10.750181825727337 17.3
1.577297651034955 -16.44066011996752 17.3
10.599861147262901 -6.433502427607377 17.3
9.80595250215103 3.1629037940732103 17.3
3.9729364311055266 5.393723504935271 17.3
2.4165342812010735 5.465258203614843 17.3
-0.5448387954266822 8.91601694376487 17.3
-8.441726510133858 6.934594731387157 17.3
-12.853887041852584 1.8972610098943734 17.3
-9.025719203479955 -14.42845286772673 17.3
8.653960252545707 -18.635752149191536 17.3
20.99852355913953 -10.137292515167939 17.299999999999997
17.79717319502447 17.879457701565055 17.299999999999997
-9.497706441791559 24.058233570727236 17.299999999999997
-25.775858722354705 4.3110066306527255 17.299999999999997
-21.81372183847087 -12.812195403195767 17.3
2.751300383930957 -24.33420306009129 17.3
18.623108031602282 -2.0767094074097012 17.3
7.3263346848261985 12.761485203753336 17.3
-2.217151871217685 10.187103114092277 17.3
-7.832141111638234 2.9611595698562923 17.3
-5.7191469501067 1.8605347335088662 17.3
-7.467835858946963 1.0596966347631536 17.3
-8.08876266090707 -7.877037006489058 17.3
-0.21681004079738467 -15.323645415637927 17.3
12.197517116953684 -12.12596806855887 17.3
19.400210727301644 10.55807550838097 17.3
12.663039986416276 19.64023467411077 17.3
-17.45914182145326 18.877971673692485 17.299999999999997
-26.062451756658955 -0.15988169399766697 17.299999999999997
-13.77146308413851 -21.1152914456135 17.299999999999997
7.313850302755612 -22.121006820431344 17.3
18.99845346615989 -7.361798849543201 17.3
12.767114203070287 10.570153875857073 17.300000000000004
1.0739979170401457 12.281889059965694 17.3
-4.24600187003647 7.04601256064535 17.3
-4.189076344353629 4.201500107709913 17.3
-5.829658121157954 2.2517356119225673 17.3
-11.39292990799548 0.043126619787750814 17.3
-13.855750419033797 -6.804155176083229 17.3
-0.7328806391970566 -19.11497651635997 17.3
16.77059297821551 -14.610533576411335 17.3
23.411896701874433 2.6180675965034386 17.299999999999997
13.343215300880434 21.61320992242769 17.299999999999997
-0.6483900382237177 26.17720002325693 17.299999999999997
-20.710562927194406 15.432087419197513 17.3
-23.504300471937974 -6.248173550541549 17.3
-11.201780871243033 -18.57958959128184 17.300000000000004
5.90102936366254 -17.231592700109562 17.300000000000004
10.45186567642263 -9.508556743148212 17.3
11.938317125906629 0.31701952580656595 17.3
7.492329416312162 2.546025040452953 17.3
5.5871250274941335 1.2930123426893851 17.3
3.9523883904038875 4.698706018995007 17.3
5.399432632618715 7.610514403106468 17.3
-1.4017286378294977 13.423100105186059 17.3
-10.009298691710665 14.443007067282974 17.3
-21.04487635186209 1.9005918837821152 17.299999999999997
-21.271051612265033 -10.8860045907456 17.299999999999997
-14.186022328298261 -20.53381051482325 17.299999999999997
12.663731814058561 -22.868214149853095 17.3
23.04856971500705 -12.287673587251101 17.300000000000004
25.61717719611359 0.1748742080079032 17.300000000000004
19.96118241772013 13.136206002968553 17.300000000000004
3.640108246587881 22.318207911124336 17.300000000000004
-7.645075198931756 17.998356259347265 17.3
-13.793536211740506 11.20631038437444 17.3
-13.67405905974916 2.341201541978662 17.3
-11.454293299663794 -3.1459171322820763 17.3
-7.817250031959511 -6.113661309763185 17.3
-2.8729334419243604 -5.955238842145985 17.3
-3.1510172761645348 -5.079374498843135 17.3
-5.011133660935257 -6.052537172454352 17.3
-3.695203130691074 -9.099000659261947 17.3
-0.12322994952324524 -11.987679901185944 17.3
2.804604844941534 -13.855181178210694 17.3
15.497185872363826 -9.539947829984596 17.3
19.936407370606695 -1.6128572223992839 17.3
19.861909574860512 8.376153292491127 17.3
17.5502277957475 16.43712562574517 17.300000000000004
7.875654919530616 23.55198360723458 17.300000000000004
-4.471428181289977 24.958051896320395 17.300000000000004
-11.614083693028736 22.908074630305013 17.300000000000004
-21.285797695668418 14.448551103491486 17.3
-25.162483085108384 0.22219867168660956 17.3
-24.660190399417637 -5.090796453717636 17.3
-19.852258016189815 -12.84388573020556 17.299999999999997
-12.884845916418842 -19.94755943379355 17.299999999999997
-0.11096513338046114 -21.351369214230598 17.299999999999997
4.3381924189605705 -20.968175863834784 17.299999999999997
9.287061910594256 -15.552120621560517 17.3
14.826255923240387 -10.538556465664428 17.3
15.21634224917024 -5.791600037211338 17.3
14.130122258312674 -1.799104405346812 17.3
12.097137013458266 1.0163438001032603 17.3
9.007579050240809 4.416063165230977 17.3
7.884934154706544 6.134020403602569 17.3
5.890399647032762 5.554397696507328 17.3
4.933352505880586 4.528244130925662 17.3
3.87682940785915 5.39442399870794 17.3
4.152283245642177 4.546301944665016 17.3
5.070504735521894 4.509719677675036 17.3
4.014830134141031 5.4048972508051625 17.3
4.81626184705193 6.618289835150817 17.3
4.944028621444646 8.747489164573127 17.3
3.0077275817896716 9.523201620392722 17.3
1.4736377359602466 11.90849791749883 17.3
1.5603317404297883 14.002847746147188 17.3
-1.3971640974688064 13.957739668207083 17.3
-4.280283231691985 13.297103287314272 17.3
-8.46402484750778 13.512422506345946 17.3
-11.099060744319457 11.388412251977412 17.3
-13.066558495665499 12.111440365966505 17.3
-15.308432341606155 9.058764704376646 17.3
-15.308432341606155 9.058764704376646 17.3
-18.880454336001456 5.0308983562408995 17.3
-18.880454336001456 5.0308983562408995 17.3
-21.12473442693079 -0.42508380821893793 17.3
-20.576214944900773 -4.8821500487371345 17.3
-20.576214944900773 -4.8821500487371345 17.3
-20.576214944900773 -4.8821500487371345 17.3
-19.110626352041056 -9.126954304649686 17.3
-19.110626352041056 -9.126954304649686 17.3
-16.792363929903367 -12.972987642601675 17.299999999999997
-16.792363929903367 -12.972987642601675 17.299999999999997
-16.792363929903367 -12.972987642601675 17.299999999999997
-16.792363929903367 -12.972987642601675 17.299999999999997
-13.723287888175214 -16.251262393842598 17.299999999999997
-13.723287888175214 -16.251262393842598 17.299999999999997
-13.723287888175214 -16.251262393842598 17.299999999999997
-13.723287888175214 -16.251262393842598 17.299999999999997
-13.723287888175214 -16.251262393842598 17.299999999999997
-13.723287888175214 -16.251262393842598 17.299999999999997
-13.723287888175214 -16.251262393842598 17.299999999999997
-13.723287888175214 -16.251262393842598 17.299999999999997
-13.723287888175214 -16.251262393842598 17.299999999999997
-13.723287888175214 -16.251262393842598 17.299999999999997
-13.723287888175214 -16.251262393842598 17.299999999999997
-13.723287888175214 -16.251262393842598 17.299999999999997
-13.723287888175214 -16.251262393842598 17.299999999999997
-13.723287888175214 -16.251262393842598 17.299999999999997
-13.723287888175214 -16.251262393842598 17.299999999999997
-13.723287888175214 -16.251262393842598 17.299999999999997
-13.723287888175214 -16.251262393842598 17.299999999999997
-13.723287888175214 -16.251262393842598 17.299999999999997
-13.723287888175214 -16.251262393842598 17.299999999999997
-13.723287888175214 -16.251262393842598 17.299999999999997
-13.723287888175214 -16.251262393842598 17.299999999999997
-13.723287888175214 -16.251262393842598 17.299999999999997
-13.723287888175214 -16.251262393842598 17.299999999999997
-13.723287888175214 -16.251262393842598 17.299999999999997
-13.723287888175214 -16.251262393842598 17.299999999999997
-13.723287888175214 -16.251262393842598 17.299999999999997
-13.723287888175214 -16.251262393842598 17.299999999999997
-13.723287888175214 -16.251262393842598 17.299999999999997
-13.723287888175214 -16.251262393842598 17.299999999999997
-13.723287888175214 -16.251262393842598 17.299999999999997
-13.723287888175214 -16.251262393842598 17.299999999999997
-13.723287888175214 -16.251262393842598 17.299999999999997
-13.723287888175214 -16.251262393842598 17.299999999999997
-13.723287888175214 -16.251262393842598 17.299999999999997
-13.723287888175214 -16.251262393842598 17.299999999999997
-13.723287888175214 -16.251262393842598 17.299999999999997
-13.723287888175214 -16.251262393842598 17.299999999999997
-13.723287888175214 -16.251262393842598 17.299999999999997
-13.723287888175214 -16.251262393842598 17.299999999999997
-13.723287888175214 -16.251262393842598 17.299999999999997
-13.723287888175214 -16.251262393842598 17.299999999999997
-13.723287888175214 -16.251262393842598 17.299999999999997
-13.723287888175214 -16.251262393842598 17.299999999999997
-13.723287888175214 -16.251262393842598 17.299999999999997
-13.723287888175214 -16.251262393842598 17.299999999999997
-13.723287888175214 -16.251262393842598 17.299999999999997
-13.723287888175214 -16.251262393842598 17.299999999999997
-13.723287888175214 -16.251262393842598 17.299999999999997
-13.723287888175214 -16.251262393842598 17.299999999999997
-13.723287888175214 -16.251262393842598 17.299999999999997
-13.723287888175214 -16.251262393842598 17.299999999999997
-13.723287888175214 -16.251262393842598 17.299999999999997
-13.723287888175214 -16.251262393842598 17.299999999999997
-13.723287888175214 -16.251262393842598 17.299999999999997
-13.723287888175214 -16.251262393842598 17.299999999999997
-13.723287888175214 -16.251262393842598 17.299999999999997
-13.723287888175214 -16.251262393842598 17.299999999999997
-13.723287888175214 -16.251262393842598 17.299999999999997
-13.723287888175214 -16.251262393842598 17.299999999999997
-13.723287888175214 -16.251262393842598 17.299999999999997
-13.723287888175214 -16.251262393842598 17.299999999999997
-13.723287888175214 -16.251262393842598 17.299999999999997
-13.723287888175214 -16.251262393842598 17.299999999999997
-13.723287888175214 -16.251262393842598 17.299999999999997
-13.723287888175214 -16.251262393842598 17.299999999999997
-13.723287888175214 -16.251262393842598 17.299999999999997
-13.723287888175214 -16.251262393842598 17.299999999999997
-13.723287888175214 -16.251262393842598 17.299999999999997
-13.723287888175214 -16.251262393842598 17.299999999999997
-13.723287888175214 -16.251262393842598 17.299999999999997
-13.723287888175214 -16.251262393842598 17.299999999999997
-13.723287888175214 -16.251262393842598 17.299999999999997
-13.723287888175214 -16.251262393842598 17.299999999999997
-13.723287888175214 -16.251262393842598 17.299999999999997
-13.723287888175214 -16.251262393842598 17.299999999999997
-13.723287888175214 -16.251262393842598 17.299999999999997
-13.723287888175214 -16.251262393842598 17.299999999999997
-13.723287888175214 -16.251262393842598 17.299999999999997
-13.723287888175214 -16.251262393842598 17.299999999999997
-13.723287888175214 -16.251262393842598 17.299999999999997
-13.723287888175214 -16.251262393842598 17.299999999999997
-13.723287888175214 -16.251262393842598 17.299999999999997
-13.723287888175214 -16.251262393842598 17.299999999999997
-13.723287888175214 -16.251262393842598 17.299999999999997
-13.723287888175214 -16.251262393842598 17.299999999999997
-13.723287888175214 -16.251262393842598 17.299999999999997
-13.723287888175214 -16.251262393842598 17.299999999999997
-13.723287888175214 -16.251262393842598 17.299999999999997
-13.723287888175214 -16.251262393842598 17.299999999999997
-13.723287888175214 -16.251262393842598 17.299999999999997
-13.723287888175214 -16.251262393842598 17.299999999999997
-13.723287888175214 -16.251262393842598 17.299999999999997
-13.723287888175214 -16.251262393842598 17.299999999999997
-13.723287888175214 -16.251262393842598 17.299999999999997
-13.723287888175214 -16.251262393842598 17.299999999999997
-13.723287888175214 -16.251262393842598 17.299999999999997
-13.723287888175214 -16.251262393842598 17.299999999999997
-13.723287888175214 -16.251262393842598 17.299999999999997
-13.723287888175214 -16.251262393842598 17.299999999999997
-13.723287888175214 -16.251262393842598 17.299999999999997
-13.723287888175214 -16.251262393842598 17.299999999999997
-13.723287888175214 -16.251262393842598 17.299999999999997
-13.723287888175214 -16.251262393842598 17.299999999999997
-13.723287888175214 -16.251262393842598 17.299999999999997
-13.723287888175214 -16.251262393842598 17.299999999999997
-13.723287888175214 -16.251262393842598 17.299999999999997
-13.723287888175214 -16.251262393842598 17.299999999999997
-13.723287888175214 -16.251262393842598 17.299999999999997
-13.723287888175214 -16.251262393842598 17.299999999999997
-13.723287888175214 -16.251262393842598 17.299999999999997
-13.723287888175214 -16.251262393842598 17.299999999999997
-13.723287888175214 -16.251262393842598 17.299999999999997
-13.723287888175214 -16.251262393842598 17.299999999999997
-13.723287888175214 -16.251262393842598 17.299999999999997
-13.723287888175214 -16.251262393842598 17.299999999999997
-13.723287888175214 -16.251262393842598 17.299999999999997
-13.723287888175214 -16.251262393842598 17.299999999999997
-13.723287888175214 -16.251262393842598 17.299999999999997
-13.723287888175214 -16.251262393842598 17.299999999999997
-13.723287888175214 -16.251262393842598 17.299999999999997
-13.723287888175214 -16.251262393842598 17.299999999999997
-13.723287888175214 -16.251262393842598 17.299999999999997
-13.723287888175214 -16.251262393842598 17.299999999999997
-13.723287888175214 -16.251262393842598 17.299999999999997
-13.723287888175214 -16.251262393842598 17.299999999999997
-13.723287888175214 -16.251262393842598 17.299999999999997
-13.723287888175214 -16.251262393842598 17.299999999999997
-13.723287888175214 -16.251262393842598 17.299999999999997
-13.723287888175214 -16.251262393842598 17.299999999999997
-16.792363929903367 -12.972987642601675 17.299999999999997
-16.792363929903367 -12.972987642601675 17.299999999999997
-16.792363929903367 -12.972987642601675 17.299999999999997
-16.792363929903367 -12.972987642601675 17.299999999999997
-16.792363929903367 -12.972987642601675 17.299999999999997
-19.110626352041056 -9.126954304649686 17.3
-20.576214944900773 -4.8821500487371345 17.3
-21.12473442693079 -0.42508380821893793 17.3
-20.732083855578782 4.0484090802688035 17.3
-20.732083855578782 4.0484090802688035 17.3
-19.41551557861602 8.34177152322993 17.3
-17.23287719753866 12.266361029405271 17.3
-14.280069849787164 15.649738315727099 17.3
-10.686834488213373 18.343243973948226 17.300000000000004
-10.686834488213373 18.343243973948226 17.300000000000004
-2.231802744859615 21.222761241281127 17.300000000000004
-2.231802744859615 21.222761241281127 17.300000000000004
2.2584950101608006 21.28225212959424 17.300000000000004
6.662546495506713 20.40438903721814 17.300000000000004
10.78684574589651 18.62774366242671 17.300000000000004
14.450178597460306 16.03037855270741 17.300000000000004
17.49158490657842 12.72641717923614 17.300000000000004
19.77743084412381 8.861029560336728 17.3
19.77743084412381 8.861029560336728 17.3
21.207280521437678 4.604053756456807 17.3
21.71830895953492 0.14253349650171884 17.3
21.288062503745635 -4.327500181426694 17.3
19.935445396223553 -8.609642175215834 17.3
19.935445396223553 -8.609642175215834 17.3
17.719889158130165 -12.515742999615906 17.3
17.719889158130165 -12.515742999615906 17.3
14.738741277321656 -15.874175730412336 17.3
14.738741277321656 -15.874175730412336 17.3
11.122987937824902 -18.53737697749292 17.299999999999997
7.031498726543542 -20.388330550249954 17.299999999999997
7.031498726543542 -20.388330550249954 17.299999999999997
2.6440461942533586 -21.345708934920324 17.299999999999997
-1.846593021394397 -21.367446676755893 17.299999999999997
-1.846593021394397 -21.367446676755893 17.299999999999997
-6.243108448656445 -20.45258865914847 17.299999999999997
-10.352325242856514 -18.641332069706287 17.299999999999997
-10.352325242856514 -18.641332069706287 17.299999999999997
-13.993691935657138 -16.01326020936915 17.299999999999997
-17.007213536268743 -12.683845747758683 17.299999999999997
-17.007213536268743 -12.683845747758683 17.299999999999997
-19.260481418642417 -8.79937706532644 17.3
-20.65449111426376 -4.5305306095438755 17.3
-19.336812716825747 -2.9003340888459728 17.3
-19.499431575583124 1.254827803514799 17.3
-18.792293214839145 5.352604100936971 17.3
-16.76715108801566 5.8935444131112655 17.3
-16.76715108801566 5.8935444131112655 17.3
-15.153052030449674 9.319841432976938 17.3
-10.905105023126554 11.578383698036578 17.3
-10.905105023126554 11.578383698036578 17.3
-6.757852446861088 12.170289385332103 17.3
-6.757852446861088 12.170289385332103 17.3
-3.3132227963425547 11.411723969277553 17.3
-3.3132227963425547 11.411723969277553 17.3
-2.9962184194574317 9.339689876844222 17.3
-0.9662710177901507 9.81959098826913 17.3
0.15454066687184148 8.004764467475393 17.3
0.15454066687184148 8.004764467475393 17.3
-1.1767966272038957 6.385703608652155 17.3
0.1973920603425538 6.551224611715684 17.3
-1.6784262880280982 5.615744746039063 17.3
-2.547963484860599 5.813458930224391 17.3
-2.547963484860599 5.813458930224391 17.3
-2.547963484860599 5.813458930224391 17.3
-3.2115792454591956 7.0498021240135005 17.3
-4.95638910927598 8.211462829339284 17.3
-3.118568647895394 9.124767042662185 17.3
-3.118568647895394 9.124767042662185 17.3
-4.2380559419891854 10.896931045663294 17.3
-4.963523993677325 12.863530435765446 17.3
-2.155777238100007 13.676120316421462 17.3
-2.155777238100007 13.676120316421462 17.3
-2.0162926343516374 15.76761765098527 17.300000000000004
2.3122836239351603 17.754874617636904 17.300000000000004
2.3122836239351603 17.754874617636904 17.300000000000004
3.657185711658369 19.362685374413996 17.300000000000004
3.657185711658369 19.362685374413996 17.300000000000004
3.657185711658369 19.362685374413996 17.300000000000004
9.513973412896219 19.155098819742847 17.300000000000004
9.513973412896219 19.155098819742847 17.300000000000004
9.513973412896219 19.155098819742847 17.300000000000004
11.54792457488143 19.66191212445118 17.300000000000004
11.54792457488143 19.66191212445118 17.300000000000004
13.642841941082235 19.733593948930142 17.300000000000004
13.642841941082235 19.733593948930142 17.300000000000004
13.642841941082235 19.733593948930142 17.300000000000004
13.642841941082235 19.733593948930142 17.300000000000004
13.642841941082235 19.733593948930142 17.300000000000004
15.706678674970778 19.366994724950324 17.300000000000004
15.706678674970778 19.366994724950324 17.300000000000004
15.706678674970778 19.366994724950324 17.300000000000004
15.706678674970778 19.366994724950324 17.300000000000004
15.706678674970778 19.366994724950324 17.300000000000004
15.706678674970778 19.366994724950324 17.300000000000004
15.706678674970778 19.366994724950324 17.300000000000004
21.13492272429704 13.232357352831285 17.300000000000004
21.13492272429704 13.232357352831285 17.300000000000004
21.13492272429704 13.232357352831285 17.300000000000004
24.282384973799882 5.6697459960048535 17.300000000000004
24.282384973799882 5.6697459960048535 17.300000000000004
24.809406049847222 -2.5047177742890443 17.300000000000004
24.809406049847222 -2.5047177742890443 17.300000000000004
22.659112308089735 -10.40888414213607 17.300000000000004
22.659112308089735 -10.40888414213607 17.300000000000004
18.063553370589034 -17.18977252039471 17.300000000000004
18.063553370589034 -17.18977252039471 17.300000000000004
11.518660418234553 -22.11562121769208 17.300000000000004
11.518660418234553 -22.11562121769208 17.300000000000004
11.518660418234553 -22.11562121769208 17.300000000000004
3.730727622159542 -24.654855730348356 17.300000000000004
3.730727622159542 -24.654855730348356 17.300000000000004
3.730727622159542 -24.654855730348356 17.300000000000004
-4.4598078127667575 -24.533453771294003 17.300000000000004
-4.4598078127667575 -24.533453771294003 17.300000000000004
-12.169061691911686 -21.764516470932293 17.300000000000004
-12.169061691911686 -21.764516470932293 17.300000000000004
-12.169061691911686 -21.764516470932293 17.300000000000004
-12.169061691911686 -21.764516470932293 17.300000000000004
-12.169061691911686 -21.764516470932293 17.300000000000004
-18.56508747034854 -16.646854564551916 17.300000000000004
-18.56508747034854 -16.646854564551916 17.300000000000004
-22.957656024604365 -9.732742138317555 17.300000000000004
-22.957656024604365 -9.732742138317555 17.300000000000004
-22.957656024604365 -9.732742138317555 17.300000000000004
-22.957656024604365 -9.732742138317555 17.300000000000004
-22.957656024604365 -9.732742138317555 17.300000000000004
-22.957656024604365 -9.732742138317555 17.300000000000004
-22.957656024604365 -9.732742138317555 17.300000000000004
-22.957656024604365 -9.732742138317555 17.300000000000004
-22.957656024604365 -9.732742138317555 17.300000000000004
-22.957656024604365 -9.732742138317555 17.300000000000004
-22.957656024604365 -9.732742138317555 17.300000000000004
-22.957656024604365 -9.732742138317555 17.300000000000004
-22.957656024604365 -9.732742138317555 17.300000000000004
-22.957656024604365 -9.732742138317555 17.300000000000004
-22.957656024604365 -9.732742138317555 17.300000000000004
-22.957656024604365 -9.732742138317555 17.300000000000004
-22.957656024604365 -9.732742138317555 17.300000000000004
-22.957656024604365 -9.732742138317555 17.300000000000004
-22.957656024604365 -9.732742138317555 17.300000000000004
-22.957656024604365 -9.732742138317555 17.300000000000004
-22.957656024604365 -9.732742138317555 17.300000000000004
-22.957656024604365 -9.732742138317555 17.300000000000004
-22.957656024604365 -9.732742138317555 17.300000000000004
-22.957656024604365 -9.732742138317555 17.300000000000004
-22.957656024604365 -9.732742138317555 17.300000000000004
-22.957656024604365 -9.732742138317555 17.300000000000004
-22.957656024604365 -9.732742138317555 17.300000000000004
-22.957656024604365 -9.732742138317555 17.300000000000004
-22.957656024604365 -9.732742138317555 17.300000000000004
-22.957656024604365 -9.732742138317555 17.300000000000004
-22.957656024604365 -9.732742138317555 17.300000000000004
-22.957656024604365 -9.732742138317555 17.300000000000004
-22.957656024604365 -9.732742138317555 17.300000000000004
-22.957656024604365 -9.732742138317555 17.300000000000004
-22.957656024604365 -9.732742138317555 17.300000000000004
-22.957656024604365 -9.732742138317555 17.300000000000004
-22.957656024604365 -9.732742138317555 17.300000000000004
-24.30255811232757 -8.124931381540463 17.300000000000004
-24.30255811232757 -8.124931381540463 17.300000000000004
-24.30255811232757 -8.124931381540463 17.300000000000004
-24.30255811232757 -8.124931381540463 17.300000000000004
-25.28274986206867 -6.272084601876852 17.300000000000004
-25.28274986206867 -6.272084601876852 17.300000000000004
-25.28274986206867 -6.272084601876852 17.300000000000004
-25.855163441554186 -4.255612497137751 17.300000000000004
-25.855163441554186 -4.255612497137751 17.300000000000004
-25.855163441554186 -4.255612497137751 17.300000000000004
-25.855163441554186 -4.255612497137751 17.300000000000004
-25.855163441554186 -4.255612497137751 17.300000000000004
-25.855163441554186 -4.255612497137751 17.300000000000004
-25.855163441554186 -4.255612497137751 17.300000000000004
-25.855163441554186 -4.255612497137751 17.300000000000004
-25.855163441554186 -4.255612497137751 17.300000000000004
-25.855163441554186 -4.255612497137751 17.300000000000004
-25.855163441554186 -4.255612497137751 17.300000000000004
-25.855163441554186 -4.255612497137751 17.300000000000004
-25.855163441554186 -4.255612497137751 17.300000000000004
-25.855163441554186 -4.255612497137751 17.300000000000004
-25.855163441554186 -4.255612497137751 17.300000000000004
-25.855163441554186 -4.255612497137751 17.300000000000004
-25.855163441554186 -4.255612497137751 17.300000000000004
-25.855163441554186 -4.255612497137751 17.300000000000004
-25.855163441554186 -4.255612497137751 17.300000000000004
-25.855163441554186 -4.255612497137751 17.300000000000004
-25.855163441554186 -4.255612497137751 17.300000000000004
-25.855163441554186 -4.255612497137751 17.300000000000004
-25.855163441554186 -4.255612497137751 17.300000000000004
-25.855163441554186 -4.255612497137751 17.300000000000004
-25.855163441554186 -4.255612497137751 17.300000000000004
-25.855163441554186 -4.255612497137751 17.300000000000004
-25.855163441554186 -4.255612497137751 17.300000000000004
-25.855163441554186 -4.255612497137751 17.300000000000004
-25.855163441554186 -4.255612497137751 17.300000000000004
-25.855163441554186 -4.255612497137751 17.300000000000004
-25.855163441554186 -4.255612497137751 17.300000000000004
-25.855163441554186 -4.255612497137751 17.300000000000004
-25.855163441554186 -4.255612497137751 17.300000000000004
-25.855163441554186 -4.255612497137751 17.300000000000004
-25.855163441554186 -4.255612497137751 17.300000000000004
-25.855163441554186 -4.255612497137751 17.300000000000004
-25.855163441554186 -4.255612497137751 17.300000000000004
-25.855163441554186 -4.255612497137751 17.300000000000004
-25.855163441554186 -4.255612497137751 17.300000000000004
-25.855163441554186 -4.255612497137751 17.300000000000004
-25.855163441554186 -4.255612497137751 17.300000000000004
-25.855163441554186 -4.255612497137751 17.300000000000004
-25.855163441554186 -4.255612497137751 17.300000000000004
-25.855163441554186 -4.255612497137751 17.300000000000004
-25.855163441554186 -4.255612497137751 17.300000000000004
-25.855163441554186 -4.255612497137751 17.300000000000004
-25.855163441554186 -4.255612497137751 17.300000000000004
-25.855163441554186 -4.255612497137751 17.300000000000004
-25.855163441554186 -4.255612497137751 17.300000000000004
-25.855163441554186 -4.255612497137751 17.300000000000004
-25.855163441554186 -4.255612497137751 17.300000000000004
-25.855163441554186 -4.255612497137751 17.300000000000004
-25.855163441554186 -4.255612497137751 17.300000000000004
-25.855163441554186 -4.255612497137751 17.300000000000004
-25.855163441554186 -4.255612497137751 17.300000000000004
-25.855163441554186 -4.255612497137751 17.300000000000004
-25.855163441554186 -4.255612497137751 17.300000000000004
-25.855163441554186 -4.255612497137751 17.300000000000004
-25.855163441554186 -4.255612497137751 17.300000000000004
-25.855163441554186 -4.255612497137751 17.300000000000004
-25.855163441554186 -4.255612497137751 17.300000000000004
-25.855163441554186 -4.255612497137751 17.300000000000004
-25.855163441554186 -4.255612497137751 17.300000000000004
-25.855163441554186 -4.255612497137751 17.300000000000004
-25.855163441554186 -4.255612497137751 17.300000000000004
-25.855163441554186 -4.255612497137751 17.300000000000004
-25.855163441554186 -4.255612497137751 17.300000000000004
-25.855163441554186 -4.255612497137751 17.300000000000004
-25.855163441554186 -4.255612497137751 17.300000000000004
-25.855163441554186 -4.255612497137751 17.300000000000004
-25.855163441554186 -4.255612497137751 17.300000000000004
-25.855163441554186 -4.255612497137751 17.300000000000004
-25.855163441554186 -4.255612497137751 17.300000000000004
-25.855163441554186 -4.255612497137751 17.300000000000004
-25.855163441554186 -4.255612497137751 17.300000000000004
-25.855163441554186 -4.255612497137751 17.300000000000004
-25.855163441554186 -4.255612497137751 17.300000000000004
-25.855163441554186 -4.255612497137751 17.300000000000004
-25.855163441554186 -4.255612497137751 17.300000000000004
-25.855163441554186 -4.255612497137751 17.300000000000004
-25.855163441554186 -4.255612497137751 17.300000000000004
-25.855163441554186 -4.255612497137751 17.300000000000004
-25.855163441554186 -4.255612497137751 17.300000000000004
-25.855163441554186 -4.255612497137751 17.300000000000004
-25.855163441554186 -4.255612497137751 17.300000000000004
-25.855163441554186 -4.255612497137751 17.300000000000004
-25.855163441554186 -4.255612497137751 17.300000000000004
-25.855163441554186 -4.255612497137751 17.300000000000004
-25.855163441554186 -4.255612497137751 17.300000000000004
-25.855163441554186 -4.255612497137751 17.300000000000004
-25.855163441554186 -4.255612497137751 17.300000000000004
-25.855163441554186 -4.255612497137751 17.300000000000004
-25.855163441554186 -4.255612497137751 17.300000000000004
-25.855163441554186 -4.255612497137751 17.300000000000004
-25.855163441554186 -4.255612497137751 17.300000000000004
-25.855163441554186 -4.255612497137751 17.300000000000004
-25.855163441554186 -4.255612497137751 17.300000000000004
-25.855163441554186 -4.255612497137751 17.300000000000004
-25.855163441554186 -4.255612497137751 17.300000000000004
-25.855163441554186 -4.255612497137751 17.300000000000004
-25.855163441554186 -4.255612497137751 17.300000000000004
-25.855163441554186 -4.255612497137751 17.300000000000004
-25.855163441554186 -4.255612497137751 17.300000000000004
-25.855163441554186 -4.255612497137751 17.300000000000004
-25.855163441554186 -4.255612497137751 17.300000000000004
-25.855163441554186 -4.255612497137751 17.300000000000004
-25.855163441554186 -4.255612497137751 17.300000000000004
-25.855163441554186 -4.255612497137751 17.300000000000004
-25.855163441554186 -4.255612497137751 17.300000000000004
-25.855163441554186 -4.255612497137751 17.300000000000004
-25.855163441554186 -4.255612497137751 17.300000000000004
-25.855163441554186 -4.255612497137751 17.300000000000004
-25.855163441554186 -4.255612497137751 17.300000000000004
-25.855163441554186 -4.255612497137751 17.300000000000004
-25.855163441554186 -4.255612497137751 17.300000000000004
-25.855163441554186 -4.255612497137751 17.300000000000004
-25.855163441554186 -4.255612497137751 17.300000000000004
-25.855163441554186 -4.255612497137751 17.300000000000004
-25.855163441554186 -4.255612497137751 17.300000000000004
-25.855163441554186 -4.255612497137751 17.300000000000004
-25.855163441554186 -4.255612497137751 17.300000000000004
-25.855163441554186 -4.255612497137751 17.300000000000004
-25.855163441554186 -4.255612497137751 17.300000000000004
-25.855163441554186 -4.255612497137751 17.300000000000004
-25.855163441554186 -4.255612497137751 17.300000000000004
-25.855163441554186 -4.255612497137751 17.300000000000004
-25.855163441554186 -4.255612497137751 17.300000000000004
-25.855163441554186 -4.255612497137751 17.300000000000004
-25.855163441554186 -4.255612497137751 17.300000000000004
-25.855163441554186 -4.255612497137751 17.300000000000004
-25.855163441554186 -4.255612497137751 17.300000000000004
-25.855163441554186 -4.255612497137751 17.300000000000004
-25.855163441554186 -4.255612497137751 17.300000000000004
-25.855163441554186 -4.255612497137751 17.300000000000004
-25.855163441554186 -4.255612497137751 17.300000000000004
-25.855163441554186 -4.255612497137751 17.300000000000004
-25.855163441554186 -4.255612497137751 17.300000000000004
-25.855163441554186 -4.255612497137751 17.300000000000004
-25.855163441554186 -4.255612497137751 17.300000000000004
-25.855163441554186 -4.255612497137751 17.300000000000004
-25.855163441554186 -4.255612497137751 17.300000000000004
-25.855163441554186 -4.255612497137751 17.300000000000004
-25.855163441554186 -4.255612497137751 17.300000000000004
-25.855163441554186 -4.255612497137751 17.300000000000004
-25.855163441554186 -4.255612497137751 17.300000000000004
-25.855163441554186 -4.255612497137751 17.300000000000004
-25.855163441554186 -4.255612497137751 17.300000000000004
-25.855163441554186 -4.255612497137751 17.300000000000004
-25.855163441554186 -4.255612497137751 17.300000000000004
-25.855163441554186 -4.255612497137751 17.300000000000004
-25.855163441554186 -4.255612497137751 17.300000000000004
-25.855163441554186 -4.255612497137751 17.300000000000004
-25.855163441554186 -4.255612497137751 17.300000000000004
-25.855163441554186 -4.255612497137751 17.300000000000004
-25.855163441554186 -4.255612497137751 17.300000000000004
-25.855163441554186 -4.255612497137751 17.300000000000004
-25.855163441554186 -4.255612497137751 17.300000000000004
-25.855163441554186 -4.255612497137751 17.300000000000004
-25.855163441554186 -4.255612497137751 17.300000000000004
-25.855163441554186 -4.255612497137751 17.300000000000004
-25.855163441554186 -4.255612497137751 17.300000000000004
-25.855163441554186 -4.255612497137751 17.300000000000004
-25.855163441554186 -4.255612497137751 17.300000000000004
-25.855163441554186 -4.255612497137751 17.300000000000004
-25.855163441554186 -4.255612497137751 17.300000000000004
-25.855163441554186 -4.255612497137751 17.300000000000004
-25.855163441554186 -4.255612497137751 17.300000000000004
-24.36688813489186 -9.498439969459412 17.300000000000004
-24.36688813489186 -9.498439969459412 17.300000000000004
-24.36688813489186 -9.498439969459412 17.300000000000004
-24.36688813489186 -9.498439969459412 17.300000000000004
-24.36688813489186 -9.498439969459412 17.300000000000004
-24.36688813489186 -9.498439969459412 17.300000000000004
-24.36688813489186 -9.498439969459412 17.300000000000004
-24.36688813489186 -9.498439969459412 17.300000000000004
-24.36688813489186 -9.498439969459412 17.300000000000004
-24.36688813489186 -9.498439969459412 17.300000000000004
-24.36688813489186 -9.498439969459412 17.300000000000004
-24.36688813489186 -9.498439969459412 17.300000000000004
-24.36688813489186 -9.498439969459412 17.300000000000004
-24.36688813489186 -9.498439969459412 17.300000000000004
-24.36688813489186 -9.498439969459412 17.300000000000004
-24.36688813489186 -9.498439969459412 17.300000000000004
-24.36688813489186 -9.498439969459412 17.300000000000004
-24.36688813489186 -9.498439969459412 17.300000000000004
-24.36688813489186 -9.498439969459412 17.300000000000004
-24.36688813489186 -9.498439969459412 17.300000000000004
-24.36688813489186 -9.498439969459412 17.300000000000004
-24.36688813489186 -9.498439969459412 17.300000000000004
-24.36688813489186 -9.498439969459412 17.300000000000004
-24.36688813489186 -9.498439969459412 17.300000000000004
-24.36688813489186 -9.498439969459412 17.300000000000004
-24.36688813489186 -9.498439969459412 17.300000000000004
-24.36688813489186 -9.498439969459412 17.300000000000004
-24.36688813489186 -9.498439969459412 17.300000000000004
-24.36688813489186 -9.498439969459412 17.300000000000004
-24.36688813489186 -9.498439969459412 17.300000000000004
-24.36688813489186 -9.498439969459412 17.300000000000004
-24.36688813489186 -9.498439969459412 17.300000000000004
-24.36688813489186 -9.498439969459412 17.300000000000004
-24.36688813489186 -9.498439969459412 17.300000000000004
-24.36688813489186 -9.498439969459412 17.300000000000004
-24.36688813489186 -9.498439969459412 17.300000000000004
-24.36688813489186 -9.498439969459412 17.300000000000004
-24.36688813489186 -9.498439969459412 17.300000000000004
-24.36688813489186 -9.498439969459412 17.300000000000004
-24.36688813489186 -9.498439969459412 17.300000000000004
-24.36688813489186 -9.498439969459412 17.300000000000004
-24.36688813489186 -9.498439969459412 17.300000000000004
-24.36688813489186 -9.498439969459412 17.300000000000004
-24.36688813489186 -9.498439969459412 17.300000000000004
-24.36688813489186 -9.498439969459412 17.300000000000004
-24.36688813489186 -9.498439969459412 17.300000000000004
-24.36688813489186 -9.498439969459412 17.300000000000004
-24.36688813489186 -9.498439969459412 17.300000000000004
-24.36688813489186 -9.498439969459412 17.300000000000004
-24.36688813489186 -9.498439969459412 17.300000000000004
-24.36688813489186 -9.498439969459412 17.300000000000004
-24.36688813489186 -9.498439969459412 17.300000000000004
-24.36688813489186 -9.498439969459412 17.300000000000004
-24.36688813489186 -9.498439969459412 17.300000000000004
-24.36688813489186 -9.498439969459412 17.300000000000004
-24.36688813489186 -9.498439969459412 17.300000000000004
-24.36688813489186 -9.498439969459412 17.300000000000004
-24.36688813489186 -9.498439969459412 17.300000000000004
-24.36688813489186 -9.498439969459412 17.300000000000004
-24.36688813489186 -9.498439969459412 17.300000000000004
-24.36688813489186 -9.498439969459412 17.300000000000004
-24.36688813489186 -9.498439969459412 17.300000000000004
-24.36688813489186 -9.498439969459412 17.300000000000004
-24.36688813489186 -9.498439969459412 17.300000000000004
-24.36688813489186 -9.498439969459412 17.300000000000004
-24.36688813489186 -9.498439969459412 17.300000000000004
-24.36688813489186 -9.498439969459412 17.300000000000004
-24.36688813489186 -9.498439969459412 17.300000000000004
-24.36688813489186 -9.498439969459412 17.300000000000004
-24.36688813489186 -9.498439969459412 17.300000000000004
-24.36688813489186 -9.498439969459412 17.300000000000004
-24.36688813489186 -9.498439969459412 17.300000000000004
-24.36688813489186 -9.498439969459412 17.300000000000004
-24.36688813489186 -9.498439969459412 17.300000000000004
-24.36688813489186 -9.498439969459412 17.300000000000004
-24.36688813489186 -9.498439969459412 17.300000000000004
-24.36688813489186 -9.498439969459412 17.300000000000004
-24.36688813489186 -9.498439969459412 17.300000000000004
-24.36688813489186 -9.498439969459412 17.300000000000004
-24.36688813489186 -9.498439969459412 17.300000000000004
-24.36688813489186 -9.498439969459412 17.300000000000004
-24.36688813489186 -9.498439969459412 17.300000000000004
-24.36688813489186 -9.498439969459412 17.300000000000004
-24.36688813489186 -9.498439969459412 17.300000000000004
-24.36688813489186 -9.498439969459412 17.300000000000004
-24.36688813489186 -9.498439969459412 17.300000000000004
-24.36688813489186 -9.498439969459412 17.300000000000004
-24.36688813489186 -9.498439969459412 17.300000000000004
-24.36688813489186 -9.498439969459412 17.300000000000004
-24.36688813489186 -9.498439969459412 17.300000000000004
-24.36688813489186 -9.498439969459412 17.300000000000004
-24.36688813489186 -9.498439969459412 17.300000000000004
-24.36688813489186 -9.498439969459412 17.300000000000004
-24.36688813489186 -9.498439969459412 17.300000000000004
-24.36688813489186 -9.498439969459412 17.300000000000004
-24.36688813489186 -9.498439969459412 17.300000000000004
-24.36688813489186 -9.498439969459412 17.300000000000004
-24.36688813489186 -9.498439969459412 17.300000000000004
-24.36688813489186 -9.498439969459412 17.300000000000004
-24.36688813489186 -9.498439969459412 17.300000000000004
-24.36688813489186 -9.498439969459412 17.300000000000004
-24.36688813489186 -9.498439969459412 17.300000000000004
-24.36688813489186 -9.498439969459412 17.300000000000004
-24.36688813489186 -9.498439969459412 17.300000000000004
-24.36688813489186 -9.498439969459412 17.300000000000004
-24.36688813489186 -9.498439969459412 17.300000000000004
-24.36688813489186 -9.498439969459412 17.300000000000004
-24.36688813489186 -9.498439969459412 17.300000000000004
-24.36688813489186 -9.498439969459412 17.300000000000004
-24.36688813489186 -9.498439969459412 17.300000000000004
-24.36688813489186 -9.498439969459412 17.300000000000004
-24.36688813489186 -9.498439969459412 17.300000000000004
-24.36688813489186 -9.498439969459412 17.300000000000004
-24.36688813489186 -9.498439969459412 17.300000000000004
-24.36688813489186 -9.498439969459412 17.300000000000004
-24.36688813489186 -9.498439969459412 17.300000000000004
-24.36688813489186 -9.498439969459412 17.300000000000004
-24.36688813489186 -9.498439969459412 17.300000000000004
-24.36688813489186 -9.498439969459412 17.300000000000004
-24.36688813489186 -9.498439969459412 17.300000000000004
-24.36688813489186 -9.498439969459412 17.300000000000004
-24.36688813489186 -9.498439969459412 17.300000000000004
-24.36688813489186 -9.498439969459412 17.300000000000004
-24.36688813489186 -9.498439969459412 17.300000000000004
-24.36688813489186 -9.498439969459412 17.300000000000004
-24.36688813489186 -9.498439969459412 17.300000000000004
-24.36688813489186 -9.498439969459412 17.300000000000004
-24.36688813489186 -9.498439969459412 17.300000000000004
-24.36688813489186 -9.498439969459412 17.300000000000004
-24.36688813489186 -9.498439969459412 17.300000000000004
-24.36688813489186 -9.498439969459412 17.300000000000004
-24.36688813489186 -9.498439969459412 17.300000000000004
-24.36688813489186 -9.498439969459412 17.300000000000004
-24.36688813489186 -9.498439969459412 17.300000000000004
-24.36688813489186 -9.498439969459412 17.300000000000004
-24.36688813489186 -9.498439969459412 17.300000000000004
-24.36688813489186 -9.498439969459412 17.300000000000004
-24.36688813489186 -9.498439969459412 17.300000000000004
-24.36688813489186 -9.498439969459412 17.300000000000004
-24.36688813489186 -9.498439969459412 17.300000000000004
-24.36688813489186 -9.498439969459412 17.300000000000004
-24.36688813489186 -9.498439969459412 17.300000000000004
-24.36688813489186 -9.498439969459412 17.300000000000004
-24.36688813489186 -9.498439969459412 17.300000000000004
-24.36688813489186 -9.498439969459412 17.300000000000004
-24.36688813489186 -9.498439969459412 17.300000000000004
-24.36688813489186 -9.498439969459412 17.300000000000004
-24.36688813489186 -9.498439969459412 17.300000000000004
-24.36688813489186 -9.498439969459412 17.300000000000004
-24.36688813489186 -9.498439969459412 17.300000000000004
-24.36688813489186 -9.498439969459412 17.300000000000004
-24.36688813489186 -9.498439969459412 17.300000000000004
-24.36688813489186 -9.498439969459412 17.300000000000004
-24.36688813489186 -9.498439969459412 17.300000000000004
-24.36688813489186 -9.498439969459412 17.300000000000004
-24.36688813489186 -9.498439969459412 17.300000000000004
-24.36688813489186 -9.498439969459412 17.300000000000004
-24.36688813489186 -9.498439969459412 17.300000000000004
-24.36688813489186 -9.498439969459412 17.300000000000004
-24.36688813489186 -9.498439969459412 17.300000000000004
-24.36688813489186 -9.498439969459412 17.300000000000004
-24.36688813489186 -9.498439969459412 17.300000000000004
-24.36688813489186 -9.498439969459412 17.300000000000004
-24.36688813489186 -9.498439969459412 17.300000000000004
-24.36688813489186 -9.498439969459412 17.300000000000004
-24.36688813489186 -9.498439969459412 17.300000000000004
-24.36688813489186 -9.498439969459412 17.300000000000004
-24.36688813489186 -9.498439969459412 17.300000000000004
-24.36688813489186 -9.498439969459412 17.300000000000004
-24.36688813489186 -9.498439969459412 17.300000000000004
-24.36688813489186 -9.498439969459412 17.300000000000004
-24.36688813489186 -9.498439969459412 17.300000000000004
-24.36688813489186 -9.498439969459412 17.300000000000004
-24.36688813489186 -9.498439969459412 17.300000000000004
-24.36688813489186 -9.498439969459412 17.300000000000004
-24.36688813489186 -9.498439969459412 17.300000000000004
-24.36688813489186 -9.498439969459412 17.300000000000004
-24.36688813489186 -9.498439969459412 17.300000000000004
-24.36688813489186 -9.498439969459412 17.300000000000004
-24.36688813489186 -9.498439969459412 17.300000000000004
-24.36688813489186 -9.498439969459412 17.300000000000004
-24.36688813489186 -9.498439969459412 17.300000000000004
-24.36688813489186 -9.498439969459412 17.300000000000004
-24.36688813489186 -9.498439969459412 17.300000000000004
-24.36688813489186 -9.498439969459412 17.300000000000004
-24.36688813489186 -9.498439969459412 17.300000000000004
-24.36688813489186 -9.498439969459412 17.300000000000004
-24.36688813489186 -9.498439969459412 17.300000000000004
-24.36688813489186 -9.498439969459412 17.300000000000004
-24.36688813489186 -9.498439969459412 17.300000000000004
-24.36688813489186 -9.498439969459412 17.300000000000004
-24.36688813489186 -9.498439969459412 17.300000000000004
-24.36688813489186 -9.498439969459412 17.300000000000004
-24.36688813489186 -9.498439969459412 17.300000000000004
-24.36688813489186 -9.498439969459412 17.300000000000004
-24.36688813489186 -9.498439969459412 17.300000000000004
-24.36688813489186 -9.498439969459412 17.300000000000004
-24.36688813489186 -9.498439969459412 17.300000000000004
-24.36688813489186 -9.498439969459412 17.300000000000004
-24.36688813489186 -9.498439969459412 17.300000000000004
-24.36688813489186 -9.498439969459412 17.300000000000004
-21.81838958556499 -14.315841596584809 17.300000000000004
-18.321644157484666 -18.49614956420525 17.300000000000004
