12.169757874558595 -17.12704374532121 17.3
3.455516112729688 -20.749214110920978 17.3
-19.24250275286758 -8.49685622051241 17.3
-0.13915307306033434 21.034521963867746 17.3
3.7287925769572374 -20.70184976624565 17.3
-0.41647957450600737 21.03085881722846 17.3
-9.500315125449077 -18.767378355629223 17.3
12.341842120097823 17.03377265636583 17.3
-13.650135321270062 16.004508225409246 17.3
1.9929309043377057 -20.95252345595457 17.3
15.763815244412106 13.944424688509269 17.3
-17.76612160235504 -11.283163304844972 17.3
16.011804274683662 -13.637765990658318 17.3
-5.281859723557521 20.331562651309934 17.3
-16.37941746889882 -13.152382497593825 17.3
12.632295226114802 -16.73708340337305 17.3
6.060324950880113 20.02525592268267 17.300000000000004
-20.749653796244573 -2.6814698609514123 17.300000000000004
2.071065461256751 -20.764591988057163 17.300000000000004
15.493230917397728 13.889650544515769 17.300000000000004
-19.020224751609376 8.437632778619973 17.300000000000004
18.414368890036894 -9.41722850132009 17.300000000000004
20.53076732740858 1.9479103558568542 17.300000000000004
2.769720523133069 -20.334607671042974 17.3
9.287527499801472 18.259753330567705 17.3
-12.051642982541122 -16.566069545130926 17.3
18.415712186432614 8.97431353470696 17.3
-13.689614679896172 -15.207220394111518 17.3
4.691323587331754 19.916239233300413 17.3
3.122128473731107 -20.209636695950387 17.3
-12.45478846599424 16.21898103630817 17.3
20.37669904152586 -1.7225672003919439 17.3
-11.72337721847989 -16.756987359577803 17.3
-4.4854671430763595 19.95281391894903 17.3
17.76709237800372 -10.12741957298629 17.3
-17.6937622867992 -10.284194725525202 17.3
-8.852007869219692 18.45198747283204 17.3
19.599710608883605 -5.889416699665037 17.3
-7.421700069618221 -19.07229018998261 17.3
-18.425287596953236 8.907449802487768 17.3
12.348724036050942 16.354168455454563 17.3
18.90718009765409 -7.903692298084498 17.3
-2.9641281156348254 -20.277173267051566 17.3
-20.37842776536044 -2.16090096948338 17.3
-11.059630989433 17.29790472628994 17.3
14.012012592853063 15.006546859286372 17.3
20.23411225948946 -3.4804664360698654 17.3
8.192491876449854 -18.82594014641855 17.3
-11.243837808479313 -17.178738512441527 17.3
-20.531251475522875 -0.02565913229960411 17.3
-16.235261215001785 12.56778575656386 17.3
-5.12020899684089 19.88256536191696 17.3
8.145410552707348 18.84635859974214 17.3
17.98983111483178 9.894388409702792 17.3
20.27824310062608 -3.2133786415766887 17.3
14.049477920987528 -14.97147673711296 17.3
8.439998356283997 -18.716286311342703 17.3
-4.807737408529092 -19.96042601130699 17.3
-11.016360057789546 -17.32549441197479 17.3
-16.036148763918398 -12.820876661278241 17.3
-19.32539145778493 -6.9326899934732245 17.3
-19.32539145778493 -6.9326899934732245 17.3
-19.32539145778493 -6.9326899934732245 17.3
-20.52912848473419 -0.29635991548428914 17.3
-20.52912848473419 -0.29635991548428914 17.3
-20.52912848473419 -0.29635991548428914 17.3
-20.52912848473419 -0.29635991548428914 17.3
-20.52912848473419 -0.29635991548428914 17.3
-20.52912848473419 -0.29635991548428914 17.3
-20.52912848473419 -0.29635991548428914 17.3
-20.52912848473419 -0.29635991548428914 17.3
-20.52912848473419 -0.29635991548428914 17.3
-20.52912848473419 -0.29635991548428914 17.3
-20.52912848473419 -0.29635991548428914 17.3
-20.52912848473419 -0.29635991548428914 17.3
-20.52912848473419 -0.29635991548428914 17.3
-20.52912848473419 -0.29635991548428914 17.3
-20.52912848473419 -0.29635991548428914 17.3
-20.52912848473419 -0.29635991548428914 17.3
-20.52912848473419 -0.29635991548428914 17.3
-20.52912848473419 -0.29635991548428914 17.3
-20.52912848473419 -0.29635991548428914 17.3
-20.52912848473419 -0.29635991548428914 17.3
-20.52912848473419 -0.29635991548428914 17.3
-20.52912848473419 -0.29635991548428914 17.3
-20.52912848473419 -0.29635991548428914 17.3
-19.32539145778493 -6.9326899934732245 17.3
-19.32539145778493 -6.9326899934732245 17.3
-19.32539145778493 -6.9326899934732245 17.3
-19.32539145778493 -6.9326899934732245 17.3
-16.036148763918398 -12.820876661278241 17.3
-16.036148763918398 -12.820876661278241 17.3
-11.016360057789546 -17.32549441197479 17.3
-11.016360057789546 -17.32549441197479 17.3
-4.807737408529092 -19.96042601130699 17.3
1.9197137277216294 -20.4413219911489 17.3
1.9197137277216294 -20.4413219911489 17.3
8.439998356283997 -18.716286311342703 17.3
14.049477920987528 -14.97147673711296 17.3
18.65288636314836 -11.644149282443117 17.3
21.419625725126355 -4.971520490136969 17.3
21.874859473850577 2.2376114916661183 17.3
19.96946091686511 9.205270929100546 17.3
17.956941073665416 14.732364740850459 17.3
14.300801167808425 19.557459656621287 17.3
-0.6934862705079756 24.218303389258647 17.3
-8.503839749397242 22.686821103410047 17.3
-14.290558513786946 20.487733119749077 17.3
-19.27355908980908 16.65174613764304 17.3
-25.435428126027087 1.3378062141365503 17.3
-25.203866193258435 -5.003369519475052 17.3
-23.161112085040582 -11.026224624621008 17.3
-18.338421536531207 -17.936472285176368 17.3
-3.490057128787549 -25.413269048396963 17.3
2.8371197381106916 -25.180131154594513 17.3
8.76328310142986 -23.160176172970974 17.3
15.79533050752764 -19.070826548338832 17.3
19.36195630925105 -14.060621913699082 17.3
22.873477028128413 -7.027836748603594 17.3
22.825668576820703 -1.0265250645585344 17.3
18.661480670475825 13.183855235570668 17.3
13.865646160011002 16.479925625675474 17.3
0.8496326307294904 21.520274544141458 17.3
-4.391703936993391 19.524217529836907 17.3
-15.440038782399311 12.731352481987106 17.3
-18.73243648769586 7.041161612762103 17.3
-18.218311547942342 1.6900169366207272 17.3
-14.299180671855488 -8.068940393634541 17.3
-10.912946512246982 -12.267109088258287 17.3
-1.0999716604137586 -16.38183229399811 17.3
7.5714693503694575 -12.265938952909188 17.3
11.137622612584169 -9.150615774893673 17.3
12.31963256228204 -0.5682593425201942 17.3
11.839034538893856 3.454493644064179 17.3
10.080823398295264 7.104453867989021 17.3
3.6079117812182115 11.79318607200566 17.3
-0.40826241244952055 12.325972048994037 17.3
-3.8022244133012917 9.513763275570367 17.3
-8.836776338855813 5.18459121722569 17.3
-10.039995235866598 2.0413470592899463 17.3
-8.097978055938293 -1.700256518349235 17.3
-5.354883830949792 -6.308196254055487 17.3
-3.0218198308807027 -7.703033540907333 17.3
2.979386260778684 -5.943218239542813 17.3
4.744483997176416 -4.657086764736948 17.3
5.997579258264725 -2.8683843143107386 17.3
5.658153015186628 1.1007541612348413 17.3
4.996160626604576 2.874845084505864 17.3
2.1843121142070854 5.334335558855435 17.3
0.3378975025559694 5.754318425713666 17.3
-1.5449814238262096 5.553322218886033 17.3
-4.907966238480398 3.4562113865272024 17.3
-5.763105086673298 1.6793300766627306 17.3
-6.915128020633339 -2.162815600090201 17.3
-4.136838723983751 -5.948389045236566 17.3
-4.136838723983751 -5.948389045236566 17.3
0.3789871108240665 -7.2355466712316305 17.3
4.45127765435214 -7.87901195178387 17.3
8.347229771714785 -3.4952048910880804 17.3
9.029429592971717 -0.601750212342582 17.3
8.737215694004277 2.35664252888152 17.3
7.5021224291659 5.060717454106054 17.3
7.5021224291659 5.060717454106054 17.3
6.2453160598189 9.161100323429382 17.3
2.9397427490732775 10.690539948582622 17.3
-0.6830738204111678 11.066306609652505 17.3
-4.232176264802615 10.247849329816045 17.3
-4.232176264802615 10.247849329816045 17.3
-7.324562083146995 8.323492182557459 17.3
-9.62651549211648 5.50090277163769 17.3
-10.8896204692014 2.084681716646378 17.3
-10.977568645519488 -1.5565084181838487 17.3
-10.977568645519488 -1.5565084181838487 17.3
-9.8808690661006 -5.029727459966997 17.3
-7.717872409262419 -7.96016188888867 17.3
-7.717872409262419 -7.96016188888867 17.3
-4.721999136122796 -10.031572956492184 17.3
-1.2165498484908404 -11.020423689183039 17.3
-1.2165498484908404 -11.020423689183039 17.3
-1.2165498484908404 -11.020423689183039 17.3
2.4201837967520423 -10.820001950688765 17.3
5.7957425501883035 -9.451936315639596 17.3
5.7957425501883035 -9.451936315639596 17.3
5.7957425501883035 -9.451936315639596 17.3
8.545851932582618 -7.063862015168734 17.3
8.545851932582618 -7.063862015168734 17.3
10.373733029305813 -3.9134888347431747 17.3
10.373733029305813 -3.9134888347431747 17.3
11.082129479781985 -0.34079028201648165 17.3
11.082129479781985 -0.34079028201648165 17.3
10.594594459370132 3.268684760642028 17.3
10.594594459370132 3.268684760642028 17.3
10.594594459370132 3.268684760642028 17.3
8.963740462368786 6.525418664443102 17.3
8.963740462368786 6.525418664443102 17.3
6.365561608229056 9.077959970985228 17.3
6.365561608229056 9.077959970985228 17.3
6.365561608229056 9.077959970985228 17.3
6.365561608229056 9.077959970985228 17.3
6.365561608229056 9.077959970985228 17.3
6.365561608229056 9.077959970985228 17.3
6.365561608229056 9.077959970985228 17.3
6.365561608229056 9.077959970985228 17.3
3.080441181077899 10.650850386372403 17.3
3.080441181077899 10.650850386372403 17.3
3.080441181077899 10.650850386372403 17.3
-0.5371060201324802 11.074350949202723 17.3
-0.5371060201324802 11.074350949202723 17.3
-0.5371060201324802 11.074350949202723 17.3
-0.5371060201324802 11.074350949202723 17.3
-0.5371060201324802 11.074350949202723 17.3
-0.5371060201324802 11.074350949202723 17.3
-0.5371060201324802 11.074350949202723 17.3
-0.5371060201324802 11.074350949202723 17.3
-0.5371060201324802 11.074350949202723 17.3
-0.5371060201324802 11.074350949202723 17.3
-0.5371060201324802 11.074350949202723 17.3
-0.5371060201324802 11.074350949202723 17.3
-0.5371060201324802 11.074350949202723 17.3
-0.5371060201324802 11.074350949202723 17.3
-0.5371060201324802 11.074350949202723 17.3
-0.5371060201324802 11.074350949202723 17.3
-0.5371060201324802 11.074350949202723 17.3
-0.5371060201324802 11.074350949202723 17.3
-0.5371060201324802 11.074350949202723 17.3
-0.5371060201324802 11.074350949202723 17.3
-0.5371060201324802 11.074350949202723 17.3
-0.5371060201324802 11.074350949202723 17.3
-0.5371060201324802 11.074350949202723 17.3
-0.5371060201324802 11.074350949202723 17.3
-0.5371060201324802 11.074350949202723 17.3
-0.5371060201324802 11.074350949202723 17.3
-0.5371060201324802 11.074350949202723 17.3
-0.5371060201324802 11.074350949202723 17.3
-0.5371060201324802 11.074350949202723 17.3
-0.5371060201324802 11.074350949202723 17.3
-0.5371060201324802 11.074350949202723 17.3
-0.5371060201324802 11.074350949202723 17.3
-0.5371060201324802 11.074350949202723 17.3
-0.5371060201324802 11.074350949202723 17.3
-0.5371060201324802 11.074350949202723 17.3
-0.5371060201324802 11.074350949202723 17.3
-0.5371060201324802 11.074350949202723 17.3
-0.5371060201324802 11.074350949202723 17.3
-0.5371060201324802 11.074350949202723 17.3
-0.5371060201324802 11.074350949202723 17.3
-0.5371060201324802 11.074350949202723 17.3
-0.5371060201324802 11.074350949202723 17.3
-0.5371060201324802 11.074350949202723 17.3
-0.5371060201324802 11.074350949202723 17.3
-0.5371060201324802 11.074350949202723 17.3
-0.5371060201324802 11.074350949202723 17.3
-0.5371060201324802 11.074350949202723 17.3
-0.5371060201324802 11.074350949202723 17.3
-0.5371060201324802 11.074350949202723 17.3
-0.5371060201324802 11.074350949202723 17.3
-0.5371060201324802 11.074350949202723 17.3
-0.5371060201324802 11.074350949202723 17.3
-0.5371060201324802 11.074350949202723 17.3
-0.5371060201324802 11.074350949202723 17.3
-0.5371060201324802 11.074350949202723 17.3
-0.5371060201324802 11.074350949202723 17.3
-0.5371060201324802 11.074350949202723 17.3
-0.5371060201324802 11.074350949202723 17.3
-0.5371060201324802 11.074350949202723 17.3
-0.5371060201324802 11.074350949202723 17.3
-0.5371060201324802 11.074350949202723 17.3
-0.5371060201324802 11.074350949202723 17.3
-0.5371060201324802 11.074350949202723 17.3
-0.5371060201324802 11.074350949202723 17.3
-0.5371060201324802 11.074350949202723 17.3
-0.5371060201324802 11.074350949202723 17.3
-0.5371060201324802 11.074350949202723 17.3
-0.5371060201324802 11.074350949202723 17.3
-0.5371060201324802 11.074350949202723 17.3
-0.5371060201324802 11.074350949202723 17.3
-0.5371060201324802 11.074350949202723 17.3
-0.5371060201324802 11.074350949202723 17.3
-0.5371060201324802 11.074350949202723 17.3
-0.5371060201324802 11.074350949202723 17.3
-0.5371060201324802 11.074350949202723 17.3
-0.5371060201324802 11.074350949202723 17.3
-0.5371060201324802 11.074350949202723 17.3
-0.5371060201324802 11.074350949202723 17.3
-0.5371060201324802 11.074350949202723 17.3
-0.5371060201324802 11.074350949202723 17.3
-0.5371060201324802 11.074350949202723 17.3
-0.5371060201324802 11.074350949202723 17.3
-0.5371060201324802 11.074350949202723 17.3
-0.5371060201324802 11.074350949202723 17.3
-0.5371060201324802 11.074350949202723 17.3
-0.5371060201324802 11.074350949202723 17.3
-0.5371060201324802 11.074350949202723 17.3
-0.5371060201324802 11.074350949202723 17.3
-0.5371060201324802 11.074350949202723 17.3
-0.5371060201324802 11.074350949202723 17.3
-0.5371060201324802 11.074350949202723 17.3
-0.5371060201324802 11.074350949202723 17.3
-0.5371060201324802 11.074350949202723 17.3
-0.5371060201324802 11.074350949202723 17.3
-0.5371060201324802 11.074350949202723 17.3
-0.5371060201324802 11.074350949202723 17.3
-0.5371060201324802 11.074350949202723 17.3
-0.5371060201324802 11.074350949202723 17.3
-0.5371060201324802 11.074350949202723 17.3
-0.5371060201324802 11.074350949202723 17.3
-0.5371060201324802 11.074350949202723 17.3
-0.5371060201324802 11.074350949202723 17.3
-0.5371060201324802 11.074350949202723 17.3
-0.5371060201324802 11.074350949202723 17.3
-0.5371060201324802 11.074350949202723 17.3
-0.5371060201324802 11.074350949202723 17.3
-0.5371060201324802 11.074350949202723 17.3
-0.5371060201324802 11.074350949202723 17.3
-0.5371060201324802 11.074350949202723 17.3
-0.5371060201324802 11.074350949202723 17.3
-0.5371060201324802 11.074350949202723 17.3
-0.5371060201324802 11.074350949202723 17.3
-0.5371060201324802 11.074350949202723 17.3
-0.5371060201324802 11.074350949202723 17.3
-0.5371060201324802 11.074350949202723 17.3
-0.5371060201324802 11.074350949202723 17.3
-0.5371060201324802 11.074350949202723 17.3
-0.5371060201324802 11.074350949202723 17.3
-0.5371060201324802 11.074350949202723 17.3
-0.5371060201324802 11.074350949202723 17.3
-0.5371060201324802 11.074350949202723 17.3
-0.5371060201324802 11.074350949202723 17.3
-0.5371060201324802 11.074350949202723 17.3
-0.5371060201324802 11.074350949202723 17.3
-0.5371060201324802 11.074350949202723 17.3
-0.5371060201324802 11.074350949202723 17.3
-0.5371060201324802 11.074350949202723 17.3
-0.5371060201324802 11.074350949202723 17.3
-0.5371060201324802 11.074350949202723 17.3
-0.5371060201324802 11.074350949202723 17.3
-0.5371060201324802 11.074350949202723 17.3
-0.5371060201324802 11.074350949202723 17.3
-0.5371060201324802 11.074350949202723 17.3
-0.5371060201324802 11.074350949202723 17.3
-0.5371060201324802 11.074350949202723 17.3
-0.5371060201324802 11.074350949202723 17.3
-0.5371060201324802 11.074350949202723 17.3
-0.5371060201324802 11.074350949202723 17.3
-0.5371060201324802 11.074350949202723 17.3
-0.5371060201324802 11.074350949202723 17.3
-0.5371060201324802 11.074350949202723 17.3
-0.5371060201324802 11.074350949202723 17.3
-0.5371060201324802 11.074350949202723 17.3
-0.5371060201324802 11.074350949202723 17.3
-0.5371060201324802 11.074350949202723 17.3
-0.5371060201324802 11.074350949202723 17.3
-0.5371060201324802 11.074350949202723 17.3
-0.5371060201324802 11.074350949202723 17.3
-0.5371060201324802 11.074350949202723 17.3
-0.5371060201324802 11.074350949202723 17.3
-0.5371060201324802 11.074350949202723 17.3
-0.5371060201324802 11.074350949202723 17.3
-0.5371060201324802 11.074350949202723 17.3
-0.5371060201324802 11.074350949202723 17.3
-0.5371060201324802 11.074350949202723 17.3
-0.5371060201324802 11.074350949202723 17.3
-0.5371060201324802 11.074350949202723 17.3
-0.5371060201324802 11.074350949202723 17.3
-0.5371060201324802 11.074350949202723 17.3
-0.5371060201324802 11.074350949202723 17.3
-0.5371060201324802 11.074350949202723 17.3
-0.5371060201324802 11.074350949202723 17.3
-0.5371060201324802 11.074350949202723 17.3
-0.5371060201324802 11.074350949202723 17.3
-0.5371060201324802 11.074350949202723 17.3
-0.5371060201324802 11.074350949202723 17.3
-0.5371060201324802 11.074350949202723 17.3
-0.5371060201324802 11.074350949202723 17.3
-0.5371060201324802 11.074350949202723 17.3
-0.5371060201324802 11.074350949202723 17.3
-0.5371060201324802 11.074350949202723 17.3
-0.5371060201324802 11.074350949202723 17.3
-0.5371060201324802 11.074350949202723 17.3
-0.5371060201324802 11.074350949202723 17.3
-0.5371060201324802 11.074350949202723 17.3
-0.5371060201324802 11.074350949202723 17.3
-0.5371060201324802 11.074350949202723 17.3
-0.5371060201324802 11.074350949202723 17.3
-0.5371060201324802 11.074350949202723 17.3
-0.5371060201324802 11.074350949202723 17.3
-0.5371060201324802 11.074350949202723 17.3
-0.5371060201324802 11.074350949202723 17.3
-0.5371060201324802 11.074350949202723 17.3
-0.5371060201324802 11.074350949202723 17.3
-0.5371060201324802 11.074350949202723 17.3
-0.5371060201324802 11.074350949202723 17.3
-0.5371060201324802 11.074350949202723 17.3
-0.5371060201324802 11.074350949202723 17.3
-0.5371060201324802 11.074350949202723 17.3
-0.5371060201324802 11.074350949202723 17.3
-0.5371060201324802 11.074350949202723 17.3
-0.5371060201324802 11.074350949202723 17.3
-0.5371060201324802 11.074350949202723 17.3
-0.5371060201324802 11.074350949202723 17.3
-0.5371060201324802 11.074350949202723 17.3
-0.5371060201324802 11.074350949202723 17.3
-0.5371060201324802 11.074350949202723 17.3
-0.5371060201324802 11.074350949202723 17.3
-0.5371060201324802 11.074350949202723 17.3
-0.5371060201324802 11.074350949202723 17.3
-0.5371060201324802 11.074350949202723 17.3
-0.5371060201324802 11.074350949202723 17.3
-0.5371060201324802 11.074350949202723 17.3
-0.5371060201324802 11.074350949202723 17.3
-0.5371060201324802 11.074350949202723 17.3
-0.5371060201324802 11.074350949202723 17.3
-0.5371060201324802 11.074350949202723 17.3
-0.5371060201324802 11.074350949202723 17.3
-0.5371060201324802 11.074350949202723 17.3
-0.5371060201324802 11.074350949202723 17.3
1.8163882588140245 10.889577260629856 17.3
1.8163882588140245 10.889577260629856 17.3
1.8163882588140245 10.889577260629856 17.3
1.8163882588140245 10.889577260629856 17.3
1.8163882588140245 10.889577260629856 17.3
1.8163882588140245 10.889577260629856 17.3
1.8163882588140245 10.889577260629856 17.3
1.8163882588140245 10.889577260629856 17.3
1.8163882588140245 10.889577260629856 17.3
1.8163882588140245 10.889577260629856 17.3
1.8163882588140245 10.889577260629856 17.3
1.8163882588140245 10.889577260629856 17.3
1.8163882588140245 10.889577260629856 17.3
1.8163882588140245 10.889577260629856 17.3
1.8163882588140245 10.889577260629856 17.3
1.8163882588140245 10.889577260629856 17.3
1.8163882588140245 10.889577260629856 17.3
1.8163882588140245 10.889577260629856 17.3
1.8163882588140245 10.889577260629856 17.3
1.8163882588140245 10.889577260629856 17.3
1.8163882588140245 10.889577260629856 17.3
1.8163882588140245 10.889577260629856 17.3
1.8163882588140245 10.889577260629856 17.3
1.8163882588140245 10.889577260629856 17.3
1.8163882588140245 10.889577260629856 17.3
1.8163882588140245 10.889577260629856 17.3
1.8163882588140245 10.889577260629856 17.3
1.8163882588140245 10.889577260629856 17.3
1.8163882588140245 10.889577260629856 17.3
1.8163882588140245 10.889577260629856 17.3
1.8163882588140245 10.889577260629856 17.3
1.8163882588140245 10.889577260629856 17.3
1.8163882588140245 10.889577260629856 17.3
1.8163882588140245 10.889577260629856 17.3
1.8163882588140245 10.889577260629856 17.3
1.8163882588140245 10.889577260629856 17.3
1.8163882588140245 10.889577260629856 17.3
1.8163882588140245 10.889577260629856 17.3
1.8163882588140245 10.889577260629856 17.3
1.8163882588140245 10.889577260629856 17.3
1.8163882588140245 10.889577260629856 17.3
1.8163882588140245 10.889577260629856 17.3
1.8163882588140245 10.889577260629856 17.3
1.8163882588140245 10.889577260629856 17.3
1.8163882588140245 10.889577260629856 17.3
1.8163882588140245 10.889577260629856 17.3
1.8163882588140245 10.889577260629856 17.3
1.8163882588140245 10.889577260629856 17.3
1.8163882588140245 10.889577260629856 17.3
1.8163882588140245 10.889577260629856 17.3
1.8163882588140245 10.889577260629856 17.3
1.8163882588140245 10.889577260629856 17.3
1.8163882588140245 10.889577260629856 17.3
1.8163882588140245 10.889577260629856 17.3
1.8163882588140245 10.889577260629856 17.3
1.8163882588140245 10.889577260629856 17.3
1.8163882588140245 10.889577260629856 17.3
1.8163882588140245 10.889577260629856 17.3
1.8163882588140245 10.889577260629856 17.3
1.8163882588140245 10.889577260629856 17.3
1.8163882588140245 10.889577260629856 17.3
1.8163882588140245 10.889577260629856 17.3
1.8163882588140245 10.889577260629856 17.3
1.8163882588140245 10.889577260629856 17.3
1.8163882588140245 10.889577260629856 17.3
1.8163882588140245 10.889577260629856 17.3
1.8163882588140245 10.889577260629856 17.3
1.8163882588140245 10.889577260629856 17.3
1.8163882588140245 10.889577260629856 17.3
1.8163882588140245 10.889577260629856 17.3
1.8163882588140245 10.889577260629856 17.3
1.8163882588140245 10.889577260629856 17.3
1.8163882588140245 10.889577260629856 17.3
1.8163882588140245 10.889577260629856 17.3
1.8163882588140245 10.889577260629856 17.3
1.8163882588140245 10.889577260629856 17.3
1.8163882588140245 10.889577260629856 17.3
1.8163882588140245 10.889577260629856 17.3
1.8163882588140245 10.889577260629856 17.3
1.8163882588140245 10.889577260629856 17.3
1.8163882588140245 10.889577260629856 17.3
1.8163882588140245 10.889577260629856 17.3
1.8163882588140245 10.889577260629856 17.3
1.8163882588140245 10.889577260629856 17.3
1.8163882588140245 10.889577260629856 17.3
1.8163882588140245 10.889577260629856 17.3
1.8163882588140245 10.889577260629856 17.3
1.8163882588140245 10.889577260629856 17.3
1.8163882588140245 10.889577260629856 17.3
1.8163882588140245 10.889577260629856 17.3
1.8163882588140245 10.889577260629856 17.3
1.8163882588140245 10.889577260629856 17.3
1.8163882588140245 10.889577260629856 17.3
1.8163882588140245 10.889577260629856 17.3
1.8163882588140245 10.889577260629856 17.3
1.8163882588140245 10.889577260629856 17.3
1.8163882588140245 10.889577260629856 17.3
1.8163882588140245 10.889577260629856 17.3
1.8163882588140245 10.889577260629856 17.3
1.8163882588140245 10.889577260629856 17.3
1.8163882588140245 10.889577260629856 17.3
1.8163882588140245 10.889577260629856 17.3
1.8163882588140245 10.889577260629856 17.3
1.8163882588140245 10.889577260629856 17.3
1.8163882588140245 10.889577260629856 17.3
1.8163882588140245 10.889577260629856 17.3
1.8163882588140245 10.889577260629856 17.3
1.8163882588140245 10.889577260629856 17.3
1.8163882588140245 10.889577260629856 17.3
1.8163882588140245 10.889577260629856 17.3
1.8163882588140245 10.889577260629856 17.3
1.8163882588140245 10.889577260629856 17.3
1.8163882588140245 10.889577260629856 17.3
1.8163882588140245 10.889577260629856 17.3
1.8163882588140245 10.889577260629856 17.3
1.8163882588140245 10.889577260629856 17.3
1.8163882588140245 10.889577260629856 17.3
1.8163882588140245 10.889577260629856 17.3
1.8163882588140245 10.889577260629856 17.3
1.8163882588140245 10.889577260629856 17.3
1.8163882588140245 10.889577260629856 17.3
1.8163882588140245 10.889577260629856 17.3
1.8163882588140245 10.889577260629856 17.3
1.8163882588140245 10.889577260629856 17.3
1.8163882588140245 10.889577260629856 17.3
1.8163882588140245 10.889577260629856 17.3
1.8163882588140245 10.889577260629856 17.3
1.8163882588140245 10.889577260629856 17.3
1.8163882588140245 10.889577260629856 17.3
1.8163882588140245 10.889577260629856 17.3
1.8163882588140245 10.889577260629856 17.3
1.8163882588140245 10.889577260629856 17.3
1.8163882588140245 10.889577260629856 17.3
1.8163882588140245 10.889577260629856 17.3
1.8163882588140245 10.889577260629856 17.3
1.8163882588140245 10.889577260629856 17.3
1.8163882588140245 10.889577260629856 17.3
1.8163882588140245 10.889577260629856 17.3
1.8163882588140245 10.889577260629856 17.3
1.8163882588140245 10.889577260629856 17.3
1.8163882588140245 10.889577260629856 17.3
1.8163882588140245 10.889577260629856 17.3
1.8163882588140245 10.889577260629856 17.3
1.8163882588140245 10.889577260629856 17.3
1.8163882588140245 10.889577260629856 17.3
1.8163882588140245 10.889577260629856 17.3
1.8163882588140245 10.889577260629856 17.3
1.8163882588140245 10.889577260629856 17.3
1.8163882588140245 10.889577260629856 17.3
1.8163882588140245 10.889577260629856 17.3
1.8163882588140245 10.889577260629856 17.3
1.8163882588140245 10.889577260629856 17.3
1.8163882588140245 10.889577260629856 17.3
1.8163882588140245 10.889577260629856 17.3
1.8163882588140245 10.889577260629856 17.3
1.8163882588140245 10.889577260629856 17.3
1.8163882588140245 10.889577260629856 17.3
1.8163882588140245 10.889577260629856 17.3
1.8163882588140245 10.889577260629856 17.3
1.8163882588140245 10.889577260629856 17.3
1.8163882588140245 10.889577260629856 17.3
1.8163882588140245 10.889577260629856 17.3
1.8163882588140245 10.889577260629856 17.3
1.8163882588140245 10.889577260629856 17.3
1.8163882588140245 10.889577260629856 17.3
1.8163882588140245 10.889577260629856 17.3
1.8163882588140245 10.889577260629856 17.3
1.8163882588140245 10.889577260629856 17.3
1.8163882588140245 10.889577260629856 17.3
1.8163882588140245 10.889577260629856 17.3
1.8163882588140245 10.889577260629856 17.3
1.8163882588140245 10.889577260629856 17.3
1.8163882588140245 10.889577260629856 17.3
1.8163882588140245 10.889577260629856 17.3
1.8163882588140245 10.889577260629856 17.3
1.8163882588140245 10.889577260629856 17.3
1.8163882588140245 10.889577260629856 17.3
1.8163882588140245 10.889577260629856 17.3
1.8163882588140245 10.889577260629856 17.3
1.8163882588140245 10.889577260629856 17.3
1.8163882588140245 10.889577260629856 17.3
1.8163882588140245 10.889577260629856 17.3
1.8163882588140245 10.889577260629856 17.3
1.8163882588140245 10.889577260629856 17.3
1.8163882588140245 10.889577260629856 17.3
1.8163882588140245 10.889577260629856 17.3
1.8163882588140245 10.889577260629856 17.3
1.8163882588140245 10.889577260629856 17.3
1.8163882588140245 10.889577260629856 17.3
1.8163882588140245 10.889577260629856 17.3
1.8163882588140245 10.889577260629856 17.3
1.8163882588140245 10.889577260629856 17.3
1.8163882588140245 10.889577260629856 17.3
1.8163882588140245 10.889577260629856 17.3
1.8163882588140245 10.889577260629856 17.3
1.8163882588140245 10.889577260629856 17.3
1.8163882588140245 10.889577260629856 17.3
4.079660516635874 10.218253699300465 17.3
4.079660516635874 10.218253699300465 17.3
7.9460963788798145 7.554025953879997 17.3
9.379375864959284 5.6781830628558705 17.3
