24.83088940312308 4.0776045305957025 17.3
16.35475196945569 13.284601895313402 17.3
7.03142265423276 6.604338218167171 17.3
13.942116096747812 0.5927168790112259 17.3
16.49692772341423 20.320745928698145 17.3
-5.187643657597303 5.416505514304017 17.3
-6.16348334994644 18.728516903631505 17.3
-14.86466300792362 -18.777566897613806 17.3
-2.676749642776016 -6.061343588182107 17.3
15.522201989711894 -18.391132729161665 17.299999999999997
4.977561641058435 14.63421455699872 17.300000000000004
2.88703091885267 14.013266829685705 17.3
-24.64742509355338 -6.787002788499505 17.3
-5.1006914757433455 -4.474237802539653 17.3
19.993893195563242 -16.37369258290186 17.299999999999997
-3.3677524211806196 12.396713737576171 17.3
-13.738089571834912 15.091823689549225 17.299999999999997
-6.634614510296657 -21.036819114358252 17.300000000000004
2.6556526602391886 -8.232431518880421 17.3
10.423376839898483 23.779463100485884 17.300000000000004
-8.467930957467567 0.4256074038802519 17.3
6.944630131726713 -23.75824370317826 17.3
8.474605438904002 14.189558952159487 17.3
6.062274860548851 14.431668198832485 17.3
-14.601325080454414 -18.85734259286821 17.3
3.9891855352153365 -4.804653968278279 17.3
13.470961690082397 21.961185987019636 17.300000000000004
-10.82515064572052 -6.373519345399404 17.3
-12.769149638211113 -12.468898417676982 17.300000000000004
22.900420635107917 7.12389182170206 17.299999999999997
0.380377929559498 6.235108347643016 17.3
-21.445765246764655 9.708760988484515 17.3
3.5900371467612917 -19.730797161576763 17.3
6.551317258002289 -4.794653715116484 17.3
-1.98657619919393 25.21805860040265 17.299999999999997
-15.348372866872294 -9.499261935103595 17.3
-5.759187106381328 -8.105008993269804 17.3
25.047307897817902 5.203323432140254 17.299999999999997
-12.609048188255064 12.459664200723964 17.300000000000004
-7.060585253633505 3.8625014268258844 17.3
3.9529720807252584 -24.79265002972698 17.299999999999997
13.863143030270633 13.394349810678719 17.300000000000004
1.0532823983103932 5.636603376525689 17.3
-21.523979282718653 8.593978338943062 17.299999999999997
-0.8269222738082719 -23.583497803194614 17.300000000000004
6.149656457489727 3.838004105828626 17.3
14.865033660230566 7.468427995280094 17.299999999999997
-25.614636677507356 2.965825110686594 17.300000000000004
-0.9039304321753692 -10.803231901670323 17.3
1.6974040636756422 -10.420580827841066 17.3
23.70994780216931 9.15526477058393 17.3
-13.248201537398488 17.375109724146466 17.3
-7.074069830185284 -5.343301442506548 17.3
-11.24443285331573 -10.049747668248974 17.299999999999997
16.910478578157065 -18.99022404554078 17.3
15.176795641866608 17.32753511536477 17.3
-8.843689964409512 6.063118906013803 17.3
-6.780680199621411 5.96426693839772 17.3
-18.94576404954169 -12.074279545260442 17.3
9.758264152078747 -23.95471779387565 17.300000000000004
16.213362767382165 8.750058806187434 17.3
1.8665927973531682 6.823829369760303 17.3
1.532072201769445 13.316732595668544 17.3
-18.85017784883268 14.549362185045918 17.3
-16.590153810369927 -19.742738012780546 17.300000000000004
14.622617670752028 -13.593887018856902 17.3
8.2321598836786 2.3097834277347964 17.3
8.506377519327959 -3.715439916318215 17.3
12.170925959790546 17.389858966665287 17.3
-9.795158234985049 23.51907556533589 17.300000000000004
-24.72571358729769 -1.6302223386247776 17.300000000000004
-6.956814081302345 -18.551759000656155 17.3
5.115181608507974 -8.873420572344088 17.3
1.5528216439605993 -6.059123510532251 17.3
8.40459878711863 -10.72822422119454 17.3
21.20066065843834 -1.9722275154552078 17.3
14.392138880275619 20.371489806748684 17.3
-8.376359982620018 24.597831983682063 17.300000000000004
-22.20678684906088 8.729700749113828 17.300000000000004
-18.99972661577654 -5.153995459314972 17.3
-6.923024728593536 -12.170828664401494 17.3
0.18687619508356376 -8.022823068405447 17.3
-2.438580103625599 -5.682051828987644 17.3
-4.2236817506615125 -10.625820071973479 17.3
1.2076556319497642 -15.629907605780373 17.3
13.087062835998339 -16.679814377992944 17.299999999999997
22.55293358518198 -8.078623278858224 17.299999999999997
25.039566164328964 5.765927506624284 17.3
21.810894248873538 14.694539849314364 17.3
14.795518986681781 21.114348578150192 17.3
0.9750740699362266 24.107456678921555 17.300000000000004
-5.495910798249426 22.234510219706824 17.300000000000004
-10.695728606554841 18.586591955647446 17.300000000000004
-13.584780190365827 11.792632990725796 17.300000000000004
-14.359596076072801 7.045459642410123 17.3
-12.709848652228809 5.752343061165109 17.3
-10.826781717207187 4.831541251110977 17.3
-9.460146693210538 2.3479092594582056 17.3
-7.396091250222862 2.713275080853184 17.3
-6.293722820010918 1.5448039380121115 17.3
-6.293722820010918 1.5448039380121115 17.3
-5.032523933089014 3.219078235371309 17.3
-5.032523933089014 3.219078235371309 17.3
-5.032523933089014 3.219078235371309 17.3
-5.032523933089014 3.219078235371309 17.3
-5.032523933089014 3.219078235371309 17.3
-5.032523933089014 3.219078235371309 17.3
-4.148051484406212 5.119479651570148 17.3
-4.148051484406212 5.119479651570148 17.3
-4.148051484406212 5.119479651570148 17.3
-4.148051484406212 5.119479651570148 17.3
-4.148051484406212 5.119479651570148 17.3
-4.148051484406212 5.119479651570148 17.3
-4.148051484406212 5.119479651570148 17.3
-3.036208636715275 5.914054468791214 17.3
-3.036208636715275 5.914054468791214 17.3
-3.036208636715275 5.914054468791214 17.3
-3.036208636715275 5.914054468791214 17.3
-3.036208636715275 5.914054468791214 17.3
-3.036208636715275 5.914054468791214 17.3
-3.036208636715275 5.914054468791214 17.3
-3.036208636715275 5.914054468791214 17.3
-3.036208636715275 5.914054468791214 17.3
-3.036208636715275 5.914054468791214 17.3
-3.036208636715275 5.914054468791214 17.3
-3.036208636715275 5.914054468791214 17.3
-4.297407523636983 4.2397801714322245 17.3
-4.297407523636983 4.2397801714322245 17.3
-3.365665525907785 5.084815926529118 17.3
-4.283710298440125 5.107225199758524 17.3
-4.283710298440125 5.107225199758524 17.3
-3.8917767482508 7.1922793401411536 17.3
-3.8803154199024927 9.324053536604668 17.3
-2.7064073483056403 11.904375027856563 17.3
-0.1615445277227503 14.344906375445506 17.3
4.961498626861691 17.66229035470455 17.3
11.649136660229987 14.197586008343787 17.3
18.47389021387138 11.382051174069494 17.3
22.17773371983342 6.221919762547985 17.3
23.496410133164826 -5.209248453563407 17.299999999999997
17.827580861143367 -18.164084171718002 17.299999999999997
11.997550845698871 -22.786809011105476 17.299999999999997
2.830659875108475 -25.46412519927576 17.299999999999997
-9.655921975037286 -23.19548442478011 17.3
-19.486896934490165 -13.13532242896357 17.3
-22.30035342534432 -2.076793618547904 17.300000000000004
-19.43288567310665 8.25826391091377 17.300000000000004
-10.425340570972283 14.50618358177315 17.300000000000004
-4.578605944331594 13.17643780377067 17.3
0.4685626456844897 9.87196900663008 17.3
2.742268108318441 7.595774762311499 17.3
1.3548066320289185 6.133533390684244 17.3
1.0419214993304 8.390221307240536 17.3
7.194514730988191 10.199826529461058 17.3
16.644004546145236 8.025129604359602 17.3
20.132100228136697 -0.5263619676975143 17.299999999999997
19.111899692452198 -12.63690264511495 17.299999999999997
9.891711980361857 -22.70018406272455 17.299999999999997
-4.435910070157433 -25.248058984957353 17.3
-17.61679622771156 -18.464834406241 17.3
-23.981332395256683 -7.506240812987755 17.300000000000004
-18.99926468854995 11.995463090370423 17.300000000000004
-10.47898644349465 18.41071841221905 17.300000000000004
0.38603081005736317 17.863371915111134 17.3
5.764513831296791 10.314376743879697 17.3
7.487847933550933 6.271928056992254 17.3
3.609164548295168 5.191743083084733 17.3
5.809402683501665 6.3886228378675805 17.3
10.892440488438858 6.383149136884989 17.3
16.615639688544658 1.082905256241239 17.3
18.004164857497333 -9.048654627389169 17.299999999999997
11.819214876791612 -19.5923439826483 17.299999999999997
-0.8854781886307767 -24.709228635021308 17.3
-14.93261232635731 -20.81998868501004 17.3
-25.070717936714267 -1.7104124857012015 17.300000000000004
-17.75100447406247 15.602618505587825 17.300000000000004
-5.974704276536572 20.25766468622449 17.300000000000004
4.377900127786516 17.20062143868518 17.3
9.18436351517138 10.22693787528093 17.3
8.489309732618382 4.457194599688126 17.3
5.911347475433003 2.8476568533654327 17.3
5.687783672057462 4.377283099466503 17.3
9.41798604929963 5.090343181553323 17.3
14.747524207160264 1.238034498529523 17.3
16.912064288854307 -7.659093784155242 17.299999999999997
11.412477413226725 -19.93741744966461 17.299999999999997
-1.4659315263741928 -24.736053173597853 17.3
-15.428033259882488 -20.475191266217976 17.3
-24.078455395434418 -8.444607353382043 17.3
-23.673686175223335 5.942904850822621 17.300000000000004
-18.27107674029589 12.730053944002496 17.300000000000004
-3.852789315835334 18.966147050052562 17.3
-3.4518506105779547 15.217900755076808 17.3
2.3828708082520156 11.233090842232869 17.3
3.196129414468109 7.007412154294303 17.3
1.621382087941163 6.165110274034061 17.3
0.8163386823607711 8.889198177591012 17.3
5.2118590075375035 11.862642708437495 17.3
5.813692669013326 15.975388524035521 17.3
15.787144451312415 13.01527523004342 17.299999999999997
22.935737306374904 2.929566611626072 17.299999999999997
22.379896807850137 -10.848602096173403 17.299999999999997
22.588130610450072 -12.201888044104638 17.3
13.837084901227026 -21.633819772747 17.3
-0.44156116596884715 -24.990777394028974 17.300000000000004
-13.12589758938876 -19.302058463632257 17.300000000000004
-12.069499717225812 -16.826284828645075 17.300000000000004
-15.895384908862216 -6.915287978266594 17.3
-13.598777830531965 -7.2456100375108266 17.3
-11.285034266564852 -0.6832912553349172 17.3
-8.92288334202829 2.6556304002331665 17.3
-6.450838451014413 0.6103778056390025 17.3
-7.025389778587526 -2.2049198292378955 17.3
-9.051529359629896 -0.508909842110236 17.3
-13.13113355840942 -0.776515761609797 17.3
-15.011337311159126 2.520290115835548 17.3
-17.00670599474678 8.573748564033334 17.3
-17.14187453138432 13.992537900372 17.299999999999997
-7.574192048906055 23.09197874718053 17.299999999999997
-8.753361994297975 23.44168631345787 17.299999999999997
-1.673054587900885 25.437516726002205 17.299999999999997
12.788121863150321 22.27033032609914 17.3
18.488985408532955 17.4218711813804 17.3
17.470759345536088 17.721475044640165 17.3
21.060611515697925 9.49269790423093 17.3
19.540026607861304 9.854596994582701 17.300000000000004
20.517319915664498 -0.5170660277215733 17.300000000000004
16.829395870582836 -2.4616554895995746 17.300000000000004
12.449130585682035 -8.635471898890861 17.3
8.793098272286787 -9.755193891194477 17.3
8.440661879240224 -7.183676005481845 17.3
6.021472058714949 -6.84247365228232 17.3
6.233455575835164 -4.045494036348944 17.3
5.5596525042505585 -3.1496681320463575 17.3
5.914457067912092 -2.415396091854095 17.3
7.054588680123014 -2.366256971924744 17.3
9.150742417563004 -0.41747368597282003 17.3
11.145796744220375 0.22562450937201542 17.3
12.360759578263892 -4.920374025557769 17.3
14.17126282347077 -5.976733365112947 17.3
13.882884215830005 -10.459984135874825 17.3
11.865686986871037 -15.13508433411071 17.3
16.79446044304883 -12.461432599683727 17.3
13.654214831383554 -17.719698952332777 17.3
9.690607141368531 -20.121616969552328 17.299999999999997
15.297526030531246 -17.955182167530026 17.299999999999997
10.032929306031395 -22.408925302807383 17.299999999999997
5.151860417026779 -23.946119190225374 17.299999999999997
3.3576789175178448 -25.02996871944517 17.299999999999997
-4.003321533786209 -25.37611341007667 17.299999999999997
-0.9466513278593129 -25.610778812925307 17.299999999999997
-3.0416240564852077 -25.680823951827794 17.299999999999997
-5.1051737532257935 -25.312612457910898 17.299999999999997
-10.27963209926301 -23.63020132467142 17.299999999999997
-4.089868888272937 -25.13402405883606 17.299999999999997
-4.089868888272937 -25.13402405883606 17.299999999999997
-5.952439273915779 -24.172437550145162 17.299999999999997
-10.890186901465384 -22.345028606042067 17.3
-12.198782370709395 -20.707532055497687 17.3
-12.198782370709395 -20.707532055497687 17.3
-13.137276827573116 -18.833220125853593 17.3
-13.137276827573116 -18.833220125853593 17.3
-13.137276827573116 -18.833220125853593 17.3
-13.664434542549149 -16.804446654341323 17.3
-13.664434542549149 -16.804446654341323 17.3
-13.664434542549149 -16.804446654341323 17.3
-13.757093170049172 -14.710352235763239 17.3
-13.757093170049172 -14.710352235763239 17.3
-13.757093170049172 -14.710352235763239 17.3
-13.757093170049172 -14.710352235763239 17.3
-13.757093170049172 -14.710352235763239 17.3
-13.757093170049172 -14.710352235763239 17.3
-13.757093170049172 -14.710352235763239 17.3
-13.757093170049172 -14.710352235763239 17.3
-13.757093170049172 -14.710352235763239 17.3
-13.757093170049172 -14.710352235763239 17.3
-13.757093170049172 -14.710352235763239 17.3
-13.757093170049172 -14.710352235763239 17.3
-13.757093170049172 -14.710352235763239 17.3
-13.757093170049172 -14.710352235763239 17.3
-13.757093170049172 -14.710352235763239 17.3
-13.757093170049172 -14.710352235763239 17.3
-13.757093170049172 -14.710352235763239 17.3
-13.757093170049172 -14.710352235763239 17.3
-13.757093170049172 -14.710352235763239 17.3
-13.757093170049172 -14.710352235763239 17.3
-13.757093170049172 -14.710352235763239 17.3
-13.757093170049172 -14.710352235763239 17.3
-13.757093170049172 -14.710352235763239 17.3
-13.757093170049172 -14.710352235763239 17.3
-13.757093170049172 -14.710352235763239 17.3
-13.757093170049172 -14.710352235763239 17.3
-13.757093170049172 -14.710352235763239 17.3
-13.757093170049172 -14.710352235763239 17.3
-13.757093170049172 -14.710352235763239 17.3
-13.757093170049172 -14.710352235763239 17.3
-13.757093170049172 -14.710352235763239 17.3
-13.757093170049172 -14.710352235763239 17.3
-13.757093170049172 -14.710352235763239 17.3
-13.757093170049172 -14.710352235763239 17.3
-13.757093170049172 -14.710352235763239 17.3
-13.757093170049172 -14.710352235763239 17.3
-13.757093170049172 -14.710352235763239 17.3
-13.757093170049172 -14.710352235763239 17.3
-13.757093170049172 -14.710352235763239 17.3
-13.757093170049172 -14.710352235763239 17.3
-13.757093170049172 -14.710352235763239 17.3
-13.757093170049172 -14.710352235763239 17.3
-13.757093170049172 -14.710352235763239 17.3
-13.757093170049172 -14.710352235763239 17.3
-13.757093170049172 -14.710352235763239 17.3
-13.757093170049172 -14.710352235763239 17.3
-13.757093170049172 -14.710352235763239 17.3
-13.757093170049172 -14.710352235763239 17.3
-13.757093170049172 -14.710352235763239 17.3
-13.757093170049172 -14.710352235763239 17.3
-13.757093170049172 -14.710352235763239 17.3
-13.757093170049172 -14.710352235763239 17.3
-13.757093170049172 -14.710352235763239 17.3
-13.757093170049172 -14.710352235763239 17.3
-13.757093170049172 -14.710352235763239 17.3
-13.757093170049172 -14.710352235763239 17.3
-13.757093170049172 -14.710352235763239 17.3
-13.757093170049172 -14.710352235763239 17.3
-13.757093170049172 -14.710352235763239 17.3
-13.757093170049172 -14.710352235763239 17.3
-13.757093170049172 -14.710352235763239 17.3
-13.757093170049172 -14.710352235763239 17.3
-13.757093170049172 -14.710352235763239 17.3
-13.757093170049172 -14.710352235763239 17.3
-13.757093170049172 -14.710352235763239 17.3
-13.757093170049172 -14.710352235763239 17.3
-13.757093170049172 -14.710352235763239 17.3
-13.757093170049172 -14.710352235763239 17.3
-13.757093170049172 -14.710352235763239 17.3
-13.757093170049172 -14.710352235763239 17.3
-13.757093170049172 -14.710352235763239 17.3
-13.757093170049172 -14.710352235763239 17.3
-13.757093170049172 -14.710352235763239 17.3
-13.757093170049172 -14.710352235763239 17.3
-13.757093170049172 -14.710352235763239 17.3
-13.757093170049172 -14.710352235763239 17.3
-13.757093170049172 -14.710352235763239 17.3
-13.757093170049172 -14.710352235763239 17.3
-13.757093170049172 -14.710352235763239 17.3
-13.757093170049172 -14.710352235763239 17.3
-13.757093170049172 -14.710352235763239 17.3
-13.757093170049172 -14.710352235763239 17.3
-13.757093170049172 -14.710352235763239 17.3
-13.757093170049172 -14.710352235763239 17.3
-13.757093170049172 -14.710352235763239 17.3
-13.757093170049172 -14.710352235763239 17.3
-13.757093170049172 -14.710352235763239 17.3
-13.757093170049172 -14.710352235763239 17.3
-13.757093170049172 -14.710352235763239 17.3
-13.757093170049172 -14.710352235763239 17.3
-13.757093170049172 -14.710352235763239 17.3
-13.757093170049172 -14.710352235763239 17.3
-13.757093170049172 -14.710352235763239 17.3
-13.757093170049172 -14.710352235763239 17.3
-13.757093170049172 -14.710352235763239 17.3
-13.757093170049172 -14.710352235763239 17.3
-13.757093170049172 -14.710352235763239 17.3
-13.757093170049172 -14.710352235763239 17.3
-13.757093170049172 -14.710352235763239 17.3
-13.664434542549149 -16.804446654341323 17.3
-13.664434542549149 -16.804446654341323 17.3
-13.664434542549149 -16.804446654341323 17.3
-13.664434542549149 -16.804446654341323 17.3
-13.664434542549149 -16.804446654341323 17.3
-13.664434542549149 -16.804446654341323 17.3
-13.664434542549149 -16.804446654341323 17.3
-13.664434542549149 -16.804446654341323 17.3
-13.664434542549149 -16.804446654341323 17.3
-13.664434542549149 -16.804446654341323 17.3
-13.664434542549149 -16.804446654341323 17.3
-13.664434542549149 -16.804446654341323 17.3
-13.664434542549149 -16.804446654341323 17.3
-13.664434542549149 -16.804446654341323 17.3
-13.664434542549149 -16.804446654341323 17.3
-13.664434542549149 -16.804446654341323 17.3
-13.664434542549149 -16.804446654341323 17.3
-13.664434542549149 -16.804446654341323 17.3
-13.664434542549149 -16.804446654341323 17.3
-13.664434542549149 -16.804446654341323 17.3
-13.664434542549149 -16.804446654341323 17.3
-13.664434542549149 -16.804446654341323 17.3
-13.664434542549149 -16.804446654341323 17.3
-13.664434542549149 -16.804446654341323 17.3
-13.664434542549149 -16.804446654341323 17.3
-13.664434542549149 -16.804446654341323 17.3
-13.664434542549149 -16.804446654341323 17.3
-13.664434542549149 -16.804446654341323 17.3
-13.664434542549149 -16.804446654341323 17.3
-13.664434542549149 -16.804446654341323 17.3
-13.664434542549149 -16.804446654341323 17.3
-13.664434542549149 -16.804446654341323 17.3
-13.664434542549149 -16.804446654341323 17.3
-13.664434542549149 -16.804446654341323 17.3
-13.664434542549149 -16.804446654341323 17.3
-13.664434542549149 -16.804446654341323 17.3
-13.664434542549149 -16.804446654341323 17.3
-13.664434542549149 -16.804446654341323 17.3
-13.664434542549149 -16.804446654341323 17.3
-13.664434542549149 -16.804446654341323 17.3
-13.664434542549149 -16.804446654341323 17.3
-13.664434542549149 -16.804446654341323 17.3
-13.664434542549149 -16.804446654341323 17.3
-13.664434542549149 -16.804446654341323 17.3
-13.137276827573116 -18.833220125853593 17.3
-13.137276827573116 -18.833220125853593 17.3
-13.137276827573116 -18.833220125853593 17.3
-13.137276827573116 -18.833220125853593 17.3
-12.198782370709395 -20.707532055497687 17.3
-10.890186901465384 -22.345028606042067 17.3
-10.890186901465384 -22.345028606042067 17.3
-9.268987710752086 -23.67376117477086 17.3
-9.268987710752086 -23.67376117477086 17.3
-7.406417325109259 -24.6353476834618 17.299999999999997
-7.406417325109259 -24.6353476834618 17.299999999999997
-5.384313679805684 -25.187537780095813 17.299999999999997
-3.2915243096822024 -25.306069242029956 17.299999999999997
-3.2915243096822024 -25.306069242029956 17.299999999999997
5.086333942245175 -25.007208556566415 17.299999999999997
6.942278843989751 -24.032895682352493 17.299999999999997
8.55434516974311 -22.69309748242007 17.299999999999997
15.446312783597834 -18.696655209448274 17.299999999999997
20.67138671959176 -12.682557538557148 17.299999999999997
20.68684334836613 -10.58647115011854 17.299999999999997
20.265010450542217 -8.533211775006963 17.299999999999997
21.936685763766217 -1.5060443086042943 17.299999999999997
21.241056767856197 5.683648400667765 17.299999999999997
19.399682161223353 6.68522546371306 17.299999999999997
16.186620070745544 12.610838122127442 17.299999999999997
14.092310268467992 12.523182504770247 17.299999999999997
9.273872248123137 16.413975821721063 17.299999999999997
9.273872248123137 16.413975821721063 17.299999999999997
7.522631456998241 15.262032790720685 17.299999999999997
2.171172568112098 16.87618554716469 17.299999999999997
2.171172568112098 16.87618554716469 17.299999999999997
1.2613735109770279 14.987778088270604 17.299999999999997
-3.6633722482440954 14.587811999344998 17.299999999999997
-3.6633722482440954 14.587811999344998 17.299999999999997
-3.472816556321835 12.500348087454276 17.3
-7.336082163835558 10.70051660560548 17.3
-6.099400564210437 9.0080522259746 17.3
-6.099400564210437 9.0080522259746 17.3
-6.099400564210437 9.0080522259746 17.3
-6.099400564210437 9.0080522259746 17.3
-4.537076773035721 7.610568263025637 17.3
-2.717756439504817 6.5694676054657215 17.3
-2.717756439504817 6.5694676054657215 17.3
-2.717756439504817 6.5694676054657215 17.3
-0.7213771707208295 5.930494311548358 17.3
-0.7213771707208295 5.930494311548358 17.3
-0.7213771707208295 5.930494311548358 17.3
1.3643437805186438 5.721723698839583 17.3
1.3643437805186438 5.721723698839583 17.3
1.3643437805186438 5.721723698839583 17.3
1.3643437805186438 5.721723698839583 17.3
1.3643437805186438 5.721723698839583 17.3
3.4477636513349266 5.952328766126808 17.3
3.4477636513349266 5.952328766126808 17.3
5.43734078411301 6.612177148633449 17.3
5.43734078411301 6.612177148633449 17.3
5.43734078411301 6.612177148633449 17.3
5.43734078411301 6.612177148633449 17.3
7.245656799467385 7.672276315590751 17.3
7.245656799467385 7.672276315590751 17.3
7.245656799467385 7.672276315590751 17.3
7.245656799467385 7.672276315590751 17.3
7.245656799467385 7.672276315590751 17.3
8.79325759990379 9.086047448999087 17.3
8.79325759990379 9.086047448999087 17.3
8.79325759990379 9.086047448999087 17.3
8.79325759990379 9.086047448999087 17.3
8.79325759990379 9.086047448999087 17.3
10.012144437506903 10.791372031677868 17.3
10.012144437506903 10.791372031677868 17.3
10.012144437506903 10.791372031677868 17.3
10.012144437506903 10.791372031677868 17.3
10.012144437506903 10.791372031677868 17.3
10.012144437506903 10.791372031677868 17.3
10.012144437506903 10.791372031677868 17.3
10.012144437506903 10.791372031677868 17.3
10.012144437506903 10.791372031677868 17.3
10.012144437506903 10.791372031677868 17.3
10.012144437506903 10.791372031677868 17.3
10.012144437506903 10.791372031677868 17.3
10.012144437506903 10.791372031677868 17.3
10.012144437506903 10.791372031677868 17.3
10.012144437506903 10.791372031677868 17.3
10.012144437506903 10.791372031677868 17.3
10.012144437506903 10.791372031677868 17.3
10.012144437506903 10.791372031677868 17.3
10.012144437506903 10.791372031677868 17.3
10.012144437506903 10.791372031677868 17.3
10.012144437506903 10.791372031677868 17.3
10.012144437506903 10.791372031677868 17.3
10.012144437506903 10.791372031677868 17.3
10.012144437506903 10.791372031677868 17.3
10.012144437506903 10.791372031677868 17.3
10.012144437506903 10.791372031677868 17.3
10.012144437506903 10.791372031677868 17.3
10.012144437506903 10.791372031677868 17.3
10.012144437506903 10.791372031677868 17.3
10.012144437506903 10.791372031677868 17.3
10.012144437506903 10.791372031677868 17.3
10.012144437506903 10.791372031677868 17.3
10.012144437506903 10.791372031677868 17.3
10.012144437506903 10.791372031677868 17.3
10.012144437506903 10.791372031677868 17.3
10.012144437506903 10.791372031677868 17.3
10.012144437506903 10.791372031677868 17.3
10.012144437506903 10.791372031677868 17.3
10.012144437506903 10.791372031677868 17.3
10.012144437506903 10.791372031677868 17.3
10.012144437506903 10.791372031677868 17.3
10.012144437506903 10.791372031677868 17.3
10.012144437506903 10.791372031677868 17.3
10.012144437506903 10.791372031677868 17.3
10.012144437506903 10.791372031677868 17.3
10.012144437506903 10.791372031677868 17.3
10.012144437506903 10.791372031677868 17.3
10.012144437506903 10.791372031677868 17.3
10.012144437506903 10.791372031677868 17.3
10.012144437506903 10.791372031677868 17.3
10.012144437506903 10.791372031677868 17.3
10.012144437506903 10.791372031677868 17.3
10.012144437506903 10.791372031677868 17.3
10.012144437506903 10.791372031677868 17.3
10.012144437506903 10.791372031677868 17.3
10.012144437506903 10.791372031677868 17.3
10.012144437506903 10.791372031677868 17.3
10.012144437506903 10.791372031677868 17.3
10.012144437506903 10.791372031677868 17.3
10.012144437506903 10.791372031677868 17.3
10.012144437506903 10.791372031677868 17.3
10.012144437506903 10.791372031677868 17.3
10.012144437506903 10.791372031677868 17.3
10.012144437506903 10.791372031677868 17.3
10.012144437506903 10.791372031677868 17.3
10.012144437506903 10.791372031677868 17.3
10.012144437506903 10.791372031677868 17.3
10.012144437506903 10.791372031677868 17.3
10.012144437506903 10.791372031677868 17.3
10.012144437506903 10.791372031677868 17.3
10.012144437506903 10.791372031677868 17.3
10.012144437506903 10.791372031677868 17.3
10.012144437506903 10.791372031677868 17.3
10.012144437506903 10.791372031677868 17.3
10.012144437506903 10.791372031677868 17.3
10.012144437506903 10.791372031677868 17.3
10.012144437506903 10.791372031677868 17.3
10.012144437506903 10.791372031677868 17.3
10.012144437506903 10.791372031677868 17.3
10.012144437506903 10.791372031677868 17.3
10.012144437506903 10.791372031677868 17.3
10.012144437506903 10.791372031677868 17.3
10.012144437506903 10.791372031677868 17.3
10.012144437506903 10.791372031677868 17.3
10.012144437506903 10.791372031677868 17.3
10.012144437506903 10.791372031677868 17.3
10.012144437506903 10.791372031677868 17.3
10.012144437506903 10.791372031677868 17.3
10.012144437506903 10.791372031677868 17.3
10.012144437506903 10.791372031677868 17.3
10.012144437506903 10.791372031677868 17.3
10.012144437506903 10.791372031677868 17.3
10.012144437506903 10.791372031677868 17.3
10.012144437506903 10.791372031677868 17.3
10.012144437506903 10.791372031677868 17.3
10.012144437506903 10.791372031677868 17.3
10.012144437506903 10.791372031677868 17.3
10.012144437506903 10.791372031677868 17.3
10.012144437506903 10.791372031677868 17.3
10.012144437506903 10.791372031677868 17.3
10.012144437506903 10.791372031677868 17.3
10.012144437506903 10.791372031677868 17.3
10.012144437506903 10.791372031677868 17.3
10.012144437506903 10.791372031677868 17.3
10.012144437506903 10.791372031677868 17.3
10.012144437506903 10.791372031677868 17.3
10.012144437506903 10.791372031677868 17.3
10.012144437506903 10.791372031677868 17.3
10.012144437506903 10.791372031677868 17.3
10.012144437506903 10.791372031677868 17.3
10.012144437506903 10.791372031677868 17.3
10.012144437506903 10.791372031677868 17.3
10.012144437506903 10.791372031677868 17.3
10.012144437506903 10.791372031677868 17.3
10.012144437506903 10.791372031677868 17.3
10.012144437506903 10.791372031677868 17.3
10.012144437506903 10.791372031677868 17.3
10.012144437506903 10.791372031677868 17.3
10.012144437506903 10.791372031677868 17.3
10.012144437506903 10.791372031677868 17.3
10.012144437506903 10.791372031677868 17.3
10.012144437506903 10.791372031677868 17.3
10.012144437506903 10.791372031677868 17.3
10.012144437506903 10.791372031677868 17.3
10.012144437506903 10.791372031677868 17.3
10.012144437506903 10.791372031677868 17.3
10.012144437506903 10.791372031677868 17.3
10.012144437506903 10.791372031677868 17.3
10.012144437506903 10.791372031677868 17.3
10.012144437506903 10.791372031677868 17.3
10.012144437506903 10.791372031677868 17.3
10.012144437506903 10.791372031677868 17.3
10.012144437506903 10.791372031677868 17.3
10.012144437506903 10.791372031677868 17.3
10.012144437506903 10.791372031677868 17.3
10.012144437506903 10.791372031677868 17.3
10.012144437506903 10.791372031677868 17.3
10.012144437506903 10.791372031677868 17.3
10.012144437506903 10.791372031677868 17.3
10.012144437506903 10.791372031677868 17.3
10.012144437506903 10.791372031677868 17.3
10.012144437506903 10.791372031677868 17.3
10.012144437506903 10.791372031677868 17.3
10.012144437506903 10.791372031677868 17.3
10.012144437506903 10.791372031677868 17.3
10.012144437506903 10.791372031677868 17.3
10.012144437506903 10.791372031677868 17.3
10.012144437506903 10.791372031677868 17.3
10.012144437506903 10.791372031677868 17.3
10.012144437506903 10.791372031677868 17.3
10.012144437506903 10.791372031677868 17.3
10.012144437506903 10.791372031677868 17.3
10.012144437506903 10.791372031677868 17.3
10.012144437506903 10.791372031677868 17.3
10.012144437506903 10.791372031677868 17.3
10.012144437506903 10.791372031677868 17.3
10.012144437506903 10.791372031677868 17.3
10.012144437506903 10.791372031677868 17.3
10.012144437506903 10.791372031677868 17.3
10.012144437506903 10.791372031677868 17.3
10.012144437506903 10.791372031677868 17.3
10.012144437506903 10.791372031677868 17.3
10.012144437506903 10.791372031677868 17.3
10.012144437506903 10.791372031677868 17.3
10.012144437506903 10.791372031677868 17.3
10.012144437506903 10.791372031677868 17.3
10.012144437506903 10.791372031677868 17.3
10.012144437506903 10.791372031677868 17.3
10.012144437506903 10.791372031677868 17.3
10.012144437506903 10.791372031677868 17.3
10.012144437506903 10.791372031677868 17.3
10.012144437506903 10.791372031677868 17.3
10.012144437506903 10.791372031677868 17.3
10.012144437506903 10.791372031677868 17.3
10.012144437506903 10.791372031677868 17.3
10.012144437506903 10.791372031677868 17.3
10.012144437506903 10.791372031677868 17.3
10.012144437506903 10.791372031677868 17.3
10.012144437506903 10.791372031677868 17.3
10.012144437506903 10.791372031677868 17.3
10.012144437506903 10.791372031677868 17.3
10.012144437506903 10.791372031677868 17.3
10.012144437506903 10.791372031677868 17.3
10.012144437506903 10.791372031677868 17.3
10.012144437506903 10.791372031677868 17.3
10.012144437506903 10.791372031677868 17.3
10.012144437506903 10.791372031677868 17.3
10.012144437506903 10.791372031677868 17.3
10.012144437506903 10.791372031677868 17.3
10.012144437506903 10.791372031677868 17.3
10.012144437506903 10.791372031677868 17.3
10.012144437506903 10.791372031677868 17.3
10.012144437506903 10.791372031677868 17.3
10.012144437506903 10.791372031677868 17.3
10.012144437506903 10.791372031677868 17.3
10.012144437506903 10.791372031677868 17.3
10.012144437506903 10.791372031677868 17.3
7.495073116237925 12.682582818352351 17.3
4.639057938293469 14.007536998442466 17.3
4.639057938293469 14.007536998442466 17.3
1.5695869856599396 14.708018509210385 17.3
-1.57847280344195 14.753249474567586 17.3
-1.57847280344195 14.753249474567586 17.3
-4.666801441091888 14.141242528644051 17.3
-7.559703416889292 12.898888137008486 17.299999999999997
-7.559703416889292 12.898888137008486 17.299999999999997
-10.13006991043184 11.0807730788064 17.299999999999997
-12.264963720346206 8.766782003547464 17.299999999999997
-12.264963720346206 8.766782003547464 17.299999999999997
-13.870581518302318 6.058587445751826 17.3
-13.870581518302318 6.058587445751826 17.3
-14.876375395652946 3.075182519786747 17.3
-14.876375395652946 3.075182519786747 17.3
-15.238152609475058 -0.05234741988552694 17.3
-14.94001733084611 -3.1865844293703254 17.3
-14.94001733084611 -3.1865844293703254 17.3
-13.995069078485898 -6.189815868395645 17.3
-13.995069078485898 -6.189815868395645 17.3
-12.444827149869283 -8.930085241786951 17.3
