-0.49081606428483315	-0.4513488640673735	6.651878356933594e-05
-0.4908920135067061	-0.45207795723302563	0.015592336654663086
-0.49094264632128803	-0.4525640193434604	0.028543472290039062
-0.49103761756160635	-0.45353677866208114	0.04126405715942383
-0.4911706268704042	-0.4549968091541559	0.055303335189819336
-0.4912941830549282	-0.45645766999054005	0.06806278228759766
-0.4914440354449565	-0.45865167327625694	0.08240795135498047
-0.49154401397821956	-0.46035917144390404	0.09587883949279785
-0.4916370176024991	-0.4625563187949947	0.11020946502685547
-0.4916851409594508	-0.46548807700442735	0.1280510425567627
-0.4916777978750863	-0.46793152692348267	0.14271974563598633
-0.49163560590800465	-0.47013023699860573	0.15624070167541504
-0.49154056088418296	-0.47281636305132707	0.16952180862426758
-0.49140675756770247	-0.475256157735377	0.18380308151245117
-0.4912256059531839	-0.47769289438926	0.1963639259338379
-0.4909514880232611	-0.48061220619455847	0.2102959156036377
-0.4906396583838944	-0.48328186328933187	0.2238941192626953
-0.49026743390808764	-0.48594377156485	0.23758769035339355
-0.48978633052989257	-0.4888361860571988	0.25041723251342773
-0.48933868492580485	-0.4912382923914314	0.26386427879333496
-0.4886251308172509	-0.494583889996149	0.2798283100128174
-0.4879579470224553	-0.49743912866218415	0.2935361862182617
-0.4872872299394508	-0.5000419051263139	0.30765271186828613
-0.4864822773714832	-0.5028614039149965	0.32143235206604004
-0.4855412775922745	-0.5058953232989855	0.3359086513519287
-0.48460045288901027	-0.5086724388770246	0.3495197296142578
-0.48351333616791764	-0.5116571205430882	0.36345934867858887
-0.4824388561106149	-0.5143853094409687	0.37810564041137695
-0.48108296039467235	-0.5175259669527033	0.39278531074523926
-0.4798514630596951	-0.5201869698407144	0.40668559074401855
-0.4786832683747821	-0.5226076366715283	0.4200429916381836
-0.4770975633894988	-0.5256387622872318	0.4352738857269287
-0.47581327843232335	-0.5279998888989226	0.4478423595428467
-0.4743460279914424	-0.5305385299132833	0.4616110324859619
-0.47269461532009804	-0.5332520117359493	0.47569704055786133
-0.47110590204999103	-0.5357164614111194	0.4902458190917969
-0.46903113690002973	-0.5387378812404545	0.5055885314941406
-0.4676091096032932	-0.5407249242181366	0.5177276134490967
-0.4647508545306097	-0.5443833238810913	0.5386409759521484
-0.46273900590789274	-0.5468414964812736	0.55375075340271
-0.460823795083686	-0.5490617418629603	0.5666501522064209
-0.45902253238623114	-0.5510566753010527	0.5816450119018555
-0.4570018371082221	-0.5531813664902593	0.595609188079834
-0.45494026763253775	-0.5552664212504482	0.6097915172576904
-0.45264206420562314	-0.5574592295917159	0.6239867210388184
-0.45066766175991585	-0.5592829734635485	0.6377873420715332
-0.4482724965265157	-0.5613694371986099	0.6523821353912354
-0.4463992453187715	-0.5629383321410787	0.6661028861999512
-0.4441033584378404	-0.5647621812264003	0.6784160137176514
-0.4419614633785595	-0.5663859399161969	0.6933822631835938
-0.43959089632964105	-0.568111609039361	0.7077205181121826
-0.43758787343833455	-0.5695110377530587	0.7203142642974854
-0.4349320655409671	-0.5712536885572347	0.7354567050933838
-0.4328634930212335	-0.5725542688732562	0.7479469776153564
-0.43012624917255027	-0.5741659895456622	0.7618277072906494
-0.4279970010171503	-0.5753646570227156	0.775810718536377
-0.4251847707404702	-0.5768416500098141	0.7908005714416504
-0.42233980426457535	-0.5782545594775612	0.8061928749084473
-0.4199060605157719	-0.5793952601801216	0.819481372833252
-0.41721974201106266	-0.5805705111947208	0.8328080177307129
-0.41450389883553607	-0.5816758246805726	0.8473668098449707
-0.41176035143311285	-0.5827104597402516	0.8603413105010986
-0.4094577516924054	-0.5835281001636122	0.8742985725402832
-0.40643468570521496	-0.584503404962179	0.8895857334136963
-0.40362179194673964	-0.5853311433022302	0.9035604000091553
-0.4010267797118374	-0.5860312991622851	0.9167788028717041
-0.39746740688394144	-0.5869056522286318	0.9345836639404297
-0.39484716664997077	-0.5875045243718668	0.9485249519348145
-0.39197657622821036	-0.5881022138284892	0.9631564617156982
-0.3898166618035486	-0.5885155851321278	0.9760963916778564
-0.3871659989618195	-0.5889608864089485	0.9901704788208008
-0.3842654794657051	-0.5893904311781174	1.0055279731750488
-0.3818418851796879	-0.5897013848155048	1.0193040370941162
-0.37941446863637296	-0.5899809386619462	1.0328726768493652
-0.37649747022910024	-0.5902786673102626	1.0487749576568604
-0.37333258329067204	-0.5905500306828493	1.0701301097869873
-0.369429997079992	-0.590783063992546	1.090334415435791
-0.3662556703926883	-0.5909005267325376	1.1108081340789795
-0.36308035287974827	-0.5909871645131608	1.1298491954803467
-0.3603929606375897	-0.5910343838359797	1.1468207836151123
-0.3584382127676171	-0.5910434214596804	1.1605634689331055
-0.356239126349684	-0.5910322374087182	1.1746037006378174
-0.3542846753506978	-0.5909969924606214	1.1872339248657227
-0.35184194794202395	-0.5909371239819937	1.2036681175231934
-0.3498881169600692	-0.590876581370899	1.216552734375
-0.3481786952499437	-0.5908180739646739	1.2295012474060059
-0.3459817012725991	-0.5907215150704938	1.2446632385253906
-0.34427373787529053	-0.5906298268319587	1.2571969032287598
-0.34183468909202636	-0.5904830533306817	1.270653486251831
-0.3403718604906043	-0.5903855187374512	1.2848570346832275
-0.3379349160809028	-0.5902071837385193	1.3012073040008545
-0.335986324839718	-0.5900518998417931	1.3147568702697754
-0.33330921118030216	-0.5898123811948556	1.3317115306854248
-0.33112085136140806	-0.5895951544479215	1.348877191543579
-0.3291756426335022	-0.5894020640062024	1.362882375717163
-0.3274741407078445	-0.5892276022722475	1.377753734588623
-0.3255308983717704	-0.5890156349703023	1.3908851146697998
-0.3231036113365005	-0.5887349588647461	1.4078567028045654
-0.32140649804761484	-0.5885219983418334	1.4212794303894043
-0.3192253928126815	-0.588241131628462	1.4355452060699463
-0.31752969350452964	-0.5880171906631052	1.4487535953521729
-0.3153504519253935	-0.5877222121955893	1.465285062789917
-0.31365623764145456	-0.58748730017008	1.4776229858398438
-0.3114789510202132	-0.5871782223069175	1.4907400608062744
-0.30930476784703353	-0.5868480198145041	1.506882667541504
-0.30761457652323126	-0.5865857242015498	1.519944190979004
-0.3054425761964946	-0.5862414557929069	1.533792495727539
-0.3037541180396143	-0.5859682255747835	1.5481464862823486
-0.3015843915580366	-0.5856099056734739	1.5615160465240479
-0.2996578477953982	-0.5852789222230667	1.5757291316986084
-0.2977313040327598	-0.5849479387726594	1.588566780090332
-0.2950837931097045	-0.5844842657844829	1.6095011234283447
-0.29316055365739374	-0.5841345931906472	1.6237728595733643
-0.2909981937318946	-0.5837342112365967	1.6373438835144043
-0.28787667299422814	-0.58314577628069	1.6595182418823242
-0.28379719607252357	-0.5823630776339056	1.6868319511413574
-0.27972027361489327	-0.5815671804038136	1.714867115020752
-0.2742009813090577	-0.5805082351758112	1.751652717590332
-0.26964442091523555	-0.5796187029774731	1.7815735340118408
-0.26677029000902797	-0.5790382776247855	1.8015286922454834
-0.26437518092052165	-0.5785545898308793	1.8183271884918213
-0.26150105001431406	-0.5779741644781917	1.8316450119018555
-0.2569533408212465	-0.5770404347262201	1.8607380390167236
-0.2548006054863254	-0.5765911722925401	1.876208782196045
-0.25264933540326	-0.5761349451712052	1.8898909091949463
-0.2500182144383565	-0.5755858466411519	1.9058983325958252
-0.247864036399535	-0.5751435536007443	1.91927170753479
-0.24547050524528893	-0.5746521168891803	1.9333131313323975
-0.24331776991036785	-0.5742028544555002	1.9474945068359375
-0.24092584176045556	-0.5737036739736335	1.9603641033172607
-0.23877457167739016	-0.5732474468522987	1.974714756011963
-0.23662183634246908	-0.5727981844186186	1.9877960681915283
-0.2339889520727984	-0.5722576040358982	2.0033624172210693
-0.23159542091855234	-0.5717661673243342	2.017880439758301
-0.22944268558363126	-0.5713169048906541	2.0308196544647217
-0.22705075743371897	-0.5708177244087874	2.0459935665130615
-0.2246588292838067	-0.5703185439269207	2.060201406478882
-0.22226690113389438	-0.569819363445054	2.073683500289917
-0.21819789817167604	-0.5689839210353952	2.1000499725341797
-0.21580436701742997	-0.5684924843238311	2.1135764122009277
-0.21269072520237176	-0.567863690191753	2.1323373317718506
-0.21077463793156667	-0.567476739956628	2.146347999572754
-0.20813830980178463	-0.5669532127655658	2.160318374633789
-0.2057447786475385	-0.5664617760540017	2.1743974685668945
-0.20358918046788285	-0.5660264570394861	2.188101291656494
-0.2011940713793766	-0.5655427692455798	2.2033753395080566
-0.1987989622908702	-0.5650590814516735	2.216714382171631
-0.19640385320236387	-0.5645753936577672	2.2309024333953857
-0.19448776593155884	-0.5641884434226422	2.2446537017822266
-0.1920926568430525	-0.5637047556287359	2.2585999965667725
-0.19017410509828528	-0.5633302157557515	2.2712557315826416
-0.1877759154173263	-0.562862040914521	2.285156011581421
-0.1858573636725591	-0.5624875010415366	2.2979114055633545
-0.18322103554277702	-0.5619639738504744	2.3127708435058594
-0.17866447514895492	-0.5610744416521363	2.3454229831695557
-0.17554487515000436	-0.5604759073928305	2.3668735027313232
-0.17362512130449634	-0.5601075786178731	2.380000591278076
-0.17170536745898832	-0.5597392498429157	2.3936967849731445
-0.16786585976797228	-0.559002592293001	2.4167611598968506
-0.16259320350840814	-0.5579555379108767	2.4567677974700928
-0.16067587395947575	-0.5575747908628316	2.4695394039154053
-0.15875854441054332	-0.5571940438147863	2.4828989505767822
-0.15732054724884406	-0.5569084835287524	2.49627685546875
-0.15492388531267853	-0.5564325497186959	2.510530948638916
-0.1532473089507241	-0.5560939682629615	2.524493932723999
-0.1506144246810534	-0.5555533878802411	2.541597366333008
-0.14845882650139772	-0.5551180688657255	2.5561115741729736
-0.14678116314608186	-0.5547849151986859	2.5696961879730225
-0.14486383359714947	-0.5544041681506408	2.5836076736450195
-0.14318725723519501	-0.5540655866949064	2.596360445022583
-0.14007566673467514	-0.5534267189698732	2.6148898601531982
-0.13816084181127822	-0.553033569600622	2.6291778087615967
-0.13624601688788132	-0.5526404202313708	2.6438283920288086
-0.13409041870822566	-0.5522051012168552	2.658750295639038
-0.13169530961971937	-0.5517214134229489	2.6752610206604004
-0.1297792223489143	-0.5513344631878239	2.687589406967163
-0.1271463380792436	-0.5507938828051034	2.7023775577545166
-0.12523151315584674	-0.5504007334358523	2.7174112796783447
-0.12283798200160062	-0.5499092967242882	2.7318291664123535
-0.12092315707820374	-0.5495161473550371	2.7481155395507812
-0.11852962592395765	-0.549024710643473	2.7632949352264404
-0.11661480100056076	-0.5486315612742219	2.775750160217285
-0.11469997607716391	-0.5482384119049707	2.788179397583008
-0.11278515115376705	-0.5478452625357195	2.80159592628479
-0.11039161999952096	-0.5473538258241555	2.816138982772827
-0.10871504363756647	-0.5470152443684211	2.828345775604248
-0.10656086559874502	-0.5465729513280135	2.841486930847168
-0.1046460406753481	-0.5461798019587624	2.855773687362671
-0.10249044249569243	-0.5457444829442467	2.8693137168884277
-0.10009533340718613	-0.5452607951503404	2.8822925090789795
-0.0981792461363811	-0.5448738449152154	2.8956387042999268
-0.09626315886557607	-0.5444868946800904	2.9087939262390137
-0.09362683073579396	-0.5439633674890282	2.9233129024505615
-0.09098882208673909	-0.5434483751636745	2.940035581588745
-0.08883182634419014	-0.5430200347346237	2.9537177085876465
-0.08643516440802458	-0.5425441009245672	2.967939853668213
-0.08403850247185912	-0.5420681671145107	2.9803965091705322
-0.08188290429220348	-0.541632848099995	2.994004487991333
-0.07948471461124441	-0.5411646732587644	3.0092408657073975
-0.07684505307367084	-0.540658221193198	3.0239014625549316
-0.07492529922816284	-0.5402898924182405	3.0369176864624023
-0.07228729057910799	-0.5397749000928869	3.050349235534668
-0.07012756750291144	-0.5393605302210598	3.0659637451171875
-0.06820781365740347	-0.5389922014461024	3.0781750679016113
-0.06628805981189537	-0.538623872671145	3.0914297103881836
-0.06412968909903223	-0.5382025153140374	3.1061978340148926
-0.062211137354265054	-0.537827975441053	3.119868755340576
-0.059571475816691505	-0.5373215233754866	3.1376328468322754
-0.05717178350980647	-0.5368611124067898	3.156372547149658
-0.054533774860751595	-0.5363461200814361	3.17691707611084
-0.05213558517979262	-0.5358779452402055	3.1956987380981445
-0.04973739549883358	-0.5354097703989749	3.2132863998413086
-0.048057610884014064	-0.5350874827208871	3.2265563011169434
-0.04589655806562962	-0.5346801046744901	3.241600751876831
-0.0442167734508101	-0.5343578169964024	3.2563252449035645
-0.04253804067413874	-0.5340300946075409	3.2699742317199707
-0.04061948892937161	-0.5336555547345565	3.284313678741455
-0.038700937184604385	-0.5332810148615721	3.2967939376831055
-0.03750109103116189	-0.5330508093772237	3.310185194015503
-0.03558133718565381	-0.5326824806022663	3.3255252838134766
-0.0331846752494883	-0.5322065467922098	3.3413643836975098
-0.03150594247281701	-0.5318788244033484	3.356647491455078
-0.029826157857997516	-0.5315565367252607	3.370310068130493
-0.027908828309065034	-0.5311757896772155	3.3855996131896973
-0.02599400338566818	-0.5307826403079643	3.3998448848724365
-0.024079178462271374	-0.5303894909387131	3.4133212566375732
-0.022404828757332733	-0.5300400646014064	3.4266512393951416
-0.020491286237402928	-0.529640720215913	3.4403626918792725
-0.018818076172796485	-0.5292858768993192	3.4546542167663574
-0.01690583609896054	-0.5288803416803548	3.467542886734009
-0.014993596025124647	-0.5284748064613904	3.481802463531494
-0.013799272525901442	-0.5282174803333775	3.4952890872955322
-0.011888354927144323	-0.5278057585285566	3.508571147918701
-0.009977437328387278	-0.5273940367237357	3.523653030395508
-0.008304227263780859	-0.5270391934071419	3.53639554977417
-0.006870047208403915	-0.5267350419929187	3.549149990081787
-0.0047202649098021755	-0.5262718549624953	3.5640013217926025
-0.003047054845195732	-0.5259170116459014	3.577791929244995
-0.0013750019462832844	-0.5255567550666832	3.590663194656372
0.0005359156524737845	-0.5251450332618623	3.6056694984436035
0.0019691038515416105	-0.5248362419082467	3.6180996894836426
0.004357750849987947	-0.5243215896522208	3.6335954666137695
0.00602862906996491	-0.5239559235837399	3.6464905738830566
0.007940869143800853	-0.5235503883647755	3.6603217124938965
0.009853109217636746	-0.5231448531458112	3.6754629611968994
0.011525162116549192	-0.5227845965665929	3.687912940979004
0.013196040336526133	-0.522418930498112	3.7017457485198975
0.01510561544507124	-0.5220010264198482	3.716083526611328
0.017255397743672882	-0.5215378393894249	3.7298436164855957
0.01940366974078616	-0.5210676973013781	3.7486484050750732
0.021790638626467507	-0.5205453172035484	3.764373540878296
0.023462691525380004	-0.5201850606243301	3.777980089187622
0.02489587972444783	-0.5198762692707145	3.790830612182617
0.0268067973232049	-0.5194645474658937	3.8058760166168213
0.02847767554318189	-0.5190988813974128	3.8180816173553467
0.030627457841783532	-0.5186356943669894	3.832864761352539
0.03229833606176052	-0.5182700282985085	3.8464596271514893
0.03397038896067296	-0.5179097717192903	3.8603031635284424
0.03588130655942998	-0.5174980499144695	3.8736467361450195
0.03755451662403645	-0.5171432065978756	3.887789249420166
0.03946675669787239	-0.5167376713789112	3.9013326168060303
0.041138809596784835	-0.516377414799693	3.9147980213165283
0.043049727195541954	-0.5159656929948722	3.9293267726898193
0.044960644794298975	-0.5155539711900513	3.9432263374328613
0.0463938329933668	-0.5152451798364357	3.956429958343506
0.04806471121334379	-0.5148795137679548	3.968798875808716
0.04997695128717968	-0.5144739785489905	3.9833195209503174
0.05188919136101557	-0.5140684433300261	3.9965054988861084
0.05380143143485151	-0.5136629081110617	4.010716199874878
0.05547348433376396	-0.5133026515318435	4.0244903564453125
0.057146694398370376	-0.5129478082152497	4.037798166275024
0.05929942973329149	-0.5124985457815696	4.050695419311523
0.06097263979789781	-0.5121437024649758	4.06476092338562
0.06264698950283645	-0.511794276127669	4.07780385017395
0.0645605320227663	-0.5113949317421757	4.091436147689819
0.06647407454269606	-0.5109955873566823	4.106111288070679
0.06814728460730259	-0.5106407440400884	4.1185996532440186
0.07101952199239786	-0.5100510199862116	4.139723777770996
0.07293434691579477	-0.5096578706169604	4.153261184692383
0.07460869662073331	-0.5093084442796537	4.167211294174194
0.0765247838915384	-0.5089214940445287	4.179807186126709
0.07820025569951071	-0.5085774883464339	4.1944615840911865
0.08011508062290751	-0.5081843389771827	4.207711458206177
0.08202990554630446	-0.5077911896079316	4.220718145370483
0.08394473046970131	-0.5073980402386804	4.23530650138855
0.08562130683165572	-0.507059458782946	4.2481725215911865
0.08801641592016199	-0.5065757709890397	4.264673233032227
0.08969407927547783	-0.5062426173220002	4.277498245239258
0.09161140882441031	-0.5058618702739549	4.2927772998809814
0.09352873837334265	-0.5054811232259098	4.306334018707275
0.09544849221885071	-0.5051127944509524	4.319591283798218
0.09736824606435877	-0.504744465675995	4.333558559417725
0.09904697884103006	-0.5044167432871336	4.347436189651489
0.10096553058579723	-0.5040422034141492	4.360285997390747
0.1028840823305644	-0.5036676635411648	4.373997926712036
0.10480263407533162	-0.5032931236681802	4.387774467468262
0.10696235715152821	-0.5028787537963532	4.402873516082764
0.1086431760102716	-0.502561904204711	4.415781259536743
0.11032501150788206	-0.5022504960182274	4.428142070770264
0.11248606432626661	-0.5018431179718303	4.443721771240234
0.11416789982387697	-0.5015317097853467	4.456325054168701
0.11608999753543171	-0.5011758147150795	4.469301462173462
0.11825364191928135	-0.5007824330470144	4.483965158462524
0.12017688137159212	-0.5004327604531787	4.4980785846710205
0.12258093068698059	-0.4999956697108841	4.511776685714722
0.12426276618459105	-0.4996842615244004	4.526136159896851
0.12666538832403448	-0.49923939268656653	4.544007301330566
0.12858748603558928	-0.4988834976162994	4.558299541473389
0.13050958374714397	-0.49852760254603234	4.571261405944824
0.13267322813099366	-0.49813422087796716	4.58543586730957
0.13459646758330443	-0.49778454828413143	4.60013747215271
0.13772355428772362	-0.4972264477949186	4.623399257659912
0.13988969958840528	-0.49684707898641056	4.637762784957886
0.14205706132137338	-0.4964747226047023	4.651824235916138
0.14422561678547474	-0.4961093825498901	4.667246341705322
0.14615322164245362	-0.49578463583450155	4.6802287101745605
0.14808082649943258	-0.49545988911911293	4.695375680923462
0.15000843135641148	-0.4951351424037243	4.708524703979492
0.15193603621339044	-0.4948103956883357	4.7212700843811035
0.15386364107036934	-0.49448564897294706	4.737431049346924
0.1557912459273483	-0.49416090225755843	4.751430988311768
0.15747697171965686	-0.493871291738452	4.76546573638916
0.15892187954163567	-0.4936230541506465	4.777650594711304
0.16060665921994363	-0.4933279895218069	4.7916481494903564
0.16253212170943837	-0.4929907728031331	4.806412935256958
0.16397455129867147	-0.4927285183577563	4.818786382675171
0.1656563867962819	-0.49241711017127254	4.831780910491943
0.16709796007994793	-0.4921501888685722	4.846570730209351
0.16902005779150273	-0.4917942937983051	4.859903335571289
0.17045987317563377	-0.49151804721708703	4.872854948043823
0.1718996885597648	-0.491241800635869	4.886319160461426
0.17405805927262802	-0.49082044327876145	4.9028401374816895
0.17549697308120338	-0.4905395383740231	4.915776968002319
0.1771767576960228	-0.4902172506959354	4.928338050842285
0.17957341963218837	-0.4897413168858789	4.946722984313965
0.18125215240885967	-0.4894135944970175	4.959963798522949
0.18317070415362688	-0.489039054624033	4.97335147857666
0.18485048876844645	-0.4887167669459453	4.986287593841553
0.18700885948130952	-0.48829540958883777	5.0003745555877686
0.18892741122607665	-0.4879208697158533	5.0154054164886475
0.19060719584089622	-0.48759858203776557	5.027809381484985
0.19276824865928072	-0.48719120399136856	5.041193962097168
0.1946891844978446	-0.486829090172349	5.056167840957642
0.19685154442334377	-0.4864287082182985	5.068665981292725
0.19853437894411574	-0.4861227446986922	5.081699848175049
0.20021819486187992	-0.48582222905065453	5.095490455627441
0.20238434016256157	-0.4854428602421465	5.109882116317749
0.2043098026520563	-0.4851056435234727	5.122891187667847
0.20623526514155105	-0.48476842680479887	5.136152505874634
0.20840262687451927	-0.48439607042309063	5.14982271194458
0.2100892811243759	-0.4841119170471256	5.16368556022644
0.21201688598135476	-0.483787170331737	5.176282167434692
0.21394655244636085	-0.4834749072253103	5.189600229263306
0.21635863552761853	-0.4830845783422768	5.205801248550415
0.2194959693329048	-0.48258730175201486	5.224740982055664
0.22239488023047776	-0.4821470317621303	5.244019269943237
0.22578019678740546	-0.48165528527468277	5.26525092124939
0.22868189669334354	-0.481233788285442	5.284614562988281
0.23255778082626208	-0.4807219232217694	5.306260824203491
0.23473888606119547	-0.4804410565083981	5.3233442306518555
0.23813171642664743	-0.48000415273204267	5.337260723114014
0.24031371922664335	-0.4797303463454406	5.357509613037109
0.2424965967371962	-0.4794636031534821	5.370730638504028
0.24443693230213207	-0.4792264980939634	5.383816719055176
0.2468642193374019	-0.4789458219884073	5.397192478179932
0.24953522030101066	-0.47864572103862113	5.413330316543579
0.25123555734507547	-0.47846024964941913	5.426250219345093
0.2539084448193252	-0.478177443571584	5.439227342605591
0.2560960901523137	-0.4779531356279275	5.45465350151062
0.2582844499712079	-0.47773590888099343	5.467492341995239
0.26023086776693527	-0.47755541323484124	5.480044364929199
0.2626638900115946	-0.47732979367715095	5.493835210800171
0.26485425573293475	-0.47713382387511116	5.508633136749268
0.2670452442133224	-0.4769449439255592	5.5218706130981445
0.2689927895292225	-0.47677705063706854	5.535342693328857
0.27142852858070354	-0.4765829457661608	5.547961711883545
0.27337711982188817	-0.4764276618694346	5.5623955726623535
0.2758140642315897	-0.4762493268705028	5.576032400131226
0.27776361975935093	-0.4761066588713574	5.58812403678894
0.2802005641690525	-0.4759283238724256	5.60284423828125
0.28263750857875397	-0.47574998887349385	5.616785764694214
0.28458706410651513	-0.4756073208743484	5.629570245742798
0.28702511177555184	-0.47544476321896423	5.64336085319519
0.2889755499107812	-0.47531471709465684	5.656109571456909
0.29141459869404546	-0.4751679435933799	5.670710802078247
0.293609303591355	-0.47502874384388666	5.684035062789917
0.29580444749629276	-0.47489664769273743	5.6972434520721436
0.298243496279557	-0.4747498741914605	5.711634397506714
0.30043905619997624	-0.4746248830222429	5.725526332855225
0.3028794150419249	-0.4745017970752675	5.737699747085571
0.30580784565226315	-0.474354093938897	5.7595274448394775
0.30824820449421175	-0.4742310079919216	5.773393154144287
0.31020049156777063	-0.47413253923434123	5.78605055809021
0.3126415959870424	-0.47402525157414105	5.798638105392456
0.3153271787300482	-0.4739159261053287	5.8157477378845215
0.31728032981587057	-0.47383641667346516	5.8279383182525635
0.31947790276694926	-0.47375408028284044	5.841184616088867
0.32167519773849945	-0.47366463217199395	5.8546226024627686
0.3238727706895781	-0.47358229578136923	5.868507385253906
0.3258266016715328	-0.47352175317027456	5.881465673446655
0.3280244295845513	-0.4734465293622708	5.89514422416687
0.3307109471847392	-0.4733632832720156	5.909744501113892
0.33266477816669393	-0.47330274066092093	5.924290895462036
0.33461860914864866	-0.47324219804982626	5.936885118484497
0.3365727910755877	-0.47319430326692413	5.950169324874878
0.33877105984927897	-0.4731333069133601	5.964793920516968
0.34096951451708535	-0.47307942528259517	5.977351903915405
0.3429236964440244	-0.47303153049969304	5.990216493606567
0.34512231397912224	-0.4729847641560886	6.00436806678772
0.34732107135298174	-0.4729451135894797	6.01974892616272
0.34951994553560833	-0.47291257921517027	6.032871961593628
0.3512300901597213	-0.47288173988558563	6.046290874481201
0.3531847283465444	-0.47285914624892617	6.059337377548218
0.3551393665333674	-0.4728365526122667	6.0738139152526855
0.35709400472019054	-0.47281395897560724	6.086533784866333
0.35880436815782124	-0.47279972483187194	6.100170135498047
0.3610034545757543	-0.4727885407809098	6.115417718887329
0.362713818013385	-0.4727743066371745	6.128587007522583
0.36515727478771864	-0.4727697878118012	6.146425485610962
0.3676007096251844	-0.47278108484142695	6.161779165267944
0.3690667705276638	-0.4727878630592024	6.17629861831665
0.37077714036349096	-0.47280130643393753	6.188591718673706
0.37273184874729326	-0.4728166702907777	6.203184366226196
0.37444216611814474	-0.47283564897870267	6.216706037521362
0.3759080164320495	-0.4728614049729676	6.229493141174316
0.37761806892694644	-0.4728969881758562	6.243329286575317
0.3790838282082868	-0.4729274880640464	6.256628036499023
0.3807937565872726	-0.472968605437146	6.271524906158447
0.3825035429403941	-0.47301525654978926	6.284631729125977
0.38372470466810266	-0.4730525310951884	6.2974488735198975
0.38543415324577496	-0.47311024816307873	6.310673713684082
0.38689904397380415	-0.4731692029673708	6.325780868530273
0.38811962085461627	-0.4732222824830225	6.337825059890747
0.3898281790399754	-0.47330212374349606	6.350607633590698
0.3915364698819552	-0.47338749410626574	6.364423751831055
0.39300021486464537	-0.4734701448150604	6.377747297286987
0.39446339421144255	-0.4735622681732334	6.390734910964966
0.3956824554940338	-0.47364298339015076	6.4048144817352295
0.3973887666380359	-0.47376150756273117	6.419332981109619
0.3988506308340346	-0.47387256424407803	6.431746006011963
0.40006854510072304	-0.4739690536007531	6.445852518081665
0.40177317895961523	-0.474109656256311	6.458596229553223
0.4032334830207429	-0.4742396276495831	6.472879648208618
0.40420701906149464	-0.47432627524509785	6.485715627670288
0.40566645126626094	-0.47446569602441846	6.498518943786621
0.4068830144149159	-0.47457794335084336	6.511853456497192
0.40834198775983016	-0.4747220866574681	6.526892185211182
0.40955740376286043	-0.4748461402609333	6.539848327636719
0.4110159029664968	-0.47499500458509153	6.557983160018921
0.4127169143833786	-0.47517418566464276	6.571755886077881
0.4139315019640682	-0.47530610369142245	6.585899591445923
0.4151456562488257	-0.4754419518778661	6.599296569824219
0.41660155570409935	-0.47561439691301927	6.616654634475708
0.41878093343032896	-0.47590836780094486	6.640187978744507
0.421441003361387	-0.47629351022855104	6.6693408489227295
0.42386357859499857	-0.47661230587675146	6.694718837738037
0.4262881665484637	-0.47691541424636796	6.727412223815918
0.4282278369112356	-0.4771579009420611	6.75557017326355
0.4294396340542443	-0.4773133777607549	6.769961833953857
0.43016640662432776	-0.477409016455215	6.783717155456543
0.4316186832344603	-0.4776096981974761	6.803723335266113
0.43306963046958286	-0.4778197758852613	6.827265739440918
0.4342769964785908	-0.4780065717022568	6.840317010879517
0.4350010495663439	-0.4781209930928224	6.8543291091918945
0.435966453683348	-0.47827355494690993	6.867650032043457
0.43669013266964835	-0.47839031903938334	6.88032341003418
0.437413429974613	-0.47850942461076623	6.893437623977661
0.4383767782662344	-0.4786744709602606	6.9080140590667725
0.4390988850882707	-0.4788005933851995	6.920512676239014
0.4398205799502114	-0.4789290521519381	6.933875799179077
0.44102270552145234	-0.47914704175701983	6.950658082962036
0.4417435537902938	-0.4792801691464329	6.96581244468689
0.4424639674349988	-0.47941562876782107	6.978074312210083
0.4431839389098861	-0.4795534192023673	6.990801811218262
0.4439034606739056	-0.4796935390068415	7.004903793334961
0.4448615936579788	-0.47988657116292516	7.019471883773804
0.44557972109059385	-0.48003367017389886	7.033289909362793
0.44605782793163096	-0.4801348329420811	7.04588770866394
0.4470140416137052	-0.4803371584784456	7.059902667999268
0.44773070701977147	-0.48049122282945406	7.072834491729736
0.44820848395714896	-0.480593932396793	7.085928440093994
0.44892464700130397	-0.4807503153328518	7.098665475845337
0.4496403001823878	-0.48090901521599116	7.113802909851074
0.45035543600458056	-0.4810700303839734	7.126265525817871
0.45107004697748165	-0.48123335915031024	7.13886022567749
0.45154645429274903	-0.4813422449945348	7.15156364440918
0.4522605329314549	-0.4815078856485052	7.16594386100769
0.45273586062344573	-0.4816213917819937	7.178004026412964
0.45344829740629383	-0.4817939575924801	7.190320253372192
