-0.27800890066165596 1.5920301454611666e-15 43.29982536302875
-0.387953038887285 0.0022344738056625955 43.29881786008679
-0.41713693174015165 0.009611845620683875 43.294734335465876
-0.3508590474952669 0.016177874851058965 43.2880050267591
-0.39370421448258053 0.03181501120261769 43.2718904848177
-0.30461724743885044 0.03702458056346696 43.252234640966414
-0.2519093459766555 0.04098091084887841 43.22358018601668
-0.14191033466383612 0.029853465948676865 43.18353399693846
-0.12541704632850906 0.032481764645598946 43.13559355162915
-0.018390456661457378 0.005794960075289352 43.07858251679373
0.13991327822037677 -0.05128407395678951 43.005092372462954
0.2381514829985022 -0.10158021575550483 42.92972516688273
0.3517819318009812 -0.16960378558259812 42.8279253625353
0.4398772391795855 -0.237642337422673 42.733659655344226
0.5388153552932674 -0.3282492415403831 42.609269121357976
0.658023002593421 -0.4492095159957993 42.48252339299059
0.7999030594092745 -0.5947105255150558 42.35542370196849
0.9419357725579178 -0.7701422474605021 42.19143575292021
1.0314045941472756 -0.9150802238792249 42.03201304076043
1.14955945613651 -1.1058594102402501 41.84293440971471
1.2141236628679495 -1.266076449112339 41.66125291252919
1.3611714404120123 -1.5390656242064678 41.43898946141129
1.4055828056541029 -1.704502083726608 41.23483509061093
1.533257327469054 -2.019991930747242 41.0003195177595
1.5294165202861307 -2.166480213787821 40.759682266051755
1.5371664355456323 -2.34546111786437 40.42120588862922
1.6551608266001177 -2.7987241132535843 40.10467225437954
1.7055012352252497 -3.0831478953217832 39.79768247633432
1.7153775854456934 -3.3234831867458126 39.50926459707671
1.7171484162141486 -3.5237973425589186 39.19232040380787
1.732915776274409 -3.832631173839215 38.865810349263725
1.7350319181422351 -4.085496379828219 38.563197628780635
1.7525783701791606 -4.40627336109179 38.23288188953332
1.726976211258173 -4.651151758562922 37.910910640103864
1.7131835490045544 -4.961377135593527 37.55975295820881
1.7100875243745333 -5.24441496585678 37.25845642048723
1.7166957169526231 -5.590620648294684 36.92708060646302
1.7005044433679806 -5.899263810044858 36.56656194340841
1.669559904574805 -6.191960739526078 36.260575242820856
1.6361394327918877 -6.513744113447753 35.90241596687634
1.5966967200812883 -6.855974644545025 35.55507766313598
1.5501640006535973 -7.218574297660723 35.218534195751204
1.5012188477417092 -7.405184777946568 34.91240834936139
1.4883098624715339 -7.8019935246570755 34.59976525694725
1.4066580341686397 -8.135215790324649 34.24062242817708
1.4147055991925068 -8.47211341214429 33.89224949523921
1.3572831306176159 -8.747318151772436 33.56966154203339
1.2969702460260633 -9.045076116506424 33.25943681467977
1.2362970907597488 -9.390608711688484 32.907697713178834
1.1703498766255034 -9.756907997103006 32.56497692830759
1.1407234161753717 -9.996488655790625 32.29015168872735
1.0563172904517377 -10.30975472521935 31.91751878348753
1.0380813268104894 -10.741584163817292 31.47250969403303
0.9361989801490228 -11.010605440645254 31.14035198566323
0.8951486370096536 -11.298306043683539 30.817101604208926
0.8501642963738976 -11.577034854031616 30.487937656456733
0.8013905391013616 -11.846627278276458 30.15309867955726
0.7489755645307117 -12.106926602230537 29.812825936715598
0.6930709978831838 -12.35778410593999 29.467363251380917
0.6338316946998132 -12.59905917122808 29.116956840092016
0.5729841918749867 -12.865841984576576 28.771868580177205
0.5071474452864593 -13.08237192894334 28.470069934422295
0.4400475188170226 -13.335301609983006 28.05586871627343
0.44655803311278536 -13.53259773837273 27.74547801772137
0.37480047607633205 -13.762294044676286 27.37998728207798
0.29943966017457596 -13.946335844854959 27.06186792398934
0.3024514505633363 -14.086609315080882 26.79328782663678
0.22506475273142745 -14.326888709510163 26.421012996843448
0.22758766756635326 -14.487489246133007 26.092910353118086
0.14597496618408953 -14.672760621825647 25.707198880027033
0.14748258856074095 -14.824300182470706 25.431399062560228
0.06295169922456902 -15.028523264179883 25.04071253314969
0.06338165393793675 -15.131166790756353 24.757240256953082
0.06405290074992123 -15.291414225760917 24.416112480227547
-0.024259772636078435 -15.44423823087984 24.071543414654716
-0.024392980615290657 -15.529040994535908 23.7827670346472
-0.024610888627115694 -15.667765429324628 23.43312837345263
-0.11581012379428027 -15.798363017423087 23.080523785801834
-0.11671334712684248 -15.921577203075557 22.72512378814441
-0.11742212350744946 -16.0182656979337 22.426945696542198
-0.21087216520239535 -16.108526663270684 22.127045816069167
-0.2119939409668292 -16.194219124360792 21.825524862493975
-0.2130432037603382 -16.274372318926773 21.522484095992343
-0.30790599990619383 -16.33298595462608 21.27902559103387
-0.30922768915890986 -16.40309544261127 20.97350594429178
-0.31044363110398004 -16.467595526131962 20.66675261924958
-0.3113399709896012 -16.51514220195796 20.42053092547433
-0.31236456268821405 -16.569492041934346 20.111816839595775
-0.3131073548062142 -16.608893720479745 19.86416069030706
-0.3137816340926027 -16.644661110908753 19.615953415187686
-0.3143872556216992 -16.676786525585847 19.36724836247015
-0.411294901408648 -16.709719599236426 19.055748491772814
-0.4117446254538215 -16.727990583549982 18.86855884062842
-0.4121436764884892 -16.74420287033556 18.68117954846805
-0.41259683734697433 -16.76261348241147 18.431084653875875
-0.41295973038989964 -16.777356774805877 18.18074665050672
-0.413232277619139 -16.788429578681004 17.930219344559458
-0.4135061197486711 -16.79955499060142 17.428812241590567
-0.41341812831606295 -16.795980153760553 16.927294399947186
-0.4131147152768448 -16.78365336149854 16.55134271711235
-0.41260795375876264 -16.76306510999862 16.175753078295966
-0.4118980888271897 -16.734225355556514 15.800707115314374
-0.4114670960252482 -16.716715367358105 15.613444702712266
-0.41115163099051993 -16.703898937454355 15.488714979389076
-0.41063627106628736 -16.682961357637257 15.301804977595134
-0.41026461645862045 -16.66786210826507 15.177331129678404
-0.409870519914097 -16.651851108052178 15.052971341828632
-0.40945400260920817 -16.63492921733803 14.928732296428494
-0.40923734311873994 -16.62612697028406 14.866660138627376
-0.40878723701431585 -16.60784046401065 14.742614722078638
-0.40855379644691125 -16.59835645044506 14.680643129709154
-0.4080701559614262 -16.578707539477247 14.55680633928076
-0.4075641914568225 -16.558151668324605 14.43311695236734
-0.4073028461466682 -16.547533965950233 14.371329612535133
-0.40703593012073414 -16.536689941541894 14.309581615328044
-0.40676344696466704 -16.525619740774022 14.247873790244753
-0.4064854003389 -16.5143235123594 14.186206966244331
-0.4064854003389 -16.5143235123594 14.186206966244331
-0.4062017939786041 -16.502801408047205 14.124581971735035
-0.40591263169363717 -16.491053582620914 14.062999634563184
-0.40591263169363717 -16.491053582620914 14.062999634563184
-0.4056179173684938 -16.479080193896284 14.001460782002091
-0.4056179173684938 -16.479080193896284 14.001460782002091
-0.4056179173684938 -16.479080193896284 14.001460782002091
-0.4056179173684938 -16.479080193896284 14.001460782002091
-0.4056179173684938 -16.479080193896284 14.001460782002091
-0.4056179173684938 -16.479080193896284 14.001460782002091
-0.4056179173684938 -16.479080193896284 14.001460782002091
-0.4056179173684938 -16.479080193896284 14.001460782002091
-0.4056179173684938 -16.479080193896284 14.001460782002091
-0.4056179173684938 -16.479080193896284 14.001460782002091
-0.4056179173684938 -16.479080193896284 14.001460782002091
-0.4056179173684938 -16.479080193896284 14.001460782002091
-0.4056179173684938 -16.479080193896284 14.001460782002091
-0.40591263169363717 -16.491053582620914 14.062999634563184
-0.40591263169363717 -16.491053582620914 14.062999634563184
-0.40591263169363717 -16.491053582620914 14.062999634563184
-0.40591263169363717 -16.491053582620914 14.062999634563184
-0.40591263169363717 -16.491053582620914 14.062999634563184
-0.40591263169363717 -16.491053582620914 14.062999634563184
-0.40591263169363717 -16.491053582620914 14.062999634563184
-0.40591263169363717 -16.491053582620914 14.062999634563184
-0.40591263169363717 -16.491053582620914 14.062999634563184
-0.40591263169363717 -16.491053582620914 14.062999634563184
-0.40591263169363717 -16.491053582620914 14.062999634563184
-0.40591263169363717 -16.491053582620914 14.062999634563184
-0.40591263169363717 -16.491053582620914 14.062999634563184
-0.40591263169363717 -16.491053582620914 14.062999634563184
-0.40591263169363717 -16.491053582620914 14.062999634563184
-0.40591263169363717 -16.491053582620914 14.062999634563184
-0.4062017939786041 -16.502801408047205 14.124581971735035
-0.4064854003389 -16.5143235123594 14.186206966244331
-0.40676344696466704 -16.525619740774022 14.247873790244753
-0.40703593012073414 -16.536689941541894 14.309581615328044
-0.40703593012073414 -16.536689941541894 14.309581615328044
-0.4075641914568225 -16.558151668324605 14.43311695236734
-0.4075641914568225 -16.558151668324605 14.43311695236734
-0.40882769196846974 -16.60948403152874 14.536916769310313
-0.40882769196846974 -16.60948403152874 14.536916769310313
-0.40931489967461876 -16.629277868331616 14.660979763894296
-0.4103112117554592 -16.669755140107068 14.703401489512371
-0.41054258798968724 -16.6791552857997 14.765634697558658
-0.4107683499866968 -16.688327341308465 14.82790195128807
-0.4119693965302364 -16.73712238082742 14.933213167176614
-0.41294641270824184 -16.776815716004865 14.976369737411513
-0.4133542435970898 -16.793384702815104 15.101647890991758
-0.4143195243199964 -16.83260126047015 15.145238426792265
-0.41546841744276747 -16.879277457683497 15.251942630276028
-0.41582647421865643 -16.89382426656739 15.377964684557446
-0.416938437095838 -16.939000094954338 15.485457469465732
-0.417875883720674 -16.97708583388913 15.530040007035705
-0.4181837141081182 -16.989592090204734 15.656771773216152
-0.4192503181850874 -17.032925122023304 15.765307455358371
-0.4195156753704618 -17.04370581525841 15.892442344246335
-0.42054463442465595 -17.0855094389255 16.00171886294837
-0.42076731421929764 -17.094556273486624 16.129232976610577
-0.4218511195948132 -17.13858814420271 16.303156492911516
-0.42289093156267327 -17.180832690292057 16.477790469607076
-0.4230276770872003 -17.186388264561206 16.60599075389683
-0.42314129486109653 -17.191004225364008 16.734228330268376
-0.42403546747611703 -17.22733186672094 16.84586524656958
-0.42491097412418644 -17.262901163948804 16.957885359135172
-0.4249610684460343 -17.26493635103409 17.086674514804777
-0.4249926501039473 -17.266219422247467 17.279877578426415
-0.42578729795444037 -17.298503660920005 17.45741670823295
-0.4257472659581821 -17.296877276955158 17.586453499567316
-0.4265034903712893 -17.327600482747016 17.700173809618402
-0.4263689911000386 -17.32213616723714 17.89402900968809
-0.4261820507114778 -17.31454132114514 18.087812390797605
-0.42685722008971605 -17.34197149582932 18.202508185142683
-0.4275129800137508 -17.36861312065255 18.31752559598454
-0.4270991814022587 -17.35180168257028 18.57651948572549
-0.4268572564290076 -17.3419729721894 18.705917019711674
-0.4274309792093989 -17.365281665672345 18.821791165403198
-0.4269929603232094 -17.347486228037866 19.015993006284987
-0.42650242488093465 -17.32755719496251 19.20998738114851
-0.4268077541348702 -17.33996183747384 19.391308368852012
-0.4264188697619323 -17.32416259268364 19.520597195687085
-0.42579184387411634 -17.298688348458917 19.71430453759317
-0.42596834368173564 -17.305859024011998 19.8961660275522
-0.42523973154201306 -17.276257624846423 20.08964935090301
-0.4247249263129445 -17.25534258068591 20.218452301792567
-0.4247721006842048 -17.257259138643057 20.400702682129776
-0.4236071122962301 -17.20992903746079 20.65783972826204
-0.4226725653030992 -17.171961102156843 20.850221904377523
-0.42289086749809285 -17.180830087533874 20.96861450075993
-0.4218722809247691 -17.13944786769722 21.160657840191114
-0.4208017968928518 -17.095957204556164 21.352234420546303
-0.4205563408009058 -17.085985035058577 21.534736876943555
-0.41978100429781634 -17.054485360452095 21.662105821584092
-0.4185749754754822 -17.005487905388147 21.852717613363826
-0.41731744784351776 -16.954398202971582 22.042778975047327
-0.41600857343881903 -16.90122243002077 22.232266927943073
-0.41510754240818176 -16.864616151118227 22.358262353232412
-0.4132374234791647 -16.78863864005725 22.609431042004744
-0.41315724998111075 -16.785381423235005 22.728374372460333
-0.4116631331331654 -16.72467978678837 22.915961918638295
-0.41100982087892385 -16.69813760369363 23.09731700659366
-0.4094160131347856 -16.633385815114615 23.283922682808747
-0.4077718139127143 -16.56658676685995 23.46980489417977
-0.4066477837484349 -16.520920679578378 23.59331334184394
-0.4049200434743153 -16.450727600544408 23.777939881951994
-0.4040394199820041 -16.414950420767504 23.9579616067047
-0.40282743901833634 -16.365711147455 24.080345059813137
-0.40033741648372456 -16.264548749850167 24.32401239869976
-0.39905950871232987 -16.212631061445677 24.445283191190814
-0.39775976110238853 -16.159826083709472 24.566170037089677
-0.3957693430873412 -16.078961169501202 24.746766202315236
-0.3937301834963636 -15.996116026352988 24.926462042814883
-0.3925437417180426 -15.94791433610917 25.103825651084307
-0.3904081715086098 -15.861152309004314 25.28205856450391
-0.3882245078965881 -15.772436386363482 25.45932643558244
-0.3859930148900432 -15.681777294069084 25.635607832379776
-0.38447891399282424 -15.620263763629417 25.752570192547463
-0.3830701504811517 -15.563029785816758 25.927495999926606
-0.38071230162122366 -15.46723722147463 26.10144589871791
-0.3791143172406922 -15.402315748266018 26.216822620039174
-0.37757976160370027 -15.339971201042744 26.390263322182612
-0.3759297660545512 -15.272936664821067 26.50469910094898
-0.3734161814052657 -15.170817006797945 26.675423465117
-0.3717148620691566 -15.101697333887394 26.788611252986918
-0.36999317223918765 -15.031750066860486 26.901289177236656
-0.3682719815494266 -14.96182307845333 27.072088134110935
-0.3664992521870589 -14.889802223176387 27.18373280893581
-0.363802519012325 -14.780241771467821 27.350202150754562
-0.3619797450234828 -14.706187748084552 27.460507901722963
-0.3601371236502104 -14.63132738300468 27.570267685193727
-0.3582747539044267 -14.555664698795455 27.679475603304777
-0.35544439028600056 -14.440675229522189 27.84223990440304
-0.3535330897367254 -14.363024628605737 27.950042551348705
-0.3516023956778947 -14.284586125613163 28.0572729260086
-0.34965241185394885 -14.205363935380351 28.163925266436593
-0.34857471079752067 -14.161580065453835 28.275547322110025
-0.3465854371590636 -14.080761643949153 28.381291851590365
-0.3445771433381059 -13.999170487564404 28.48644093591764
-0.3425499372488545 -13.916810980541003 28.590988924982327
-0.3394739061737113 -13.791840754632194 28.746671574908596
-0.33828575977150316 -13.74356981046113 28.856569624579155
-0.3372411751003071 -13.70113136327016 28.907979514750348
-0.33513813124947484 -13.615690787829156 29.01033079524737
-0.33496364763274405 -13.608602024267423 29.06854354264168
-0.3328317032981534 -13.521987305946869 29.170212034401857
-0.33068147782794177 -13.434629878078647 29.271242688957106
-0.3285130867629101 -13.346534434750579 29.37163007749871
-0.32632664661997396 -13.25770570970719 29.471368805783424
-0.325226694821195 -13.213017856618512 29.520993246151278
-0.32301340165045045 -13.123098170895737 29.619748946169263
-0.32190009001100955 -13.077867546207928 29.668878879173512
-0.3196602114027788 -12.986867771224874 29.766639611218853
-0.3185336745236519 -12.941099843385413 29.815269096980074
-0.3162674812824748 -12.849030981145543 29.912023041639877
-0.3151278553635879 -12.802731283562611 29.960146200783402
-0.3128356214754811 -12.709604465323558 30.05588166036685
-0.31255151121556957 -12.698061889030663 30.113376818305976
-0.31139375057938484 -12.651025430452107 30.160945128018344
-0.3090653979871805 -12.556431213965007 30.255562803864024
-0.30876057748330543 -12.544047240493889 30.31288251476776
-0.3075848493078346 -12.49628081287771 30.359884821558946
-0.3052207153796588 -12.40023290443158 30.45336248176495
-0.3040323413858146 -12.351952713872077 30.49983657943703
-0.30283978397220346 -12.303502563094172 30.546133355610568
-0.301643059159181 -12.254883102958475 30.592252188352536
-0.30130215604693494 -12.241033197704047 30.649235246203727
-0.2988859994458561 -12.142871758859082 30.740833519701322
-0.2988859994458561 -12.142871758859082 30.740833519701322
-0.2964533857568483 -12.044041716236702 30.831709559791527
-0.2973103190702174 -12.078856432715314 30.843135954639294
-0.29608684535318863 -12.029150242148479 30.888429173860864
-0.2948592949531136 -11.979278427766797 30.933539851381262
-0.2948592949531136 -11.979278427766797 30.933539851381262
-0.29362768436042946 -11.92924165952893 30.9784673812011
-0.2923920301201164 -11.87904060960946 31.02321115978134
-0.2923920301201164 -11.87904060960946 31.02321115978134
-0.29115234883147567 -11.828675952389883 31.06777058605134
-0.28990865714790615 -11.778148364449518 31.11214506141701
-0.28990865714790615 -11.778148364449518 31.11214506141701
-0.2886609717766806 -11.727458524556429 31.156333989768832
-0.28740930947872173 -11.67660711365832 31.20033677748983
-0.28740930947872173 -11.67660711365832 31.20033677748983
-0.28740930947872173 -11.67660711365832 31.20033677748983
-0.28740930947872173 -11.67660711365832 31.20033677748983
-0.2861536870683768 -11.625594814873379 31.244152833463566
-0.2861536870683768 -11.625594814873379 31.244152833463566
-0.2861536870683768 -11.625594814873379 31.244152833463566
-0.2861536870683768 -11.625594814873379 31.244152833463566
-0.2861536870683768 -11.625594814873379 31.244152833463566
-0.2861536870683768 -11.625594814873379 31.244152833463566
-0.2861536870683768 -11.625594814873379 31.244152833463566
-0.2861536870683768 -11.625594814873379 31.244152833463566
-0.2861536870683768 -11.625594814873379 31.244152833463566
-0.2861536870683768 -11.625594814873379 31.244152833463566
-0.2861536870683768 -11.625594814873379 31.244152833463566
-0.2861536870683768 -11.625594814873379 31.244152833463566
-0.2861536870683768 -11.625594814873379 31.244152833463566
-0.2861536870683768 -11.625594814873379 31.244152833463566
-0.2861536870683768 -11.625594814873379 31.244152833463566
-0.2861536870683768 -11.625594814873379 31.244152833463566
-0.2861536870683768 -11.625594814873379 31.244152833463566
-0.2861536870683768 -11.625594814873379 31.244152833463566
-0.2861536870683768 -11.625594814873379 31.244152833463566
-0.2861536870683768 -11.625594814873379 31.244152833463566
-0.2861536870683768 -11.625594814873379 31.244152833463566
-0.2861536870683768 -11.625594814873379 31.244152833463566
-0.2861536870683768 -11.625594814873379 31.244152833463566
-0.2861536870683768 -11.625594814873379 31.244152833463566
-0.2861536870683768 -11.625594814873379 31.244152833463566
-0.2861536870683768 -11.625594814873379 31.244152833463566
-0.2861536870683768 -11.625594814873379 31.244152833463566
-0.2861536870683768 -11.625594814873379 31.244152833463566
-0.2861536870683768 -11.625594814873379 31.244152833463566
-0.2861536870683768 -11.625594814873379 31.244152833463566
-0.2861536870683768 -11.625594814873379 31.244152833463566
-0.2861536870683768 -11.625594814873379 31.244152833463566
-0.2861536870683768 -11.625594814873379 31.244152833463566
-0.2861536870683768 -11.625594814873379 31.244152833463566
-0.28700200901423273 -11.660059676452217 31.256595300406836
-0.28700200901423273 -11.660059676452217 31.256595300406836
-0.28700200901423273 -11.660059676452217 31.256595300406836
-0.28785144742219176 -11.694569896649949 31.26891132548404
-0.28785144742219176 -11.694569896649949 31.26891132548404
-0.28785144742219176 -11.694569896649949 31.26891132548404
-0.2887019908812267 -11.72912501186962 31.28110074324646
-0.2887019908812267 -11.72912501186962 31.28110074324646
-0.2895536279654657 -11.763724557911171 31.293163389946162
-0.2895536279654657 -11.763724557911171 31.293163389946162
-0.2895536279654657 -11.763724557911171 31.293163389946162
-0.2895536279654657 -11.763724557911171 31.293163389946162
-0.290406347234346 -11.798368069977709 31.305099103538222
-0.290406347234346 -11.798368069977709 31.305099103538222
-0.290406347234346 -11.798368069977709 31.305099103538222
-0.29126013723276617 -11.833055082681664 31.316907723682874
-0.29126013723276617 -11.833055082681664 31.316907723682874
-0.29126013723276617 -11.833055082681664 31.316907723682874
-0.29126013723276617 -11.833055082681664 31.316907723682874
-0.29126013723276617 -11.833055082681664 31.316907723682874
-0.2921149864912423 -11.867785130051153 31.328589091747695
-0.2921149864912423 -11.867785130051153 31.328589091747695
-0.2921149864912423 -11.867785130051153 31.328589091747695
-0.29297088352605954 -11.902557745536129 31.340143050809694
-0.29297088352605954 -11.902557745536129 31.340143050809694
-0.29297088352605954 -11.902557745536129 31.340143050809694
-0.29297088352605954 -11.902557745536129 31.340143050809694
-0.29297088352605954 -11.902557745536129 31.340143050809694
-0.29297088352605954 -11.902557745536129 31.340143050809694
-0.29297088352605954 -11.902557745536129 31.340143050809694
-0.29297088352605954 -11.902557745536129 31.340143050809694
-0.29297088352605954 -11.902557745536129 31.340143050809694
-0.29297088352605954 -11.902557745536129 31.340143050809694
-0.29297088352605954 -11.902557745536129 31.340143050809694
-0.29297088352605954 -11.902557745536129 31.340143050809694
-0.29297088352605954 -11.902557745536129 31.340143050809694
-0.29297088352605954 -11.902557745536129 31.340143050809694
-0.29297088352605954 -11.902557745536129 31.340143050809694
-0.29297088352605954 -11.902557745536129 31.340143050809694
-0.29297088352605954 -11.902557745536129 31.340143050809694
-0.29382781683942855 -11.937372462014741 31.35156944565748
-0.29382781683942855 -11.937372462014741 31.35156944565748
-0.29382781683942855 -11.937372462014741 31.35156944565748
-0.29382781683942855 -11.937372462014741 31.35156944565748
-0.29382781683942855 -11.937372462014741 31.35156944565748
-0.29382781683942855 -11.937372462014741 31.35156944565748
-0.29468577491963865 -11.972228811799557 31.362868122793238
-0.29468577491963865 -11.972228811799557 31.362868122793238
-0.29468577491963865 -11.972228811799557 31.362868122793238
-0.2959520467057019 -12.023673763849951 31.317780407517947
-0.2959520467057019 -12.023673763849951 31.317780407517947
-0.2959520467057019 -12.023673763849951 31.317780407517947
-0.2959520467057019 -12.023673763849951 31.317780407517947
-0.2959520467057019 -12.023673763849951 31.317780407517947
-0.2959520467057019 -12.023673763849951 31.317780407517947
-0.2959520467057019 -12.023673763849951 31.317780407517947
-0.2959520467057019 -12.023673763849951 31.317780407517947
-0.2959520467057019 -12.023673763849951 31.317780407517947
-0.2959520467057019 -12.023673763849951 31.317780407517947
-0.2972142436195516 -12.074953165654389 31.272504382803092
-0.2972142436195516 -12.074953165654389 31.272504382803092
-0.29847234870532263 -12.126066328345214 31.22704065686929
-0.2997263450621182 -12.177012565287983 31.18138984045863
-0.3009762158442359 -12.227791192090638 31.135552546826556
-0.3009762158442359 -12.227791192090638 31.135552546826556
-0.30222194426139565 -12.278401526612775 31.08952939173351
-0.3034635135789634 -12.328842888974716 31.04332099343676
-0.3047009071181774 -12.37911460156672 30.996927972682062
-0.3059341082563715 -12.429215989058049 30.950350952695292
-0.3071631004271982 -12.479146378406025 30.90359055917415
-0.3083878671208529 -12.528905098865144 30.856647420279643
-0.31082465832146083 -12.627904861674237 30.762215431280936
-0.31082465832146083 -12.627904861674237 30.762215431280936
-0.31324435091899394 -12.726209957805136 30.66706005993337
-0.31444774457414465 -12.775100353665136 30.619212702213073
-0.31564681489303115 -12.823815104905034 30.57118641934156
-0.316841545767807 -12.87235355710972 30.52298185648533
-0.3189079370438117 -12.956305044682479 30.48331440606964
-0.3200947210208347 -13.00452063746761 30.434624686449062
-0.3212771058022963 -13.052557503689295 30.385758521361257
-0.32362861430304735 -13.148092477617237 30.2874994829421
-0.3247977064330811 -13.195589301943604 30.238107929584658
-0.32596233618946696 -13.24290483296401 30.188542570690075
-0.3271224879270191 -13.2900384350599 30.13880407210022
-0.3282781460607079 -13.336989475056697 30.088893101982855
-0.3305759194784123 -13.430341348325536 29.988556431412118
-0.33171800389502837 -13.476740927544611 29.93813207884278
-0.3328555329733974 -13.52295543657554 29.887537950495844
-0.3339884914323937 -13.568984254590477 29.83677472603327
-0.3351168640522917 -13.614826763256096 29.785843087388564
-0.3373597912041148 -13.705950391728312 29.68347730658976
-0.3373597912041148 -13.705950391728312 29.68347730658976
-0.3406894111985922 -13.841223200336385 29.528682706959735
-0.34178995263371315 -13.885935008640423 29.476755029876198
-0.34397694885998814 -13.97478632573792 29.372409642032522
-0.34506337427188083 -14.018924640937152 29.319993333007957
-0.34614506506898324 -14.062870602461961 29.267415552042618
-0.34722200672027903 -14.106623619959285 29.214677005446053
-0.34829418475855134 -14.150183105668027 29.161778401687496
-0.35042419244731055 -14.236719143682324 29.05550386730257
-0.35148199348409814 -14.279694533496212 29.002129364327164
-0.35253497368084746 -14.322474066553806 28.94859765947258
-0.3535831188922303 -14.365057168171415 28.894909471863
-0.35462641503786907 -14.407443266304117 28.8410655227248
-0.3566984041362957 -14.49162217717514 28.73291323522035
-0.3577270692547836 -14.533413859086533 28.678606349730096
-0.3587508296393013 -14.57500627587436 28.62414660844369
-0.360783581261295 -14.657591081817918 28.514771486890346
-0.36179254519157233 -14.69858236156132 28.45985757592649
-0.36279654977384795 -14.739372157371374 28.40479374775289
-0.3637955815207133 -14.779959921293758 28.349580742075702
-0.364789627011562 -14.820345108088144 28.294219300605075
-0.36676270587788234 -14.900505582945659 28.18305408708437
-0.3677417127477756 -14.940279794163974 28.127251808384745
-0.36871568035085184 -14.979849274579133 28.0713040805726
-0.3696845956032071 -15.019213492630048 28.01521165522805
-0.3706484454888087 -15.058371919513041 27.958975285875052
-0.3725608974360247 -15.136069298390206 27.846073738897744
-0.3725608974360247 -15.136069298390206 27.846073738897744
-0.3744529334282864 -15.212937236198519 27.732605506323154
-0.3753912636273137 -15.251058872191429 27.67566078711038
-0.37632445179841656 -15.288971602495275 27.61857668528418
-0.37725248540550627 -15.326674917805107 27.561353967690266
-0.37817535198173785 -15.364168311629156 27.503993403036514
-0.379093039129679 -15.40145128029568 27.44649576188255
-0.3800055345214758 -15.438523322959709 27.388861816629458
-0.3809128258990175 -15.475383941609742 27.33109234150935
-0.3818149010741033 -15.51203264107451 27.273188112575014
-0.38271174792860385 -15.54846892902954 27.215149907689458
-0.38360335441462573 -15.584692316003848 27.15697850651549
-0.3844897085546721 -15.620702315386461 27.09867469050518
-0.3853707984418045 -15.656498443432982 27.040239242889477
-0.3871171381833209 -15.7274471649119 26.922976594596367
-0.3871171381833209 -15.7274471649119 26.922976594596367
-0.38798236457805235 -15.762598805246622 26.86415096918002
-0.38884227980088 -15.797534668062697 26.80519686265922
-0.38969687230003475 -15.832254284045241 26.74611506700063
-0.39054613059525217 -15.866757186784387 26.686906375886206
-0.3913900432779244 -15.901042912781467 26.627571584702654
-0.39222859901125534 -15.935111001455315 26.568111490530562
-0.39222859901125534 -15.935111001455315 26.568111490530562
-0.3930617865304112 -15.968960995148391 26.508526892133858
-0.3938895946426735 -16.00259243913299 26.448818589948985
-0.39471201222758806 -16.036004881617295 26.388987386074163
-0.3955290282371152 -16.069197873751474 26.329034084258666
-0.3955290282371152 -16.069197873751474 26.329034084258666
-0.3963406316957778 -16.10217096963371 26.26895948989194
-0.39714681170080923 -16.134923726316202 26.208764409992863
-0.39794755742229887 -16.16745570381107 26.148449653198835
-0.3987428581033386 -16.19976646509632 26.08801602975497
-0.3987428581033386 -16.19976646509632 26.08801602975497
-0.3995327030601669 -16.231855576121696 26.02746435150321
-0.4003170816823117 -16.263722605814465 25.96679543187134
-0.4003170816823117 -16.263722605814465 25.96679543187134
-0.4010959834327344 -16.2953671260853 25.906010085862192
-0.4010959834327344 -16.2953671260853 25.906010085862192
-0.40186939784797 -16.32678871183395 25.845109130042577
-0.40186939784797 -16.32678871183395 25.845109130042577
-0.4026373145382685 -16.357986940954987 25.784093382532376
-0.40339972318773376 -16.388961394343458 25.72296366299355
-0.40339972318773376 -16.388961394343458 25.72296366299355
-0.40339972318773376 -16.388961394343458 25.72296366299355
-0.4041566135544635 -16.419711655900553 25.66172079261909
-0.4049079754706851 -16.450237312539155 25.600365594122028
-0.4049079754706851 -16.450237312539155 25.600365594122028
-0.4049079754706851 -16.450237312539155 25.600365594122028
-0.40565379884289304 -16.48053795418939 25.538898891724383
-0.40565379884289304 -16.48053795418939 25.538898891724383
-0.4063940736519848 -16.510613173804163 25.47732151114603
-0.4063940736519848 -16.510613173804163 25.47732151114603
-0.4063940736519848 -16.510613173804163 25.47732151114603
-0.4063940736519848 -16.510613173804163 25.47732151114603
-0.4063940736519848 -16.510613173804163 25.47732151114603
-0.40712878995339497 -16.54046256736461 25.4156342795937
-0.40712878995339497 -16.54046256736461 25.4156342795937
-0.40785793787722885 -16.57008573388552 25.353838025749802
-0.40785793787722885 -16.57008573388552 25.353838025749802
-0.40785793787722885 -16.57008573388552 25.353838025749802
-0.40785793787722885 -16.57008573388552 25.353838025749802
-0.40785793787722885 -16.57008573388552 25.353838025749802
-0.40785793787722885 -16.57008573388552 25.353838025749802
-0.40785793787722885 -16.57008573388552 25.353838025749802
-0.40785793787722885 -16.57008573388552 25.353838025749802
-0.40785793787722885 -16.57008573388552 25.353838025749802
-0.40785793787722885 -16.57008573388552 25.353838025749802
-0.40785793787722885 -16.57008573388552 25.353838025749802
-0.40785793787722885 -16.57008573388552 25.353838025749802
-0.40785793787722885 -16.57008573388552 25.353838025749802
-0.40785793787722885 -16.57008573388552 25.353838025749802
-0.40785793787722885 -16.57008573388552 25.353838025749802
-0.40785793787722885 -16.57008573388552 25.353838025749802
-0.40785793787722885 -16.57008573388552 25.353838025749802
-0.40785793787722885 -16.57008573388552 25.353838025749802
-0.40785793787722885 -16.57008573388552 25.353838025749802
-0.40785793787722885 -16.57008573388552 25.353838025749802
-0.40785793787722885 -16.57008573388552 25.353838025749802
-0.40785793787722885 -16.57008573388552 25.353838025749802
-0.40785793787722885 -16.57008573388552 25.353838025749802
-0.40785793787722885 -16.57008573388552 25.353838025749802
-0.40785793787722885 -16.57008573388552 25.353838025749802
-0.40785793787722885 -16.57008573388552 25.353838025749802
-0.40785793787722885 -16.57008573388552 25.353838025749802
-0.40785793787722885 -16.57008573388552 25.353838025749802
-0.40785793787722885 -16.57008573388552 25.353838025749802
-0.40785793787722885 -16.57008573388552 25.353838025749802
-0.40785793787722885 -16.57008573388552 25.353838025749802
-0.40785793787722885 -16.57008573388552 25.353838025749802
-0.40785793787722885 -16.57008573388552 25.353838025749802
-0.40785793787722885 -16.57008573388552 25.353838025749802
-0.40785793787722885 -16.57008573388552 25.353838025749802
-0.40785793787722885 -16.57008573388552 25.353838025749802
-0.40785793787722885 -16.57008573388552 25.353838025749802
-0.40785793787722885 -16.57008573388552 25.353838025749802
-0.40785793787722885 -16.57008573388552 25.353838025749802
-0.40785793787722885 -16.57008573388552 25.353838025749802
-0.40785793787722885 -16.57008573388552 25.353838025749802
-0.40785793787722885 -16.57008573388552 25.353838025749802
-0.40785793787722885 -16.57008573388552 25.353838025749802
-0.40785793787722885 -16.57008573388552 25.353838025749802
-0.40785793787722885 -16.57008573388552 25.353838025749802
-0.40785793787722885 -16.57008573388552 25.353838025749802
-0.40785793787722885 -16.57008573388552 25.353838025749802
-0.4087552412072556 -16.606540567117968 25.350150031967893
-0.4087552412072556 -16.606540567117968 25.350150031967893
-0.4087552412072556 -16.606540567117968 25.350150031967893
-0.4087552412072556 -16.606540567117968 25.350150031967893
-0.4087552412072556 -16.606540567117968 25.350150031967893
-0.4096522058978096 -16.64298164241027 25.346328408845277
-0.4096522058978096 -16.64298164241027 25.346328408845277
-0.4096522058978096 -16.64298164241027 25.346328408845277
-0.41054881989941444 -16.679408470227134 25.34237320772016
-0.41054881989941444 -16.679408470227134 25.34237320772016
-0.41054881989941444 -16.679408470227134 25.34237320772016
-0.41144507116730394 -16.715820561224618 25.338284481725182
-0.41144507116730394 -16.715820561224618 25.338284481725182
-0.41144507116730394 -16.715820561224618 25.338284481725182
-0.4123409476615859 -16.75221742625681 25.33406228578671
-0.4123409476615859 -16.75221742625681 25.33406228578671
-0.4116135531589436 -16.722665496156168 25.39652642067096
-0.4116135531589436 -16.722665496156168 25.39652642067096
-0.4125094296532255 -16.759062361188356 25.392304224732488
-0.4125094296532255 -16.759062361188356 25.392304224732488
-0.4125094296532255 -16.759062361188356 25.392304224732488
-0.4134049193390413 -16.795443511313827 25.387948615569876
-0.4134049193390413 -16.795443511313827 25.387948615569876
-0.4134049193390413 -16.795443511313827 25.387948615569876
-0.4134049193390413 -16.795443511313827 25.387948615569876
-0.4134049193390413 -16.795443511313827 25.387948615569876
-0.4134049193390413 -16.795443511313827 25.387948615569876
-0.4134049193390413 -16.795443511313827 25.387948615569876
-0.4134049193390413 -16.795443511313827 25.387948615569876
-0.41430001018672885 -16.83180845780229 25.383459651694682
-0.41430001018672885 -16.83180845780229 25.383459651694682
-0.4134049193390413 -16.795443511313827 25.387948615569876
-0.4134049193390413 -16.795443511313827 25.387948615569876
-0.4134049193390413 -16.795443511313827 25.387948615569876
-0.4134049193390413 -16.795443511313827 25.387948615569876
-0.4134049193390413 -16.795443511313827 25.387948615569876
-0.4134049193390413 -16.795443511313827 25.387948615569876
-0.4134049193390413 -16.795443511313827 25.387948615569876
-0.4134049193390413 -16.795443511313827 25.387948615569876
-0.4134049193390413 -16.795443511313827 25.387948615569876
-0.4134049193390413 -16.795443511313827 25.387948615569876
-0.4134049193390413 -16.795443511313827 25.387948615569876
-0.4134049193390413 -16.795443511313827 25.387948615569876
-0.4134049193390413 -16.795443511313827 25.387948615569876
-0.4134049193390413 -16.795443511313827 25.387948615569876
-0.4134049193390413 -16.795443511313827 25.387948615569876
-0.4134049193390413 -16.795443511313827 25.387948615569876
-0.4134049193390413 -16.795443511313827 25.387948615569876
-0.4134049193390413 -16.795443511313827 25.387948615569876
-0.4134049193390413 -16.795443511313827 25.387948615569876
-0.4134049193390413 -16.795443511313827 25.387948615569876
-0.4134049193390413 -16.795443511313827 25.387948615569876
-0.4134049193390413 -16.795443511313827 25.387948615569876
-0.4134049193390413 -16.795443511313827 25.387948615569876
-0.4134049193390413 -16.795443511313827 25.387948615569876
-0.4134049193390413 -16.795443511313827 25.387948615569876
-0.4134049193390413 -16.795443511313827 25.387948615569876
-0.4134049193390413 -16.795443511313827 25.387948615569876
-0.4134049193390413 -16.795443511313827 25.387948615569876
-0.4134049193390413 -16.795443511313827 25.387948615569876
-0.4134049193390413 -16.795443511313827 25.387948615569876
-0.4134049193390413 -16.795443511313827 25.387948615569876
-0.4134049193390413 -16.795443511313827 25.387948615569876
-0.4134049193390413 -16.795443511313827 25.387948615569876
-0.4134049193390413 -16.795443511313827 25.387948615569876
-0.4134049193390413 -16.795443511313827 25.387948615569876
-0.4134049193390413 -16.795443511313827 25.387948615569876
-0.4134049193390413 -16.795443511313827 25.387948615569876
-0.4134049193390413 -16.795443511313827 25.387948615569876
-0.4134049193390413 -16.795443511313827 25.387948615569876
-0.4134049193390413 -16.795443511313827 25.387948615569876
-0.4134049193390413 -16.795443511313827 25.387948615569876
-0.4134049193390413 -16.795443511313827 25.387948615569876
-0.4134049193390413 -16.795443511313827 25.387948615569876
-0.4134049193390413 -16.795443511313827 25.387948615569876
-0.4134049193390413 -16.795443511313827 25.387948615569876
-0.4134049193390413 -16.795443511313827 25.387948615569876
-0.4134049193390413 -16.795443511313827 25.387948615569876
-0.4134049193390413 -16.795443511313827 25.387948615569876
-0.4134049193390413 -16.795443511313827 25.387948615569876
-0.4134049193390413 -16.795443511313827 25.387948615569876
-0.4134049193390413 -16.795443511313827 25.387948615569876
-0.4134049193390413 -16.795443511313827 25.387948615569876
-0.4134049193390413 -16.795443511313827 25.387948615569876
-0.4134049193390413 -16.795443511313827 25.387948615569876
-0.4134049193390413 -16.795443511313827 25.387948615569876
-0.4134049193390413 -16.795443511313827 25.387948615569876
-0.4134049193390413 -16.795443511313827 25.387948615569876
-0.4134049193390413 -16.795443511313827 25.387948615569876
-0.4134049193390413 -16.795443511313827 25.387948615569876
-0.4134049193390413 -16.795443511313827 25.387948615569876
-0.4134049193390413 -16.795443511313827 25.387948615569876
-0.4134049193390413 -16.795443511313827 25.387948615569876
-0.4134049193390413 -16.795443511313827 25.387948615569876
-0.4134049193390413 -16.795443511313827 25.387948615569876
-0.4134049193390413 -16.795443511313827 25.387948615569876
-0.4134049193390413 -16.795443511313827 25.387948615569876
-0.4134049193390413 -16.795443511313827 25.387948615569876
-0.4134049193390413 -16.795443511313827 25.387948615569876
-0.4134049193390413 -16.795443511313827 25.387948615569876
-0.4134049193390413 -16.795443511313827 25.387948615569876
-0.4134049193390413 -16.795443511313827 25.387948615569876
-0.4134049193390413 -16.795443511313827 25.387948615569876
-0.4134049193390413 -16.795443511313827 25.387948615569876
-0.4134049193390413 -16.795443511313827 25.387948615569876
-0.4134049193390413 -16.795443511313827 25.387948615569876
-0.4134049193390413 -16.795443511313827 25.387948615569876
-0.4134049193390413 -16.795443511313827 25.387948615569876
-0.4134049193390413 -16.795443511313827 25.387948615569876
-0.4134049193390413 -16.795443511313827 25.387948615569876
-0.4134049193390413 -16.795443511313827 25.387948615569876
-0.4134049193390413 -16.795443511313827 25.387948615569876
-0.4134049193390413 -16.795443511313827 25.387948615569876
-0.4134049193390413 -16.795443511313827 25.387948615569876
-0.4134049193390413 -16.795443511313827 25.387948615569876
-0.4134049193390413 -16.795443511313827 25.387948615569876
-0.4134049193390413 -16.795443511313827 25.387948615569876
-0.4134049193390413 -16.795443511313827 25.387948615569876
-0.4134049193390413 -16.795443511313827 25.387948615569876
-0.4134049193390413 -16.795443511313827 25.387948615569876
-0.4134049193390413 -16.795443511313827 25.387948615569876
-0.4134049193390413 -16.795443511313827 25.387948615569876
-0.4134049193390413 -16.795443511313827 25.387948615569876
-0.4134049193390413 -16.795443511313827 25.387948615569876
-0.4134049193390413 -16.795443511313827 25.387948615569876
-0.4134049193390413 -16.795443511313827 25.387948615569876
-0.4134049193390413 -16.795443511313827 25.387948615569876
-0.4134049193390413 -16.795443511313827 25.387948615569876
-0.4134049193390413 -16.795443511313827 25.387948615569876
-0.4134049193390413 -16.795443511313827 25.387948615569876
-0.4134049193390413 -16.795443511313827 25.387948615569876
-0.4134049193390413 -16.795443511313827 25.387948615569876
-0.4134049193390413 -16.795443511313827 25.387948615569876
-0.4134049193390413 -16.795443511313827 25.387948615569876
-0.4134049193390413 -16.795443511313827 25.387948615569876
-0.4134049193390413 -16.795443511313827 25.387948615569876
-0.4134049193390413 -16.795443511313827 25.387948615569876
-0.4134049193390413 -16.795443511313827 25.387948615569876
-0.4134049193390413 -16.795443511313827 25.387948615569876
-0.4134049193390413 -16.795443511313827 25.387948615569876
-0.4134049193390413 -16.795443511313827 25.387948615569876
-0.4134049193390413 -16.795443511313827 25.387948615569876
-0.4134049193390413 -16.795443511313827 25.387948615569876
-0.4134049193390413 -16.795443511313827 25.387948615569876
-0.4134049193390413 -16.795443511313827 25.387948615569876
-0.4134049193390413 -16.795443511313827 25.387948615569876
-0.4134049193390413 -16.795443511313827 25.387948615569876
-0.4134049193390413 -16.795443511313827 25.387948615569876
-0.4134049193390413 -16.795443511313827 25.387948615569876
-0.4134049193390413 -16.795443511313827 25.387948615569876
-0.4134049193390413 -16.795443511313827 25.387948615569876
-0.4134049193390413 -16.795443511313827 25.387948615569876
-0.4134049193390413 -16.795443511313827 25.387948615569876
-0.4134049193390413 -16.795443511313827 25.387948615569876
-0.4134049193390413 -16.795443511313827 25.387948615569876
-0.4134049193390413 -16.795443511313827 25.387948615569876
-0.4134049193390413 -16.795443511313827 25.387948615569876
-0.4134049193390413 -16.795443511313827 25.387948615569876
-0.4134049193390413 -16.795443511313827 25.387948615569876
-0.4134049193390413 -16.795443511313827 25.387948615569876
-0.4134049193390413 -16.795443511313827 25.387948615569876
-0.4134049193390413 -16.795443511313827 25.387948615569876
-0.4134049193390413 -16.795443511313827 25.387948615569876
-0.4134049193390413 -16.795443511313827 25.387948615569876
-0.4134049193390413 -16.795443511313827 25.387948615569876
-0.4134049193390413 -16.795443511313827 25.387948615569876
-0.4134049193390413 -16.795443511313827 25.387948615569876
-0.4134049193390413 -16.795443511313827 25.387948615569876
-0.4134049193390413 -16.795443511313827 25.387948615569876
-0.4134049193390413 -16.795443511313827 25.387948615569876
-0.4134049193390413 -16.795443511313827 25.387948615569876
-0.4134049193390413 -16.795443511313827 25.387948615569876
-0.4134049193390413 -16.795443511313827 25.387948615569876
-0.4134049193390413 -16.795443511313827 25.387948615569876
-0.4134049193390413 -16.795443511313827 25.387948615569876
-0.4134049193390413 -16.795443511313827 25.387948615569876
-0.4134049193390413 -16.795443511313827 25.387948615569876
-0.4134049193390413 -16.795443511313827 25.387948615569876
-0.4134049193390413 -16.795443511313827 25.387948615569876
-0.4134049193390413 -16.795443511313827 25.387948615569876
-0.4134049193390413 -16.795443511313827 25.387948615569876
-0.4134049193390413 -16.795443511313827 25.387948615569876
-0.4134049193390413 -16.795443511313827 25.387948615569876
-0.4134049193390413 -16.795443511313827 25.387948615569876
-0.4126726577943228 -16.765693847402016 25.450570868017767
-0.4126726577943228 -16.765693847402016 25.450570868017767
-0.4126726577943228 -16.765693847402016 25.450570868017767
-0.41193475339785196 -16.735714930780773 25.51308362884948
-0.411191216062351 -16.705507164175273 25.575486058292736
-0.411191216062351 -16.705507164175273 25.575486058292736
-0.4104420557762128 -16.675070953384967 25.63777731805748
-0.4096872826033674 -16.64440670727815 25.699956571346995
-0.40892690668314513 -16.613514837786433 25.76202298286924
-0.40816093823014177 -16.582395759899224 25.82397571884807
-0.40816093823014177 -16.582395759899224 25.82397571884807
-0.4073893875340816 -16.5510498916582 25.885813947034393
-0.40661226495967806 -16.519477654151622 25.94753683671736
-0.40582958094649535 -16.487679471508713 26.009143558735566
-0.40504134600880753 -16.455655770893962 26.070633285488125
-0.40504134600880753 -16.455655770893962 26.070633285488125
-0.4042475707354581 -16.423406982501376 26.132005190945826
-0.40344826578971693 -16.390933539548705 26.193258450662245
-0.40264344190913737 -16.358235878271618 26.25439224178477
-0.4018331099054122 -16.325314437917847 26.315405743065718
-0.401017280664228 -16.292169660741283 26.376298134873313
-0.40019596514511946 -16.258801991996055 26.4370685992027
-0.40019596514511946 -16.258801991996055 26.4370685992027
-0.3985369194796206 -16.191399775781196 26.558240481608156
-0.3985369194796206 -16.191399775781196 26.558240481608156
-0.39769921162020816 -16.157366133766875 26.618640271908006
-0.39685606205652746 -16.123111411082323 26.678914879199144
-0.39600748211512304 -16.088636067892217 26.73906349377582
-0.39515348319549026 -16.053940567325004 26.799085307624765
-0.3942940767699195 -16.019025375466597 26.858979514436193
-0.3934292743833449 -15.983890961354192 26.91874530961449
-0.3934292743833449 -15.983890961354192 26.91874530961449
-0.3925590876531868 -15.948537796969907 26.97838189028907
-0.3916835282691973 -15.912966357234481 27.037888455325195
-0.3908026079933024 -15.87717712000088 27.097264205334664
-0.38991633865944414 -15.841170566047857 27.156508342686653
-0.38991633865944414 -15.841170566047857 27.156508342686653
-0.38902473217342254 -15.804947179073556 27.2156200715183
-0.38812780051273343 -15.76850744568892 27.27459859774553
-0.38812780051273343 -15.76850744568892 27.27459859774553
-0.38631800993486065 -15.694980900657553 27.392152875007945
-0.38631800993486065 -15.694980900657553 27.392152875007945
-0.38540517532970314 -15.657895076737974 27.450727046864436
-0.3844870641736052 -15.620594881849136 27.509164857780338
-0.3835636888001166 -15.583080817067417 27.567465522724714
-0.3826350616135049 -15.545353386342251 27.625628258508986
-0.3826350616135049 -15.545353386342251 27.625628258508986
-0.38170119508858896 -15.507413096489364 27.683652283797446
-0.38170119508858896 -15.507413096489364 27.683652283797446
-0.3807621017705701 -15.469260457183927 27.741536819117794
-0.37981779427486473 -15.430895980953727 27.799281086871563
-0.37981779427486473 -15.430895980953727 27.799281086871563
-0.37886828528693456 -15.392320183172307 27.85688431134461
-0.37886828528693456 -15.392320183172307 27.85688431134461
-0.3779135875621159 -15.353533582052012 27.914345718717506
-0.3769537139254488 -15.314536698637038 27.971664537075906
-0.3769537139254488 -15.314536698637038 27.971664537075906
-0.37598867727150426 -15.275330056796426 28.028839996421
-0.37598867727150426 -15.275330056796426 28.028839996421
-0.3750184905642114 -15.235914183217036 28.085871328679772
-0.3750184905642114 -15.235914183217036 28.085871328679772
-0.3740431668366834 -15.196289607396482 28.14275776771537
-0.3730627191910416 -15.156456861635968 28.199498549337385
-0.3730627191910416 -15.156456861635968 28.199498549337385
-0.3730627191910416 -15.156456861635968 28.199498549337385
-0.37207716079824066 -15.116416481033205 28.25609291131208
-0.37207716079824066 -15.116416481033205 28.25609291131208
-0.3710865048978905 -15.076169003475169 28.31254009337272
-0.3710865048978905 -15.076169003475169 28.31254009337272
-0.3710865048978905 -15.076169003475169 28.31254009337272
-0.3710865048978905 -15.076169003475169 28.31254009337272
-0.3700907647980797 -15.035714969630913 28.368839337229677
-0.3700907647980797 -15.035714969630913 28.368839337229677
-0.3700907647980797 -15.035714969630913 28.368839337229677
-0.3700907647980797 -15.035714969630913 28.368839337229677
-0.3700907647980797 -15.035714969630913 28.368839337229677
-0.3700907647980797 -15.035714969630913 28.368839337229677
-0.3700907647980797 -15.035714969630913 28.368839337229677
-0.3700907647980797 -15.035714969630913 28.368839337229677
-0.3700907647980797 -15.035714969630913 28.368839337229677
-0.3700907647980797 -15.035714969630913 28.368839337229677
-0.3700907647980797 -15.035714969630913 28.368839337229677
-0.3700907647980797 -15.035714969630913 28.368839337229677
-0.3700907647980797 -15.035714969630913 28.368839337229677
-0.3700907647980797 -15.035714969630913 28.368839337229677
-0.3700907647980797 -15.035714969630913 28.368839337229677
-0.3700907647980797 -15.035714969630913 28.368839337229677
-0.3700907647980797 -15.035714969630913 28.368839337229677
-0.3700907647980797 -15.035714969630913 28.368839337229677
-0.3700907647980797 -15.035714969630913 28.368839337229677
-0.3700907647980797 -15.035714969630913 28.368839337229677
-0.3700907647980797 -15.035714969630913 28.368839337229677
-0.3700907647980797 -15.035714969630913 28.368839337229677
-0.3700907647980797 -15.035714969630913 28.368839337229677
-0.3700907647980797 -15.035714969630913 28.368839337229677
-0.3700907647980797 -15.035714969630913 28.368839337229677
-0.3700907647980797 -15.035714969630913 28.368839337229677
-0.3700907647980797 -15.035714969630913 28.368839337229677
-0.3700907647980797 -15.035714969630913 28.368839337229677
-0.3700907647980797 -15.035714969630913 28.368839337229677
-0.3700907647980797 -15.035714969630913 28.368839337229677
-0.3700907647980797 -15.035714969630913 28.368839337229677
-0.3700907647980797 -15.035714969630913 28.368839337229677
-0.3700907647980797 -15.035714969630913 28.368839337229677
-0.3700907647980797 -15.035714969630913 28.368839337229677
-0.3700907647980797 -15.035714969630913 28.368839337229677
-0.3700907647980797 -15.035714969630913 28.368839337229677
-0.3700907647980797 -15.035714969630913 28.368839337229677
-0.3700907647980797 -15.035714969630913 28.368839337229677
-0.3700907647980797 -15.035714969630913 28.368839337229677
-0.3700907647980797 -15.035714969630913 28.368839337229677
-0.3700907647980797 -15.035714969630913 28.368839337229677
-0.3700907647980797 -15.035714969630913 28.368839337229677
-0.3700907647980797 -15.035714969630913 28.368839337229677
-0.3700907647980797 -15.035714969630913 28.368839337229677
-0.3700907647980797 -15.035714969630913 28.368839337229677
-0.3700907647980797 -15.035714969630913 28.368839337229677
-0.3700907647980797 -15.035714969630913 28.368839337229677
-0.3700907647980797 -15.035714969630913 28.368839337229677
-0.3700907647980797 -15.035714969630913 28.368839337229677
-0.3700907647980797 -15.035714969630913 28.368839337229677
-0.3700907647980797 -15.035714969630913 28.368839337229677
-0.3700907647980797 -15.035714969630913 28.368839337229677
-0.3700907647980797 -15.035714969630913 28.368839337229677
-0.3700907647980797 -15.035714969630913 28.368839337229677
-0.3700907647980797 -15.035714969630913 28.368839337229677
-0.3700907647980797 -15.035714969630913 28.368839337229677
-0.3700907647980797 -15.035714969630913 28.368839337229677
-0.3700907647980797 -15.035714969630913 28.368839337229677
-0.3700907647980797 -15.035714969630913 28.368839337229677
-0.3700907647980797 -15.035714969630913 28.368839337229677
-0.3700907647980797 -15.035714969630913 28.368839337229677
-0.3700907647980797 -15.035714969630913 28.368839337229677
-0.3700907647980797 -15.035714969630913 28.368839337229677
-0.3700907647980797 -15.035714969630913 28.368839337229677
-0.3700907647980797 -15.035714969630913 28.368839337229677
-0.3700907647980797 -15.035714969630913 28.368839337229677
-0.3700907647980797 -15.035714969630913 28.368839337229677
-0.3700907647980797 -15.035714969630913 28.368839337229677
-0.3700907647980797 -15.035714969630913 28.368839337229677
-0.3700907647980797 -15.035714969630913 28.368839337229677
-0.3700907647980797 -15.035714969630913 28.368839337229677
-0.3700907647980797 -15.035714969630913 28.368839337229677
-0.3700907647980797 -15.035714969630913 28.368839337229677
-0.3700907647980797 -15.035714969630913 28.368839337229677
-0.3700907647980797 -15.035714969630913 28.368839337229677
-0.3700907647980797 -15.035714969630913 28.368839337229677
-0.3700907647980797 -15.035714969630913 28.368839337229677
-0.3700907647980797 -15.035714969630913 28.368839337229677
-0.3700907647980797 -15.035714969630913 28.368839337229677
-0.3700907647980797 -15.035714969630913 28.368839337229677
-0.3700907647980797 -15.035714969630913 28.368839337229677
-0.3700907647980797 -15.035714969630913 28.368839337229677
-0.3700907647980797 -15.035714969630913 28.368839337229677
-0.3700907647980797 -15.035714969630913 28.368839337229677
-0.3700907647980797 -15.035714969630913 28.368839337229677
-0.3700907647980797 -15.035714969630913 28.368839337229677
-0.3700907647980797 -15.035714969630913 28.368839337229677
-0.3700907647980797 -15.035714969630913 28.368839337229677
-0.3700907647980797 -15.035714969630913 28.368839337229677
-0.3700907647980797 -15.035714969630913 28.368839337229677
-0.3700907647980797 -15.035714969630913 28.368839337229677
-0.3700907647980797 -15.035714969630913 28.368839337229677
-0.3700907647980797 -15.035714969630913 28.368839337229677
-0.3700907647980797 -15.035714969630913 28.368839337229677
-0.3700907647980797 -15.035714969630913 28.368839337229677
-0.3700907647980797 -15.035714969630913 28.368839337229677
-0.3700907647980797 -15.035714969630913 28.368839337229677
-0.3700907647980797 -15.035714969630913 28.368839337229677
-0.3700907647980797 -15.035714969630913 28.368839337229677
-0.3700907647980797 -15.035714969630913 28.368839337229677
-0.3700907647980797 -15.035714969630913 28.368839337229677
-0.3700907647980797 -15.035714969630913 28.368839337229677
-0.3700907647980797 -15.035714969630913 28.368839337229677
-0.3700907647980797 -15.035714969630913 28.368839337229677
-0.3700907647980797 -15.035714969630913 28.368839337229677
-0.3700907647980797 -15.035714969630913 28.368839337229677
-0.3700907647980797 -15.035714969630913 28.368839337229677
-0.3700907647980797 -15.035714969630913 28.368839337229677
-0.3700907647980797 -15.035714969630913 28.368839337229677
-0.3700907647980797 -15.035714969630913 28.368839337229677
-0.3700907647980797 -15.035714969630913 28.368839337229677
-0.3700907647980797 -15.035714969630913 28.368839337229677
-0.3700907647980797 -15.035714969630913 28.368839337229677
-0.3700907647980797 -15.035714969630913 28.368839337229677
-0.3700907647980797 -15.035714969630913 28.368839337229677
-0.3700907647980797 -15.035714969630913 28.368839337229677
-0.3700907647980797 -15.035714969630913 28.368839337229677
-0.3700907647980797 -15.035714969630913 28.368839337229677
-0.3700907647980797 -15.035714969630913 28.368839337229677
-0.3700907647980797 -15.035714969630913 28.368839337229677
-0.3700907647980797 -15.035714969630913 28.368839337229677
-0.3700907647980797 -15.035714969630913 28.368839337229677
-0.3700907647980797 -15.035714969630913 28.368839337229677
-0.3700907647980797 -15.035714969630913 28.368839337229677
-0.3700907647980797 -15.035714969630913 28.368839337229677
-0.3700907647980797 -15.035714969630913 28.368839337229677
-0.3700907647980797 -15.035714969630913 28.368839337229677
-0.3700907647980797 -15.035714969630913 28.368839337229677
-0.3700907647980797 -15.035714969630913 28.368839337229677
-0.3700907647980797 -15.035714969630913 28.368839337229677
-0.3700907647980797 -15.035714969630913 28.368839337229677
-0.3700907647980797 -15.035714969630913 28.368839337229677
-0.3700907647980797 -15.035714969630913 28.368839337229677
-0.3700907647980797 -15.035714969630913 28.368839337229677
-0.3700907647980797 -15.035714969630913 28.368839337229677
-0.3700907647980797 -15.035714969630913 28.368839337229677
-0.3700907647980797 -15.035714969630913 28.368839337229677
-0.3700907647980797 -15.035714969630913 28.368839337229677
-0.3700907647980797 -15.035714969630913 28.368839337229677
-0.3700907647980797 -15.035714969630913 28.368839337229677
-0.3700907647980797 -15.035714969630913 28.368839337229677
-0.3700907647980797 -15.035714969630913 28.368839337229677
-0.3700907647980797 -15.035714969630913 28.368839337229677
-0.3700907647980797 -15.035714969630913 28.368839337229677
-0.3700907647980797 -15.035714969630913 28.368839337229677
-0.3700907647980797 -15.035714969630913 28.368839337229677
-0.3700907647980797 -15.035714969630913 28.368839337229677
-0.3700907647980797 -15.035714969630913 28.368839337229677
-0.3700907647980797 -15.035714969630913 28.368839337229677
-0.3700907647980797 -15.035714969630913 28.368839337229677
-0.3700907647980797 -15.035714969630913 28.368839337229677
-0.3700907647980797 -15.035714969630913 28.368839337229677
-0.3700907647980797 -15.035714969630913 28.368839337229677
-0.3700907647980797 -15.035714969630913 28.368839337229677
-0.3700907647980797 -15.035714969630913 28.368839337229677
-0.3700907647980797 -15.035714969630913 28.368839337229677
-0.3700907647980797 -15.035714969630913 28.368839337229677
-0.3700907647980797 -15.035714969630913 28.368839337229677
-0.3700907647980797 -15.035714969630913 28.368839337229677
-0.3700907647980797 -15.035714969630913 28.368839337229677
-0.3700907647980797 -15.035714969630913 28.368839337229677
-0.3700907647980797 -15.035714969630913 28.368839337229677
-0.3700907647980797 -15.035714969630913 28.368839337229677
-0.3700907647980797 -15.035714969630913 28.368839337229677
-0.3700907647980797 -15.035714969630913 28.368839337229677
-0.3700907647980797 -15.035714969630913 28.368839337229677
-0.3700907647980797 -15.035714969630913 28.368839337229677
-0.3700907647980797 -15.035714969630913 28.368839337229677
-0.3700907647980797 -15.035714969630913 28.368839337229677
-0.3700907647980797 -15.035714969630913 28.368839337229677
-0.3700907647980797 -15.035714969630913 28.368839337229677
-0.3700907647980797 -15.035714969630913 28.368839337229677
-0.3700907647980797 -15.035714969630913 28.368839337229677
-0.3700907647980797 -15.035714969630913 28.368839337229677
-0.3700907647980797 -15.035714969630913 28.368839337229677
-0.3700907647980797 -15.035714969630913 28.368839337229677
-0.3700907647980797 -15.035714969630913 28.368839337229677
-0.3700907647980797 -15.035714969630913 28.368839337229677
-0.3700907647980797 -15.035714969630913 28.368839337229677
-0.3700907647980797 -15.035714969630913 28.368839337229677
-0.3700907647980797 -15.035714969630913 28.368839337229677
-0.3700907647980797 -15.035714969630913 28.368839337229677
-0.3700907647980797 -15.035714969630913 28.368839337229677
-0.3700907647980797 -15.035714969630913 28.368839337229677
-0.3700907647980797 -15.035714969630913 28.368839337229677
-0.3700907647980797 -15.035714969630913 28.368839337229677
-0.3700907647980797 -15.035714969630913 28.368839337229677
-0.3700907647980797 -15.035714969630913 28.368839337229677
-0.3700907647980797 -15.035714969630913 28.368839337229677
-0.3700907647980797 -15.035714969630913 28.368839337229677
-0.3700907647980797 -15.035714969630913 28.368839337229677
-0.3700907647980797 -15.035714969630913 28.368839337229677
-0.3700907647980797 -15.035714969630913 28.368839337229677
-0.3700907647980797 -15.035714969630913 28.368839337229677
-0.3700907647980797 -15.035714969630913 28.368839337229677
-0.3700907647980797 -15.035714969630913 28.368839337229677
-0.3700907647980797 -15.035714969630913 28.368839337229677
-0.3700907647980797 -15.035714969630913 28.368839337229677
-0.3700907647980797 -15.035714969630913 28.368839337229677
-0.3700907647980797 -15.035714969630913 28.368839337229677
-0.3700907647980797 -15.035714969630913 28.368839337229677
-0.3700907647980797 -15.035714969630913 28.368839337229677
-0.3700907647980797 -15.035714969630913 28.368839337229677
-0.3700907647980797 -15.035714969630913 28.368839337229677
-0.3700907647980797 -15.035714969630913 28.368839337229677
-0.3700907647980797 -15.035714969630913 28.368839337229677
-0.3700907647980797 -15.035714969630913 28.368839337229677
-0.3700907647980797 -15.035714969630913 28.368839337229677
-0.3700907647980797 -15.035714969630913 28.368839337229677
-0.3700907647980797 -15.035714969630913 28.368839337229677
-0.3700907647980797 -15.035714969630913 28.368839337229677
-0.3700907647980797 -15.035714969630913 28.368839337229677
-0.3700907647980797 -15.035714969630913 28.368839337229677
-0.3700907647980797 -15.035714969630913 28.368839337229677
-0.3700907647980797 -15.035714969630913 28.368839337229677
-0.3700907647980797 -15.035714969630913 28.368839337229677
-0.3700907647980797 -15.035714969630913 28.368839337229677
-0.3700907647980797 -15.035714969630913 28.368839337229677
-0.3700907647980797 -15.035714969630913 28.368839337229677
-0.3700907647980797 -15.035714969630913 28.368839337229677
-0.3700907647980797 -15.035714969630913 28.368839337229677
-0.2834856036940194 -15.03759713965866 28.368839337229677
-0.2834856036940194 -15.03759713965866 28.368839337229677
-0.2834856036940194 -15.03759713965866 28.368839337229677
-0.2834856036940194 -15.03759713965866 28.368839337229677
-0.2834856036940194 -15.03759713965866 28.368839337229677
-0.2834856036940194 -15.03759713965866 28.368839337229677
-0.2834856036940194 -15.03759713965866 28.368839337229677
-0.2834856036940194 -15.03759713965866 28.368839337229677
-0.2834856036940194 -15.03759713965866 28.368839337229677
-0.2834856036940194 -15.03759713965866 28.368839337229677
-0.2834856036940194 -15.03759713965866 28.368839337229677
-0.2834856036940194 -15.03759713965866 28.368839337229677
-0.2834856036940194 -15.03759713965866 28.368839337229677
-0.2834856036940194 -15.03759713965866 28.368839337229677
-0.2834856036940194 -15.03759713965866 28.368839337229677
-0.2834856036940194 -15.03759713965866 28.368839337229677
-0.2834856036940194 -15.03759713965866 28.368839337229677
-0.2834856036940194 -15.03759713965866 28.368839337229677
-0.2834856036940194 -15.03759713965866 28.368839337229677
-0.2834856036940194 -15.03759713965866 28.368839337229677
-0.2834856036940194 -15.03759713965866 28.368839337229677
-0.2834856036940194 -15.03759713965866 28.368839337229677
-0.2834856036940194 -15.03759713965866 28.368839337229677
-0.2834856036940194 -15.03759713965866 28.368839337229677
-0.2834856036940194 -15.03759713965866 28.368839337229677
-0.2834856036940194 -15.03759713965866 28.368839337229677
-0.2834856036940194 -15.03759713965866 28.368839337229677
-0.2834856036940194 -15.03759713965866 28.368839337229677
-0.2834856036940194 -15.03759713965866 28.368839337229677
-0.2834856036940194 -15.03759713965866 28.368839337229677
-0.2834856036940194 -15.03759713965866 28.368839337229677
-0.2834856036940194 -15.03759713965866 28.368839337229677
-0.2834856036940194 -15.03759713965866 28.368839337229677
-0.2834856036940194 -15.03759713965866 28.368839337229677
-0.2834856036940194 -15.03759713965866 28.368839337229677
-0.2834856036940194 -15.03759713965866 28.368839337229677
-0.2834856036940194 -15.03759713965866 28.368839337229677
-0.2834856036940194 -15.03759713965866 28.368839337229677
-0.2834856036940194 -15.03759713965866 28.368839337229677
-0.2834856036940194 -15.03759713965866 28.368839337229677
-0.2834856036940194 -15.03759713965866 28.368839337229677
-0.2834856036940194 -15.03759713965866 28.368839337229677
-0.2834856036940194 -15.03759713965866 28.368839337229677
-0.2834856036940194 -15.03759713965866 28.368839337229677
-0.2834856036940194 -15.03759713965866 28.368839337229677
-0.2834856036940194 -15.03759713965866 28.368839337229677
-0.2834856036940194 -15.03759713965866 28.368839337229677
-0.2834856036940194 -15.03759713965866 28.368839337229677
-0.2834856036940194 -15.03759713965866 28.368839337229677
-0.2834856036940194 -15.03759713965866 28.368839337229677
-0.2834856036940194 -15.03759713965866 28.368839337229677
-0.2834856036940194 -15.03759713965866 28.368839337229677
-0.2834856036940194 -15.03759713965866 28.368839337229677
-0.2834856036940194 -15.03759713965866 28.368839337229677
-0.2834856036940194 -15.03759713965866 28.368839337229677
-0.2834856036940194 -15.03759713965866 28.368839337229677
-0.2834856036940194 -15.03759713965866 28.368839337229677
-0.2834856036940194 -15.03759713965866 28.368839337229677
-0.2834856036940194 -15.03759713965866 28.368839337229677
-0.2834856036940194 -15.03759713965866 28.368839337229677
-0.2834856036940194 -15.03759713965866 28.368839337229677
-0.2834856036940194 -15.03759713965866 28.368839337229677
-0.2834856036940194 -15.03759713965866 28.368839337229677
-0.2834856036940194 -15.03759713965866 28.368839337229677
-0.2834856036940194 -15.03759713965866 28.368839337229677
-0.2834856036940194 -15.03759713965866 28.368839337229677
-0.2834856036940194 -15.03759713965866 28.368839337229677
-0.2834856036940194 -15.03759713965866 28.368839337229677
-0.2834856036940194 -15.03759713965866 28.368839337229677
-0.2834856036940194 -15.03759713965866 28.368839337229677
-0.2834856036940194 -15.03759713965866 28.368839337229677
-0.2834856036940194 -15.03759713965866 28.368839337229677
-0.2834856036940194 -15.03759713965866 28.368839337229677
-0.2834856036940194 -15.03759713965866 28.368839337229677
-0.2834856036940194 -15.03759713965866 28.368839337229677
-0.2834856036940194 -15.03759713965866 28.368839337229677
-0.2834856036940194 -15.03759713965866 28.368839337229677
-0.2834856036940194 -15.03759713965866 28.368839337229677
-0.2834856036940194 -15.03759713965866 28.368839337229677
-0.2834856036940194 -15.03759713965866 28.368839337229677
-0.2834856036940194 -15.03759713965866 28.368839337229677
-0.2834856036940194 -15.03759713965866 28.368839337229677
-0.2834856036940194 -15.03759713965866 28.368839337229677
-0.2834856036940194 -15.03759713965866 28.368839337229677
-0.2834856036940194 -15.03759713965866 28.368839337229677
-0.2834856036940194 -15.03759713965866 28.368839337229677
-0.2834856036940194 -15.03759713965866 28.368839337229677
-0.2834856036940194 -15.03759713965866 28.368839337229677
-0.2834856036940194 -15.03759713965866 28.368839337229677
-0.2834856036940194 -15.03759713965866 28.368839337229677
-0.2834856036940194 -15.03759713965866 28.368839337229677
-0.2834856036940194 -15.03759713965866 28.368839337229677
-0.2834856036940194 -15.03759713965866 28.368839337229677
-0.2834856036940194 -15.03759713965866 28.368839337229677
-0.2834856036940194 -15.03759713965866 28.368839337229677
-0.2834856036940194 -15.03759713965866 28.368839337229677
-0.2834856036940194 -15.03759713965866 28.368839337229677
-0.2834856036940194 -15.03759713965866 28.368839337229677
-0.2834856036940194 -15.03759713965866 28.368839337229677
-0.2834856036940194 -15.03759713965866 28.368839337229677
-0.2834856036940194 -15.03759713965866 28.368839337229677
-0.2834856036940194 -15.03759713965866 28.368839337229677
-0.2834856036940194 -15.03759713965866 28.368839337229677
-0.2834856036940194 -15.03759713965866 28.368839337229677
-0.2834856036940194 -15.03759713965866 28.368839337229677
-0.2834856036940194 -15.03759713965866 28.368839337229677
-0.2834856036940194 -15.03759713965866 28.368839337229677
-0.2834856036940194 -15.03759713965866 28.368839337229677
-0.2834856036940194 -15.03759713965866 28.368839337229677
-0.2834856036940194 -15.03759713965866 28.368839337229677
-0.2834856036940194 -15.03759713965866 28.368839337229677
-0.2834856036940194 -15.03759713965866 28.368839337229677
-0.2834856036940194 -15.03759713965866 28.368839337229677
-0.2834856036940194 -15.03759713965866 28.368839337229677
-0.2834856036940194 -15.03759713965866 28.368839337229677
-0.2834856036940194 -15.03759713965866 28.368839337229677
-0.2834856036940194 -15.03759713965866 28.368839337229677
-0.2834856036940194 -15.03759713965866 28.368839337229677
-0.2834856036940194 -15.03759713965866 28.368839337229677
-0.2834856036940194 -15.03759713965866 28.368839337229677
-0.2834856036940194 -15.03759713965866 28.368839337229677
-0.2834856036940194 -15.03759713965866 28.368839337229677
-0.2834856036940194 -15.03759713965866 28.368839337229677
-0.2834856036940194 -15.03759713965866 28.368839337229677
-0.2834856036940194 -15.03759713965866 28.368839337229677
-0.2834856036940194 -15.03759713965866 28.368839337229677
-0.2834856036940194 -15.03759713965866 28.368839337229677
-0.2834856036940194 -15.03759713965866 28.368839337229677
-0.2834856036940194 -15.03759713965866 28.368839337229677
-0.2834856036940194 -15.03759713965866 28.368839337229677
-0.2834856036940194 -15.03759713965866 28.368839337229677
-0.2834856036940194 -15.03759713965866 28.368839337229677
-0.2834856036940194 -15.03759713965866 28.368839337229677
-0.2834856036940194 -15.03759713965866 28.368839337229677
-0.2834856036940194 -15.03759713965866 28.368839337229677
-0.2834856036940194 -15.03759713965866 28.368839337229677
-0.2834856036940194 -15.03759713965866 28.368839337229677
-0.2834856036940194 -15.03759713965866 28.368839337229677
-0.2834856036940194 -15.03759713965866 28.368839337229677
-0.2834856036940194 -15.03759713965866 28.368839337229677
-0.2834856036940194 -15.03759713965866 28.368839337229677
-0.2834856036940194 -15.03759713965866 28.368839337229677
-0.2834856036940194 -15.03759713965866 28.368839337229677
-0.2834856036940194 -15.03759713965866 28.368839337229677
-0.2834856036940194 -15.03759713965866 28.368839337229677
-0.2834856036940194 -15.03759713965866 28.368839337229677
-0.2834856036940194 -15.03759713965866 28.368839337229677
-0.2834856036940194 -15.03759713965866 28.368839337229677
-0.2842483300578377 -15.078056237536789 28.31254009337272
-0.2842483300578377 -15.078056237536789 28.31254009337272
-0.2842483300578377 -15.078056237536789 28.31254009337272
-0.2842483300578377 -15.078056237536789 28.31254009337272
-0.2842483300578377 -15.078056237536789 28.31254009337272
-0.2842483300578377 -15.078056237536789 28.31254009337272
-0.2842483300578377 -15.078056237536789 28.31254009337272
-0.2842483300578377 -15.078056237536789 28.31254009337272
-0.2842483300578377 -15.078056237536789 28.31254009337272
-0.2842483300578377 -15.078056237536789 28.31254009337272
-0.2842483300578377 -15.078056237536789 28.31254009337272
-0.2850071619787504 -15.118308753272 28.25609291131208
-0.2850071619787504 -15.118308753272 28.25609291131208
-0.28576208926290286 -15.158354146127554 28.199498549337385
-0.28576208926290286 -15.158354146127554 28.199498549337385
-0.2865131017688938 -15.19819187814913 28.14275776771537
-0.2865131017688938 -15.19819187814913 28.14275776771537
-0.28726018940791187 -15.237821414172055 28.085871328679772
-0.28726018940791187 -15.237821414172055 28.085871328679772
-0.2880033421438709 -15.277242221828477 28.028839996421
-0.28874254999354415 -15.316453771554501 27.971664537075906
-0.28874254999354415 -15.316453771554501 27.971664537075906
-0.28874254999354415 -15.316453771554501 27.971664537075906
-0.2894778030266994 -15.355455536597336 27.914345718717506
-0.29020909136623185 -15.394246993022366 27.85688431134461
-0.29020909136623185 -15.394246993022366 27.85688431134461
-0.29020909136623185 -15.394246993022366 27.85688431134461
-0.29093640518829705 -15.432827619720173 27.799281086871563
-0.2916597347224422 -15.471196898413535 27.741536819117794
-0.2916597347224422 -15.471196898413535 27.741536819117794
-0.2923790702517382 -15.509354313664401 27.683652283797446
-0.2930944021129098 -15.547299352880826 27.625628258508986
-0.2930944021129098 -15.547299352880826 27.625628258508986
-0.2930944021129098 -15.547299352880826 27.625628258508986
-0.2938057206964657 -15.585031506323833 27.567465522724714
-0.2945130164468268 -15.622550267114251 27.509164857780338
