-10.967814409472789 -0.21825270088465498 38.58378187042471
-11.039654502441962 -0.2832992925498342 38.584050541785885
-11.023403447337762 -0.4735819646281229 38.66662860623584
-11.274846628842047 -1.5324350507096387 38.81356383762108
-11.150122433776211 -2.443354115315814 39.03321728830173
-10.919294708871515 -4.1784102197009085 39.23871656951017
-10.704386329904892 -4.819727240695027 39.32534555061047
-10.378718051635026 -5.488292527201242 39.44472554513424
-10.083125610656078 -6.099344297814415 39.521287704706694
-9.81790208672312 -6.657220304258986 39.58499660260387
-9.329597032528161 -7.31533850829094 39.68717750550955
-8.787788775385838 -7.837891922663916 39.8019742549237
-8.322128605495871 -8.330848084497655 39.8687378879738
-7.851113825597139 -8.82119180660838 39.92159444240681
-7.148718457574593 -9.246025249356734 40.03544326365442
-6.443755881405627 -9.643762185321307 40.13503403873002
-5.814084102037725 -9.890081966207864 40.24191261234846
-5.097726279643018 -10.228927582780576 40.30256083972461
-4.408905436808411 -10.457702500086246 40.37236373806029
-3.694742450227577 -10.591994705780243 40.470194070551294
-2.9327329259786974 -10.74236202645229 40.53512446022944
-2.1507123905155647 -10.753496050153991 40.63932829612383
-1.4496153501746363 -10.749845751728579 40.712279465242965
-0.8126414461402234 -10.6096325566136 40.82366660017707
-0.016387579927503712 -10.432648822585264 40.93201535473436
0.6312257362022334 -10.203542037353074 41.03730244106175
1.202788509442547 -10.027340593601643 41.101550050378265
1.8849697792537443 -9.581213892131027 41.25117049442678
2.500390815139417 -9.273295147057235 41.32344156258578
2.9739965087956457 -8.77620543444567 41.46471871384053
3.380028673503132 -8.357464097007618 41.566560758225634
3.936853973083715 -7.627514839432656 41.730864448650486
4.222067169904479 -7.1391257008300375 41.83574924466823
4.494672231725168 -6.772716398312537 41.894865900320845
4.68339246872363 -6.1701417145421 42.02322947204729
4.843724666627993 -5.737865435234537 42.09942028771145
4.900821116973032 -5.1698064370288614 42.21768296927654
4.9867087530820235 -4.797141001524962 42.27738700406156
4.953021859386316 -4.343683591370415 42.37065858586885
4.915354246847992 -3.9252805359412983 42.44982148702357
4.895489904976441 -3.5528667683793618 42.51139874952433
4.678892780150407 -3.115716438037185 42.61466257954847
4.593090955012221 -2.7981359616007233 42.669655566302644
4.407673402078846 -2.447237433508584 42.74198243041614
4.137420895901897 -2.113581692580156 42.82012677089931
3.964150100543495 -1.8274982276882377 42.872967268649234
3.7029107074664926 -1.57942526266017 42.93160152651997
3.3425882194546723 -1.313312102639175 43.00008439532803
3.064426322065103 -1.083364871523795 43.0482863786541
2.7346210745534223 -0.8790438546712394 43.09756739718206
2.4259874513720328 -0.7186102217050578 43.13614883906602
1.987581210873798 -0.5269976089624461 43.18367341745907
1.6654300287614188 -0.4007567689553192 43.21134638776543
1.3366857337753861 -0.29731529175650834 43.23438438802733
0.9700665110456873 -0.19243025887833487 43.25607039802615
0.599249504557543 -0.1045857809138958 43.272177560758195
0.3549207832412551 -0.055642577580652657 43.27824541457441
-0.11588004066046508 0.015441114078993587 43.2859640811245
-0.4581979241062232 0.0530153086356132 43.28457973601856
-0.8381438937666168 0.08232841991156618 43.27942321489017
-1.2190102625679924 0.09850751841880838 43.268682827175944
-1.5997633344880793 0.11074409784585071 43.25236088135257
-1.8863313323703252 0.09786806969168897 43.236458589759074
-2.2304843005399717 0.08997542739413911 43.21151975303149
-2.5164198491292593 0.05798441055254931 43.18870708145828
-2.8959518649402853 0.050043436419663134 43.153421856578625
-3.1804420062046663 0.018318233499786073 43.12331083836391
-3.464199582790714 -0.019952577888108697 43.09007774479177
-3.8414322199700313 -0.06638179017677458 43.040917390570534
-4.1237274730864915 -0.09502067267868744 43.00041573126681
-4.498497874770861 -0.15551883957403248 42.941580970407564
-4.777793312252768 -0.2203008382472632 42.893837404037264
-5.057209878328696 -0.26238199001647766 42.84299950597727
-5.335715865001559 -0.3076554410424793 42.789073422602435
-5.613250138538944 -0.3561065867254074 42.732065673653636
-5.889751823144093 -0.40771984088431135 42.67198315144962
-6.257622528558037 -0.46941468002776043 42.58710274983042
-6.439415311708441 -0.5203654488422181 42.54262321439495
-6.712456802968764 -0.5813617636033606 42.47336143934644
-6.984225112742766 -0.6454481189981178 42.40105616875605
-7.167263468157894 -0.6623636336472165 42.351166126005346
-7.528089027046355 -0.7394621367042864 42.247350475099886
-7.705401185602013 -0.8017129783365327 42.19343044540361
-7.977195863203546 -0.8299920147198817 42.11004326899949
-8.242982653907651 -0.9056653884840542 42.023656522741966
-8.417447564919232 -0.9739319126090481 41.96440407365776
-8.596829134476717 -0.9946870683469993 41.90382630077056
-8.859007617448643 -1.0767645102249972 41.81048179927591
-9.03065832339703 -1.15044653440935 41.74660511330694
-9.208188387420947 -1.1730626981037104 41.681414806803595
-9.385239647187172 -1.1956178652816267 41.614914382719576
-9.642657503863244 -1.2848923222081523 41.512715112039366
-9.73056124932293 -1.2966055711324491 41.477997545423264
-9.898220586995967 -1.3770134369276856 41.40758848933756
-10.072993282917244 -1.4013273374491446 41.33588402952907
-10.2472406803924 -1.4255681598842598 41.262888018984725
-10.334164465140983 -1.4376607596132112 41.22590690522749
-10.507606368173326 -1.4617895238595462 41.150980944686104
-10.680499619141726 -1.485841961127955 41.074773369041594
-10.757932128081956 -1.5598259233712455 41.03619025254611
-10.92984427930768 -1.584751999017738 40.958067953755055
-11.015586673412137 -1.597184054496776 40.91852982092421
-11.18663833946898 -1.6219853657315662 40.83850224408473
-11.18663833946898 -1.6219853657315662 40.83850224408473
-11.357104853114999 -1.6467018339046353 40.75720984295764
-11.44211581407537 -1.6590278366250424 40.71609069569655
-11.526977054456172 -1.6713321308945592 40.67465698573102
-11.611687434264331 -1.6836145514220586 40.63290926966545
-11.696245815533361 -1.6958749332102503 40.590848108322525
-11.780651062338707 -1.708113111557914 40.54847406673563
-11.864902040812893 -1.720328922062089 40.50578771414121
-11.864902040812893 -1.720328922062089 40.50578771414121
-11.9489976191609 -1.7325222006203085 40.462789623971254
-12.032936667675248 -1.7446927834327823 40.41948037384547
-12.032936667675248 -1.7446927834327823 40.41948037384547
-12.032936667675248 -1.7446927834327823 40.41948037384547
-12.116718058751227 -1.7568405070046096 40.37586054556355
-12.116718058751227 -1.7568405070046096 40.37586054556355
-12.116718058751227 -1.7568405070046096 40.37586054556355
-12.200340666902033 -1.7689652081479688 40.33193072509739
-12.200340666902033 -1.7689652081479688 40.33193072509739
-12.200340666902033 -1.7689652081479688 40.33193072509739
-12.200340666902033 -1.7689652081479688 40.33193072509739
-12.200340666902033 -1.7689652081479688 40.33193072509739
-12.200340666902033 -1.7689652081479688 40.33193072509739
-12.200340666902033 -1.7689652081479688 40.33193072509739
-12.200340666902033 -1.7689652081479688 40.33193072509739
-12.200340666902033 -1.7689652081479688 40.33193072509739
-12.200340666902033 -1.7689652081479688 40.33193072509739
-12.200340666902033 -1.7689652081479688 40.33193072509739
-12.200340666902033 -1.7689652081479688 40.33193072509739
-12.200340666902033 -1.7689652081479688 40.33193072509739
-12.200340666902033 -1.7689652081479688 40.33193072509739
-12.200340666902033 -1.7689652081479688 40.33193072509739
-12.200340666902033 -1.7689652081479688 40.33193072509739
-12.200340666902033 -1.7689652081479688 40.33193072509739
-12.200340666902033 -1.7689652081479688 40.33193072509739
-12.200340666902033 -1.7689652081479688 40.33193072509739
-12.200340666902033 -1.7689652081479688 40.33193072509739
-12.200340666902033 -1.7689652081479688 40.33193072509739
-12.200340666902033 -1.7689652081479688 40.33193072509739
-12.200340666902033 -1.7689652081479688 40.33193072509739
-12.200340666902033 -1.7689652081479688 40.33193072509739
-12.200340666902033 -1.7689652081479688 40.33193072509739
-12.200340666902033 -1.7689652081479688 40.33193072509739
-12.200340666902033 -1.7689652081479688 40.33193072509739
-12.200340666902033 -1.7689652081479688 40.33193072509739
-12.200340666902033 -1.7689652081479688 40.33193072509739
-12.200340666902033 -1.7689652081479688 40.33193072509739
-12.200340666902033 -1.7689652081479688 40.33193072509739
-12.200340666902033 -1.7689652081479688 40.33193072509739
-12.200340666902033 -1.7689652081479688 40.33193072509739
-12.200340666902033 -1.7689652081479688 40.33193072509739
-12.200340666902033 -1.7689652081479688 40.33193072509739
-12.200340666902033 -1.7689652081479688 40.33193072509739
-12.200340666902033 -1.7689652081479688 40.33193072509739
-12.200340666902033 -1.7689652081479688 40.33193072509739
-12.200340666902033 -1.7689652081479688 40.33193072509739
-12.200340666902033 -1.7689652081479688 40.33193072509739
-12.200340666902033 -1.7689652081479688 40.33193072509739
-12.200340666902033 -1.7689652081479688 40.33193072509739
-12.116718058751227 -1.7568405070046096 40.37586054556355
-12.116718058751227 -1.7568405070046096 40.37586054556355
-12.032936667675248 -1.7446927834327823 40.41948037384547
-11.9489976191609 -1.7325222006203085 40.462789623971254
-11.864902040812893 -1.720328922062089 40.50578771414121
-11.864902040812893 -1.720328922062089 40.50578771414121
-11.780651062338707 -1.708113111557914 40.54847406673563
-11.696245815533361 -1.6958749332102503 40.590848108322525
-11.611687434264331 -1.6836145514220586 40.63290926966545
-11.526977054456172 -1.6713321308945592 40.67465698573102
-11.357104853114999 -1.6467018339046353 40.75720984295764
-11.357104853114999 -1.6467018339046353 40.75720984295764
-11.18663833946898 -1.6219853657315662 40.83850224408473
-11.101185076764521 -1.6095952323103735 40.878674405900036
-11.015586673412137 -1.597184054496776 40.91852982092421
-10.843959046281284 -1.5722992328806793 40.99728827325255
-10.671764680362053 -1.547332238051053 41.074773369041594
-10.585457860661718 -1.5348183447554355 41.11303710442833
-10.412430744826159 -1.5097306069343397 41.188604380092066
-10.325712773070293 -1.4971570994278292 41.22590690522749
-10.15187382654516 -1.4719516517587894 41.29954722457377
-9.977505329927261 -1.4466694229804633 41.371897945715986
-9.890125427224584 -1.4339999400543242 41.40758848933755
-9.714980182155083 -1.4086050881104755 41.477997545423264
-9.62721719262172 -1.3958800602373815 41.512715112039366
-9.451316374412215 -1.3703756554020705 41.581173990512575
-9.274923650054786 -1.3447999275697133 41.6483281377724
-9.098048497884104 -1.3191542510334313 41.714173945339645
-8.920700422157747 -1.2934400038449894 41.77870787503771
-8.7428889525455 -1.2676585677407466 41.84192645918289
-8.564623643617269 -1.2418113280674092 41.90382630077056
-8.385914074329692 -1.2158996737075884 41.96440407365776
-8.206769847511422 -1.1899249970051744 42.023656522741966
-8.027200589347116 -1.1638886936905184 42.08158046413597
-7.937259587952045 -1.1508478691268653 42.11004326899949
-7.757070881682936 -1.124721750111519 42.16596863527318
-7.576481308314432 -1.098537508132948 42.22055784681884
-7.395500571695848 -1.07229655018234 42.27380797032494
-7.214138396695342 -1.0460002862984723 42.32571614443482
-7.0324045286774055 -1.0196501294919482 42.37627957990055
-6.850308732979176 -0.9932474956692658 42.42549555973271
-6.667860794385705 -0.9667938035567392 42.47336143934644
-6.4850705166042015 -0.940290474624262 42.519874646703535
-6.301947721737207 -0.9137389330089254 42.56503268245062
-6.118502249754843 -0.8871406054384967 42.608833120053575
-5.934743957966034 -0.8604969211547486 42.65127360592771
-5.750682720488851 -0.8338093118366661 42.692351859564404
-5.566328427719952 -0.807079211523515 42.732065673653636
-5.28926918375895 -0.7669075329988004 42.789073422602435
-5.1042256252763085 -0.7400774939134406 42.82536696226649
-4.9189237484034924 -0.7132100004440336 42.86028891491335
-4.73337351020199 -0.6863064962957866 42.893837404037264
-4.547584881078815 -0.6593684271089154 42.926010626934584
-4.361567844250746 -0.6323972403809637 42.956806854800604
-4.175332395207867 -0.6053943853890207 42.98622443282241
-3.9888885411765136 -0.5783613131118486 43.01426178026788
-3.708853919009965 -0.5377582252789517 43.053726593791
-3.521932906287695 -0.5106559682842344 43.07830693600302
-3.241229600330836 -0.4699559259160006 43.11257984711449
-3.053894202845539 -0.4427935859901099 43.13369492924464
-2.866410660036885 -0.4156097660146104 43.153421856578625
-2.6787890461965964 -0.3884059266922843 43.17175956910438
-2.4910394430355534 -0.36118352980164 43.18870708145828
-2.2091971288515935 -0.3203183391002125 43.21151975303149
-2.021171703672598 -0.29305594992027734 43.22498794433716
-1.8330536257621541 -0.2657801267336332 43.23706307528294
-1.6448530035082751 -0.23849233518678886 43.247744497020456
-1.456579949734432 -0.211194041569364 43.257031635591325
-1.268244581156143 -0.18388671273529833 43.264923991957886
-1.11612663083923 -0.1618306596305345 43.27189130585896
-0.9276926104039571 -0.1345090269579542 43.27726153578687
-0.7392246945405186 -0.10718247968218553 43.281235896471514
-0.5507330104352118 -0.0798524861753589 43.28381417435351
-0.3622276865515047 -0.052520514994785605 43.284996230890975
-0.17371885208578938 -0.02518803480404589 43.284782002566935
0.014783363576906142 0.0021434857059288905 43.283171500892855
0.20326883140720797 0.02947257789577536 43.28016481240782
0.39172742327567467 0.0567977732566134 43.27576209867407
0.4859434760637768 0.07045845077222794 43.273037303339194
0.6743427670546858 0.0977750479150263 43.26654101875215
0.862689869268658 0.1250840780452979 43.25864944098101
1.0509746620112317 0.15238407373218385 43.24936299407399
1.2391870279360937 0.1796735680302835 43.238682177031535
1.4273168535887377 0.2069510945584813 43.22660756377959
1.615354029949894 0.23421518757874066 43.21313980313868
1.8032884529787394 0.26146438207486505 43.198279618789144
1.991110024155825 0.2886972138312193 43.18202780923219
2.17880865102572 0.31591221951140946 43.16438524774695
2.2726087082447344 0.32951258054008714 43.15504272836659
2.4601040098994122 0.35669810546711794 43.135315839847685
2.553796735595724 0.37028290416564585 43.12493173571254
2.741066043584021 0.39743566157052257 43.10312290516912
2.92817210892421 0.4245647499178809 43.079927562595046
3.0216607833662614 0.43811996259259844 43.06781033588328
3.2085031363577126 0.46521081446913937 43.042537585498806
3.3018543049392193 0.4787460897429379 43.029382401330466
3.4884103560731905 0.5057954298257726 43.00203529864743
3.674763006556316 0.5328152782178024 42.97330711580269
3.7678599268858877 0.5463136892495128 42.95842559882553
3.86090224286454 0.5598041830271376 42.94319939648423
4.046818062941462 0.5867606940246198 42.91171375850844
4.139689069518524 0.6002263491211361 42.89545474583983
4.2325004767357965 0.6136833627217485 42.87885189373317
4.417939506738173 0.6405707424485156 42.84461556796679
4.510564638407079 0.6540007473800108 42.82698255422463
4.603125188517267 0.6674213884311379 42.80900662087336
4.695619913646108 0.6808324853141954 42.790688009394685
4.788047571255243 0.6942338578696955 42.77202696587374
4.972696718282442 0.721006710015656 42.733678590042786
5.064915727195289 0.7343778299499761 42.71399177288999
5.157062707611332 0.7477385062492936 42.693963554002536
5.341135632469654 0.7744278101569924 42.652883991811585
5.341135632469654 0.7744278101569924 42.652883991811585
5.524905601832742 0.8010731876084293 42.61044211085028
5.61667389169518 0.8143789563906314 42.588711010656965
5.7083627409550495 0.8276732068336408 42.56664019170223
5.7083627409550495 0.8276732068336408 42.56664019170223
5.891497191900709 0.8542264384999506 42.52148058803167
5.891497191900709 0.8542264384999506 42.52148058803167
5.9829403334291245 0.867485063017408 42.498392409972475
6.074299114073277 0.8807314557887801 42.474965726457036
6.165572306554663 0.8939654388671532 42.45120085219035
6.256758684744511 0.9071868344723154 42.427098106420566
6.256758684744511 0.9071868344723154 42.427098106420566
6.347857023680296 0.9203954649931547 42.40265781293464
6.438866099582162 0.9335911529900354 42.37788030005399
6.438866099582162 0.9335911529900354 42.37788030005399
6.529784689869393 0.9467737211971913 42.35276590063017
6.529784689869393 0.9467737211971913 42.35276590063017
6.6206115731768245 0.9599429925251007 42.32731495204031
6.586105490187515 0.9549398486011653 42.33861362917607
6.676880661320597 0.9681016220206344 42.31295419103037
6.642374578331289 0.9630984780966991 42.324252868166134
6.7330972813928645 0.9762526440078562 42.29838513338149
6.698591198403549 0.97124950008392 42.30968381051724
6.698591198403549 0.97124950008392 42.30968381051724
6.664044364016942 0.9662404474885817 42.32085461815896
6.754754595211981 0.979392805065153 42.29490665194451
6.720207760825367 0.9743837524698136 42.30607745958622
6.8108640142792165 0.9875282836463865 42.279921590958544
6.776317179892608 0.9825192310510482 42.29109239860026
6.776317179892608 0.9825192310510482 42.29109239860026
6.776317179892608 0.9825192310510482 42.29109239860026
6.68562063913026 0.9693688584927458 42.317120247669564
6.650993694756672 0.9643481905020945 42.32803486784999
6.650993694756672 0.9643481905020945 42.32803486784999
6.616327392869577 0.9593218159435722 42.338821173504726
6.616327392869577 0.9593218159435722 42.338821173504726
6.616327392869577 0.9593218159435722 42.338821173504726
6.616327392869577 0.9593218159435722 42.338821173504726
6.581622199162665 0.9542898023395493 42.349479019734694
6.581622199162665 0.9542898023395493 42.349479019734694
6.581622199162665 0.9542898023395493 42.349479019734694
6.581622199162665 0.9542898023395493 42.349479019734694
6.546878579852097 0.9492522172881525 42.36000826336655
6.546878579852097 0.9492522172881525 42.36000826336655
6.546878579852097 0.9492522172881525 42.36000826336655
6.546878579852097 0.9492522172881525 42.36000826336655
6.546878579852097 0.9492522172881525 42.36000826336655
6.546878579852097 0.9492522172881525 42.36000826336655
6.546878579852097 0.9492522172881525 42.36000826336655
6.546878579852097 0.9492522172881525 42.36000826336655
6.546878579852097 0.9492522172881525 42.36000826336655
6.546878579852097 0.9492522172881525 42.36000826336655
6.546878579852097 0.9492522172881525 42.36000826336655
6.546878579852097 0.9492522172881525 42.36000826336655
6.546878579852097 0.9492522172881525 42.36000826336655
6.546878579852097 0.9492522172881525 42.36000826336655
6.546878579852097 0.9492522172881525 42.36000826336655
6.546878579852097 0.9492522172881525 42.36000826336655
6.546878579852097 0.9492522172881525 42.36000826336655
6.546878579852097 0.9492522172881525 42.36000826336655
6.546878579852097 0.9492522172881525 42.36000826336655
6.546878579852097 0.9492522172881525 42.36000826336655
6.546878579852097 0.9492522172881525 42.36000826336655
6.546878579852097 0.9492522172881525 42.36000826336655
6.546878579852097 0.9492522172881525 42.36000826336655
6.546878579852097 0.9492522172881525 42.36000826336655
6.546878579852097 0.9492522172881525 42.36000826336655
6.546878579852097 0.9492522172881525 42.36000826336655
6.546878579852097 0.9492522172881525 42.36000826336655
6.546878579852097 0.9492522172881525 42.36000826336655
6.546878579852097 0.9492522172881525 42.36000826336655
6.546878579852097 0.9492522172881525 42.36000826336655
6.546878579852097 0.9492522172881525 42.36000826336655
6.546878579852097 0.9492522172881525 42.36000826336655
6.546878579852097 0.9492522172881525 42.36000826336655
6.546878579852097 0.9492522172881525 42.36000826336655
6.546878579852097 0.9492522172881525 42.36000826336655
6.546878579852097 0.9492522172881525 42.36000826336655
6.546878579852097 0.9492522172881525 42.36000826336655
6.546878579852097 0.9492522172881525 42.36000826336655
6.546878579852097 0.9492522172881525 42.36000826336655
6.546878579852097 0.9492522172881525 42.36000826336655
6.546878579852097 0.9492522172881525 42.36000826336655
6.546878579852097 0.9492522172881525 42.36000826336655
6.546878579852097 0.9492522172881525 42.36000826336655
6.546878579852097 0.9492522172881525 42.36000826336655
6.546878579852097 0.9492522172881525 42.36000826336655
6.546878579852097 0.9492522172881525 42.36000826336655
6.546878579852097 0.9492522172881525 42.36000826336655
6.546878579852097 0.9492522172881525 42.36000826336655
6.546878579852097 0.9492522172881525 42.36000826336655
6.546878579852097 0.9492522172881525 42.36000826336655
6.546878579852097 0.9492522172881525 42.36000826336655
6.546878579852097 0.9492522172881525 42.36000826336655
6.546878579852097 0.9492522172881525 42.36000826336655
6.546878579852097 0.9492522172881525 42.36000826336655
6.455933604861762 0.9360658234811147 42.3851859215272
6.455933604861762 0.9360658234811147 42.3851859215272
6.455933604861762 0.9360658234811147 42.3851859215272
6.36489791497854 0.9228662766405871 42.4100265950038
6.273772733140655 0.909653754084173 42.4345299500963
6.273772733140655 0.909653754084173 42.4345299500963
6.182559283488566 0.8964284333037927 42.45869565763616
6.091258791348464 0.8831904919632877 42.4825233929906
5.9998724832158405 0.8699401078960408 42.50601283606702
5.908401586739018 0.8566774591025875 42.52916367131735
5.816847330702623 0.8434027237482201 42.55197558774219
5.725210945011121 0.8301160801605982 42.57444827889513
5.63349366067228 0.8168177068273542 42.596581442886695
5.541696709780599 0.803507782393688 42.61837478238853
5.4498213255008325 0.7901864856599793 42.63982800463734
5.357868742051324 0.776853995579372 42.66094082143883
5.265840194687536 0.7635104912553837 42.68171294917162
5.138442298083988 0.7450386753581204 42.71059765460687
5.138442298083988 0.7450386753581204 42.71059765460687
5.010880107401302 0.7265430379530947 42.73874869342733
4.918571661804633 0.7131589503167786 42.75823522286632
4.826193153640727 0.6997647040916807 42.77737975622124
4.733745823886709 0.6863604792109201 42.796182036311784
4.733745823886709 0.6863604792109201 42.796182036311784
4.605733289490575 0.6677995450750454 42.82217767484857
4.513124947108547 0.6543719744742925 42.84016317885893
4.4204519887736 0.6409350350062492 42.85780558619673
4.292112514998193 0.6223266969164276 42.88211386880468
4.199288875367377 0.6088679097002608 42.89893747274592
4.1064048357360265 0.5954003649008075 42.915417190463465
4.1064048357360265 0.5954003649008075 42.915417190463465
3.920460548339402 0.5684397263384074 42.94734408632156
3.920460548339402 0.5684397263384074 42.94734408632156
3.698520267045767 0.536259917051598 42.98397684611064
3.6053311316020538 0.5227481354646684 42.998601391382344
3.512089575156383 0.5092287531941863 43.01288071158385
3.418796850279756 0.49570195185430344 43.02681461489229
3.325454210230546 0.48216791315883667 43.04040291412498
3.2320629089376767 0.4686268189188264 43.05364542674199
3.138624200983763 0.45507885104009477 43.066541974848505
3.0451393415882615 0.4415241915208012 43.079092385197306
2.9516095865906102 0.4279630224489985 43.09129648919101
2.858036192433361 0.41439552600018636 43.10315412288443
2.764420416145295 0.40082188443486416 43.11466512698671
2.67076351532453 0.3872422800960809 43.12582934686341
2.5770667481216516 0.37365689540698926 43.1366466325388
2.483331373222784 0.3600659128683922 43.147116838697606
2.3895586498326913 0.3464695150562908 43.15723982468713
2.295749837657868 0.3328678846194344 43.16701545451911
2.20190619688961 0.3192612042768651 43.1764435968715
2.108028988187084 0.30564965681546286 43.18552412509029
2.014119472660399 0.2920334250874908 43.19425691719118
1.9201789118536587 0.27841269200813906 43.202641855861195
1.826208567728022 0.26478764055306747 43.21067882846037
1.6381835793481978 0.23752531470599808 43.2257084482596
1.5441314609489678 0.2238884065455395 43.23270089355759
1.450054610906834 0.21024791246752061 43.239344968983204
1.3559542930138049 0.1966040157130622 43.24564058528254
1.2618317713771479 0.18295689956899475 43.251587657882666
1.1676883104024136 0.1693067473653983 43.25718610689298
1.0735251747764365 0.15565374247313657 43.262435857106034
0.8851449396226201 0.12833990829522163 43.27188898373317
0.8851449396226201 0.12833990829522163 43.27188898373317
0.6967011883905403 0.10101686472425175 43.279946529807205
0.6967011883905403 0.10101686472425175 43.279946529807205
0.5082040469680265 0.07368607994408835 43.28660806236178
0.4139386200746451 0.060018243523914834 43.289415208778294
0.31966364411179155 0.04634902255456134 43.291873223444284
0.35591425566314916 0.051605111081859945 43.29059728733585
0.16734900473007733 0.024264450892655897 43.29473433546587
0.07305639124023285 0.01059267260359654 43.296279067443635
-0.021241192039083232 -0.003079826270642137 43.29747457546447
-0.11554247835061521 -0.016752862058999254 43.298320843468304
-0.20984620088735986 -0.030426251083201055 43.298817860086785
-0.20984620088735986 -0.030426251083201055 43.298817860086785
-0.3984558872618613 -0.057773354104785256 43.29876411715245
-0.4927593173900505 -0.07144670073176428 43.298213358321604
-0.5870601163583542 -0.0851196658587162 43.2973133495493
-0.5870601163583542 -0.0851196658587162 43.2973133495493
-0.7756487536658476 -0.11246371691083354 43.29446563523325
-0.7756487536658476 -0.11246371691083354 43.29446563523325
-0.8699340585782348 -0.12613443550659445 43.292517967944626
-0.9642116655111642 -0.13980403794845395 43.29022112722418
-1.0584803079757337 -0.1534723406042607 43.28757514392681
-1.152738719603466 -0.167139159859324 43.28458005359763
-1.2480063035183702 -0.1736192312760724 43.281235896471514
-1.342317586464313 -0.1867395595945855 43.27754271747258
-1.43661482887774 -0.19985793463253 43.273500566213556
-1.5308967640059739 -0.21297418016273023 43.269109496995185
-1.5308967640059739 -0.21297418016273023 43.269109496995185
-1.625162125301966 -0.22608811998661724 43.26436956880532
-1.7194096464413184 -0.2391995779365963 43.25928084531836
-1.8136380613392904 -0.2523083778784133 43.25384339489426
-1.9078461041678114 -0.2654143437135213 43.24805729057761
-1.9078461041678114 -0.2654143437135213 43.24805729057761
-2.0020325093724645 -0.2785172993814437 43.2419226100967
-2.0961960116895226 -0.2916170688621431 43.23543943586247
-2.1903353461629194 -0.3047134761783836 43.228607854967336
-2.1903353461629194 -0.3047134761783836 43.228607854967336
-2.2844492481612493 -0.3178063453980953 43.22142795918414
-2.3785364533947635 -0.3308955006367383 43.21389984496483
-2.472595697932337 -0.3439807660596636 43.20602361343916
-2.472595697932337 -0.3439807660596636 43.20602361343916
-2.5666257182184684 -0.357061965884478 43.197799370413414
-2.5666257182184684 -0.357061965884478 43.197799370413414
-2.660625251090232 -0.37013892438340235 43.18922722636883
-2.660625251090232 -0.37013892438340235 43.18922722636883
-2.754593033794271 -0.38321146588563537 43.180307296460334
-2.84852780400374 -0.3962794147797113 43.1710397005148
-2.84852780400374 -0.3962794147797113 43.1710397005148
-2.84852780400374 -0.3962794147797113 43.1710397005148
-2.9424282998352687 -0.409342595515859 43.1614245630295
-3.036293259865921 -0.4224008326083622 43.15146201317047
-3.036293259865921 -0.4224008326083622 43.15146201317047
-3.036293259865921 -0.4224008326083622 43.15146201317047
-3.1662394654169845 -0.4404785941159877 43.137464190988894
-3.1662394654169845 -0.4404785941159877 43.137464190988894
-3.2600159406672287 -0.45352452144730565 43.1266735932061
-3.2600159406672287 -0.45352452144730565 43.1266735932061
-3.2600159406672287 -0.45352452144730565 43.1266735932061
-3.2600159406672287 -0.45352452144730565 43.1266735932061
-3.353752613767082 -0.4665649116120765 43.11553604988067
-3.353752613767082 -0.4665649116120765 43.11553604988067
-3.353752613767082 -0.4665649116120765 43.11553604988067
-3.450153324897024 -0.45973586802445626 43.10405171063006
-3.450153324897024 -0.45973586802445626 43.10405171063006
-3.452743973242177 -0.4398568959173084 43.10405171063006
-3.452743973242177 -0.4398568959173084 43.10405171063006
-3.45522008459088 -0.4199633325493786 43.10405171063006
-3.45522008459088 -0.4199633325493786 43.10405171063006
-3.4575815768037192 -0.40005583784477766 43.10405171063006
-3.4575815768037192 -0.40005583784477766 43.10405171063006
-3.459828371543518 -0.38013507218975773 43.10405171063006
-3.459828371543518 -0.38013507218975773 43.10405171063006
-3.4619603942779253 -0.3602016964108039 43.10405171063006
-3.4619603942779253 -0.3602016964108039 43.10405171063006
-3.4639775742818926 -0.3402563717527141 43.10405171063006
-3.4639775742818926 -0.3402563717527141 43.10405171063006
-3.4639775742818926 -0.3402563717527141 43.10405171063006
-3.4658798446400225 -0.32029975985666337 43.10405171063006
-3.4658798446400225 -0.32029975985666337 43.10405171063006
-3.4676671422487857 -0.30033252273825556 43.10405171063006
-3.4676671422487857 -0.30033252273825556 43.10405171063006
-3.4676671422487857 -0.30033252273825556 43.10405171063006
-3.469339407818613 -0.2803553227655622 43.10405171063006
-3.469339407818613 -0.2803553227655622 43.10405171063006
-3.469339407818613 -0.2803553227655622 43.10405171063006
-3.469339407818613 -0.2803553227655622 43.10405171063006
-3.469339407818613 -0.2803553227655622 43.10405171063006
-3.4708965858758645 -0.2603688226371498 43.10405171063006
-3.4708965858758645 -0.2603688226371498 43.10405171063006
-3.4708965858758645 -0.2603688226371498 43.10405171063006
-3.472338624764669 -0.240373685360097 43.10405171063006
-3.472338624764669 -0.240373685360097 43.10405171063006
-3.472338624764669 -0.240373685360097 43.10405171063006
-3.472338624764669 -0.240373685360097 43.10405171063006
-3.472338624764669 -0.240373685360097 43.10405171063006
-3.472338624764669 -0.240373685360097 43.10405171063006
-3.472338624764669 -0.240373685360097 43.10405171063006
-3.472338624764669 -0.240373685360097 43.10405171063006
-3.472338624764669 -0.240373685360097 43.10405171063006
-3.472338624764669 -0.240373685360097 43.10405171063006
-3.472338624764669 -0.240373685360097 43.10405171063006
-3.4736654766486375 -0.22037057422800005 43.10405171063006
-3.4736654766486375 -0.22037057422800005 43.10405171063006
-3.4736654766486375 -0.22037057422800005 43.10405171063006
-3.4736654766486375 -0.22037057422800005 43.10405171063006
-3.474877097512451 -0.20036015279897001 43.10405171063006
-3.474877097512451 -0.20036015279897001 43.10405171063006
-3.474877097512451 -0.20036015279897001 43.10405171063006
-3.474877097512451 -0.20036015279897001 43.10405171063006
-3.474877097512451 -0.20036015279897001 43.10405171063006
-3.474877097512451 -0.20036015279897001 43.10405171063006
-3.474877097512451 -0.20036015279897001 43.10405171063006
-3.474877097512451 -0.20036015279897001 43.10405171063006
-3.474877097512451 -0.20036015279897001 43.10405171063006
-3.474877097512451 -0.20036015279897001 43.10405171063006
-3.474877097512451 -0.20036015279897001 43.10405171063006
-3.474877097512451 -0.20036015279897001 43.10405171063006
-3.474877097512451 -0.20036015279897001 43.10405171063006
-3.474877097512451 -0.20036015279897001 43.10405171063006
-3.474877097512451 -0.20036015279897001 43.10405171063006
-3.474877097512451 -0.20036015279897001 43.10405171063006
-3.474877097512451 -0.20036015279897001 43.10405171063006
-3.474877097512451 -0.20036015279897001 43.10405171063006
-3.474877097512451 -0.20036015279897001 43.10405171063006
-3.474877097512451 -0.20036015279897001 43.10405171063006
-3.474877097512451 -0.20036015279897001 43.10405171063006
-3.474877097512451 -0.20036015279897001 43.10405171063006
-3.474877097512451 -0.20036015279897001 43.10405171063006
-3.474877097512451 -0.20036015279897001 43.10405171063006
-3.474877097512451 -0.20036015279897001 43.10405171063006
-3.474877097512451 -0.20036015279897001 43.10405171063006
-3.474877097512451 -0.20036015279897001 43.10405171063006
-3.474877097512451 -0.20036015279897001 43.10405171063006
-3.474877097512451 -0.20036015279897001 43.10405171063006
-3.474877097512451 -0.20036015279897001 43.10405171063006
-3.474877097512451 -0.20036015279897001 43.10405171063006
-3.474877097512451 -0.20036015279897001 43.10405171063006
-3.474877097512451 -0.20036015279897001 43.10405171063006
-3.474877097512451 -0.20036015279897001 43.10405171063006
-3.474877097512451 -0.20036015279897001 43.10405171063006
-3.474877097512451 -0.20036015279897001 43.10405171063006
-3.474877097512451 -0.20036015279897001 43.10405171063006
-3.474877097512451 -0.20036015279897001 43.10405171063006
-3.474877097512451 -0.20036015279897001 43.10405171063006
-3.474877097512451 -0.20036015279897001 43.10405171063006
-3.474877097512451 -0.20036015279897001 43.10405171063006
-3.474877097512451 -0.20036015279897001 43.10405171063006
-3.474877097512451 -0.20036015279897001 43.10405171063006
-3.474877097512451 -0.20036015279897001 43.10405171063006
-3.474877097512451 -0.20036015279897001 43.10405171063006
-3.474877097512451 -0.20036015279897001 43.10405171063006
-3.474877097512451 -0.20036015279897001 43.10405171063006
-3.474877097512451 -0.20036015279897001 43.10405171063006
-3.474877097512451 -0.20036015279897001 43.10405171063006
-3.474877097512451 -0.20036015279897001 43.10405171063006
-3.474877097512451 -0.20036015279897001 43.10405171063006
-3.474877097512451 -0.20036015279897001 43.10405171063006
-3.474877097512451 -0.20036015279897001 43.10405171063006
-3.474877097512451 -0.20036015279897001 43.10405171063006
-3.474877097512451 -0.20036015279897001 43.10405171063006
-3.474877097512451 -0.20036015279897001 43.10405171063006
-3.474877097512451 -0.20036015279897001 43.10405171063006
-3.474877097512451 -0.20036015279897001 43.10405171063006
-3.474877097512451 -0.20036015279897001 43.10405171063006
-3.474877097512451 -0.20036015279897001 43.10405171063006
-3.474877097512451 -0.20036015279897001 43.10405171063006
-3.474877097512451 -0.20036015279897001 43.10405171063006
-3.474877097512451 -0.20036015279897001 43.10405171063006
-3.474877097512451 -0.20036015279897001 43.10405171063006
-3.474877097512451 -0.20036015279897001 43.10405171063006
-3.474877097512451 -0.20036015279897001 43.10405171063006
-3.5112246155205264 -0.20245593750087348 43.099829514691585
-3.5112246155205264 -0.20245593750087348 43.099829514691585
-3.5112246155205264 -0.20245593750087348 43.099829514691585
-3.547556439928228 -0.2045508173154728 43.095473905528976
-3.547556439928228 -0.2045508173154728 43.095473905528976
-3.5838720826678765 -0.2066447641009628 43.09098494165379
-3.5838720826678765 -0.2066447641009628 43.09098494165379
-3.5838720826678765 -0.2066447641009628 43.09098494165379
-3.620171055889175 -0.20873774972807219 43.08636268336902
-3.620171055889175 -0.20873774972807219 43.08636268336902
-3.620171055889175 -0.20873774972807219 43.08636268336902
-3.6564528719657616 -0.2108297460804419 43.0816071927683
-3.6564528719657616 -0.2108297460804419 43.0816071927683
-3.6564528719657616 -0.2108297460804419 43.0816071927683
-3.6564528719657616 -0.2108297460804419 43.0816071927683
-3.6564528719657616 -0.2108297460804419 43.0816071927683
-3.6564528719657616 -0.2108297460804419 43.0816071927683
-3.6564528719657616 -0.2108297460804419 43.0816071927683
-3.6564528719657616 -0.2108297460804419 43.0816071927683
-3.6927170435017502 -0.21292072505500204 43.07671853373506
-3.6927170435017502 -0.21292072505500204 43.07671853373506
-3.6927170435017502 -0.21292072505500204 43.07671853373506
-3.6927170435017502 -0.21292072505500204 43.07671853373506
-3.6927170435017502 -0.21292072505500204 43.07671853373506
-3.6927170435017502 -0.21292072505500204 43.07671853373506
-3.728963083338293 -0.2150106585623499 43.071696771941674
-3.728963083338293 -0.2150106585623499 43.071696771941674
-3.728963083338293 -0.2150106585623499 43.071696771941674
-3.728963083338293 -0.2150106585623499 43.071696771941674
-3.728963083338293 -0.2150106585623499 43.071696771941674
-3.728963083338293 -0.2150106585623499 43.071696771941674
-3.728963083338293 -0.2150106585623499 43.071696771941674
-3.728963083338293 -0.2150106585623499 43.071696771941674
-3.728963083338293 -0.2150106585623499 43.071696771941674
-3.728963083338293 -0.2150106585623499 43.071696771941674
-3.728963083338293 -0.2150106585623499 43.071696771941674
-3.728963083338293 -0.2150106585623499 43.071696771941674
-3.728963083338293 -0.2150106585623499 43.071696771941674
-3.728963083338293 -0.2150106585623499 43.071696771941674
-3.728963083338293 -0.2150106585623499 43.071696771941674
-3.728963083338293 -0.2150106585623499 43.071696771941674
-3.6346386863476727 -0.209571948051627 43.08411414699071
-3.6346386863476727 -0.209571948051627 43.08411414699071
-3.5402694864282473 -0.20413065422028304 43.09618514822425
-3.5402694864282473 -0.20413065422028304 43.09618514822425
-3.445856751299339 -0.19868685016455437 43.10790961348514
-3.351401749265117 -0.1932406090143993 43.119287385271456
-3.351401749265117 -0.1932406090143993 43.119287385271456
-3.351401749265117 -0.1932406090143993 43.119287385271456
-3.2569057491975406 -0.1877920039325145 43.13031831073862
-3.162370020519318 -0.1823411081133529 43.141002241701415
-3.162370020519318 -0.1823411081133529 43.141002241701415
-3.0677958331868593 -0.17688799478214043 43.151339034636074
-2.973184457673213 -0.1714327371938922 43.16132855068211
-2.973184457673213 -0.1714327371938922 43.16132855068211
-2.878537164951003 -0.16597540863242846 43.170970655644226
-2.783855226475346 -0.16051608240938997 43.18026521999411
-2.689139914166778 -0.1550548318632535 43.1892121188722
-2.594392500394167 -0.1495917303583463 43.19781123208931
-2.594392500394167 -0.1495917303583463 43.19781123208931
-2.4996142579576164 -0.1441268512838607 43.20606244412826
-2.4048064600713763 -0.13866026805286824 43.21396564414548
-2.3099703803467215 -0.13319205410133325 43.221520725972404
-2.215107292774872 -0.12772228288712703 43.22872758811703
-2.215107292774872 -0.12772228288712703 43.22872758811703
-2.0253051918513534 -0.11677836260579519 43.24209627078169
-2.0253051918513534 -0.11677836260579519 43.24209627078169
-1.930368728227694 -0.11130436055506158 43.248257911712024
-1.835410356178592 -0.10582909527246509 43.25407097378303
-1.7404313513380814 -0.10035264031060126 43.25953537890427
-1.6454329896173756 -0.09487506923804784 43.26465105366904
-1.6454329896173756 -0.09487506923804784 43.26465105366904
-1.5504165471877172 -0.0893964556383757 43.26941792935538
-1.4553833004632395 -0.08391687310916064 43.27383594192689
-1.4553833004632395 -0.08391687310916064 43.27383594192689
-1.3603345260838167 -0.07843639526099469 43.27790503203369
-1.2652715008979185 -0.07295509571649741 43.28162514501325
-1.2652715008979185 -0.07295509571649741 43.28162514501325
-1.1701955019454495 -0.06747304810932638 43.28499623089096
-1.075107806440604 -0.061990326083188683 43.288018244380986
-1.075107806440604 -0.061990326083188683 43.288018244380986
-0.9800096917547002 -0.05650700329085112 43.290691144886736
-0.8849024353990247 -0.05102315339315102 43.293014896501546
-0.8849024353990247 -0.05102315339315102 43.293014896501546
-0.7897873150076693 -0.04553885005800658 43.294989468009
-0.6946656083203679 -0.04005416695942733 43.29661483288346
-0.6946656083203679 -0.04005416695942733 43.29661483288346
-0.5995385931653328 -0.0345691777765244 43.29789096929042
-0.5044075474420888 -0.029083956192520775 43.298817860086785
-0.5044075474420888 -0.029083956192520775 43.298817860086785
-0.40927374910430386 -0.023598575893761353 43.29939549282101
-0.31413847614262524 -0.018113110568723192 43.299623859733444
-0.31413847614262524 -0.018113110568723192 43.299623859733444
-0.21900300656750893 -0.012627633907025544 43.29950295775626
-0.12386861839205257 -0.007142219598439966 43.29903278851362
-0.12386861839205257 -0.007142219598439966 43.29903278851362
-0.02873658961482617 -0.0016569413319003723 43.298213358321604
0.0663918017972948 0.003828127205486842 43.297044678188115
0.0663918017972948 0.003828127205486842 43.297044678188115
0.16151527792629883 0.009312912329432734 43.29552676381275
0.2566325609202037 0.014797340359455607 43.2936596355866
0.2566325609202037 0.014797340359455607 43.2936596355866
0.3517423730102233 0.0202813376198708 43.29144331859192
0.3517423730102233 0.0202813376198708 43.29144331859192
0.4468434365279333 0.0257648304407805 43.288877842601856
0.4468434365279333 0.0257648304407805 43.288877842601856
0.5419344739224325 0.031247745159063235 43.285963242080015
0.5419344739224325 0.031247745159063235 43.285963242080015
0.6370142077775102 0.036730008119363715 43.28269955618004
0.6370142077775102 0.036730008119363715 43.28269955618004
0.7320813608287997 0.0422115456750819 43.27908682874499
0.7320813608287997 0.0422115456750819 43.27908682874499
0.8271346559809424 0.047692284189362784 43.27512510830688
0.8271346559809424 0.047692284189362784 43.27512510830688
0.9221728163247396 0.0531721500360852 43.27081444808593
0.9221728163247396 0.0531721500360852 43.27081444808593
1.017194565154309 0.05865106960085115 43.26615490598986
1.017194565154309 0.05865106960085115 43.26615490598986
1.017194565154309 0.05865106960085115 43.26615490598986
1.112198625984233 0.06412896928197451 43.26114654461315
1.112198625984233 0.06412896928197451 43.26114654461315
1.2071837225667092 0.06960577549147008 43.255789431236224
1.2071837225667092 0.06960577549147008 43.255789431236224
1.2071837225667092 0.06960577549147008 43.255789431236224
1.302148578908692 0.07508141465604164 43.25008363782444
1.302148578908692 0.07508141465604164 43.25008363782444
1.3970919192890432 0.08055581321807133 43.24402924102725
1.3970919192890432 0.08055581321807133 43.24402924102725
1.3970919192890432 0.08055581321807133 43.24402924102725
1.3970919192890432 0.08055581321807133 43.24402924102725
1.3970919192890432 0.08055581321807133 43.24402924102725
1.4920124682756424 0.08602889763660564 43.237626322177036
1.4920124682756424 0.08602889763660564 43.237626322177036
1.4920124682756424 0.08602889763660564 43.237626322177036
1.5869089507425564 0.091500594388346 43.23087496728816
1.5874096323566922 0.08235918783871628 43.23087496728816
1.5874096323566922 0.08235918783871628 43.23087496728816
1.5878576552353885 0.07321504920872425 43.23087496728816
1.6827855133565937 0.07759210894119277 43.223775267055714
1.6832044980437735 0.06789872677721308 43.223775267055714
1.6832044980437735 0.06789872677721308 43.223775267055714
1.6832044980437735 0.06789872677721308 43.223775267055714
1.6835676462168314 0.058203092226062965 43.223775267055714
1.6835676462168314 0.058203092226062965 43.223775267055714
1.683874945829146 0.04850552691855809 43.223775267055714
1.683874945829146 0.04850552691855809 43.223775267055714
1.6841263866867464 0.03880635254956256 43.223775267055714
1.6841263866867464 0.03880635254956256 43.223775267055714
1.6841263866867464 0.03880635254956256 43.223775267055714
1.6843219604486481 0.029105890867317387 43.223775267055714
1.6843219604486481 0.029105890867317387 43.223775267055714
1.6843219604486481 0.029105890867317387 43.223775267055714
1.6844616606271325 0.019404463662767428 43.223775267055714
1.6844616606271325 0.019404463662767428 43.223775267055714
1.6844616606271325 0.019404463662767428 43.223775267055714
1.6844616606271325 0.019404463662767428 43.223775267055714
1.6844616606271325 0.019404463662767428 43.223775267055714
1.684545482587962 0.009702392758886463 43.223775267055714
1.684545482587962 0.009702392758886463 43.223775267055714
1.684545482587962 0.009702392758886463 43.223775267055714
1.6845734235505314 1.5873734201307552e-15 43.223775267055714
1.6845734235505314 1.5873734201307552e-15 43.223775267055714
1.6845734235505314 1.5873734201307552e-15 43.223775267055714
1.6845734235505314 1.5873734201307552e-15 43.223775267055714
1.5895447073675721 1.5878081513889835e-15 43.23087496728816
1.5895447073675721 1.5878081513889835e-15 43.23087496728816
1.5895447073675721 1.5878081513889835e-15 43.23087496728816
1.5895447073675721 1.5878081513889835e-15 43.23087496728816
1.5895447073675721 1.5878081513889835e-15 43.23087496728816
1.5895447073675721 1.5878081513889835e-15 43.23087496728816
1.5895447073675721 1.5878081513889835e-15 43.23087496728816
1.5895447073675721 1.5878081513889835e-15 43.23087496728816
1.5895447073675721 1.5878081513889835e-15 43.23087496728816
1.5895447073675721 1.5878081513889835e-15 43.23087496728816
1.5895447073675721 1.5878081513889835e-15 43.23087496728816
1.5895447073675721 1.5878081513889835e-15 43.23087496728816
1.5895447073675721 1.5878081513889835e-15 43.23087496728816
1.5895447073675721 1.5878081513889835e-15 43.23087496728816
1.5895447073675721 1.5878081513889835e-15 43.23087496728816
1.5895447073675721 1.5878081513889835e-15 43.23087496728816
1.5895447073675721 1.5878081513889835e-15 43.23087496728816
1.5895447073675721 1.5878081513889835e-15 43.23087496728816
1.5895447073675721 1.5878081513889835e-15 43.23087496728816
1.5895447073675721 1.5878081513889835e-15 43.23087496728816
1.5895447073675721 1.5878081513889835e-15 43.23087496728816
1.5895447073675721 1.5878081513889835e-15 43.23087496728816
1.5895447073675721 1.5878081513889835e-15 43.23087496728816
1.5895447073675721 1.5878081513889835e-15 43.23087496728816
1.5895447073675721 1.5878081513889835e-15 43.23087496728816
1.5895447073675721 1.5878081513889835e-15 43.23087496728816
1.5895447073675721 1.5878081513889835e-15 43.23087496728816
1.5895447073675721 1.5878081513889835e-15 43.23087496728816
1.5895447073675721 1.5878081513889835e-15 43.23087496728816
1.5895447073675721 1.5878081513889835e-15 43.23087496728816
1.5895447073675721 1.5878081513889835e-15 43.23087496728816
1.5895447073675721 1.5878081513889835e-15 43.23087496728816
1.5895447073675721 1.5878081513889835e-15 43.23087496728816
1.5895447073675721 1.5878081513889835e-15 43.23087496728816
1.5895447073675721 1.5878081513889835e-15 43.23087496728816
1.5895447073675721 1.5878081513889835e-15 43.23087496728816
1.5895447073675721 1.5878081513889835e-15 43.23087496728816
1.5895447073675721 1.5878081513889835e-15 43.23087496728816
1.5895447073675721 1.5878081513889835e-15 43.23087496728816
1.5895447073675721 1.5878081513889835e-15 43.23087496728816
1.5895447073675721 1.5878081513889835e-15 43.23087496728816
1.5895447073675721 1.5878081513889835e-15 43.23087496728816
1.5895447073675721 1.5878081513889835e-15 43.23087496728816
1.5895447073675721 1.5878081513889835e-15 43.23087496728816
1.5895447073675721 1.5878081513889835e-15 43.23087496728816
1.5895447073675721 1.5878081513889835e-15 43.23087496728816
1.5895447073675721 1.5878081513889835e-15 43.23087496728816
1.5895447073675721 1.5878081513889835e-15 43.23087496728816
1.5895447073675721 1.5878081513889835e-15 43.23087496728816
1.5895447073675721 1.5878081513889835e-15 43.23087496728816
1.5895447073675721 1.5878081513889835e-15 43.23087496728816
1.5895447073675721 1.5878081513889835e-15 43.23087496728816
1.5895447073675721 1.5878081513889835e-15 43.23087496728816
1.5895447073675721 1.5878081513889835e-15 43.23087496728816
1.5895447073675721 1.5878081513889835e-15 43.23087496728816
1.5895447073675721 1.5878081513889835e-15 43.23087496728816
1.5895447073675721 1.5878081513889835e-15 43.23087496728816
1.5895447073675721 1.5878081513889835e-15 43.23087496728816
1.5895447073675721 1.5878081513889835e-15 43.23087496728816
1.5895447073675721 1.5878081513889835e-15 43.23087496728816
1.5895447073675721 1.5878081513889835e-15 43.23087496728816
1.5895447073675721 1.5878081513889835e-15 43.23087496728816
1.5895447073675721 1.5878081513889835e-15 43.23087496728816
1.5895447073675721 1.5878081513889835e-15 43.23087496728816
1.5895447073675721 1.5878081513889835e-15 43.23087496728816
1.5895447073675721 1.5878081513889835e-15 43.23087496728816
1.5895447073675721 1.5878081513889835e-15 43.23087496728816
1.5895447073675721 1.5878081513889835e-15 43.23087496728816
1.5895447073675721 1.5878081513889835e-15 43.23087496728816
1.5895447073675721 1.5878081513889835e-15 43.23087496728816
1.5895447073675721 1.5878081513889835e-15 43.23087496728816
1.5895447073675721 1.5878081513889835e-15 43.23087496728816
1.5895447073675721 1.5878081513889835e-15 43.23087496728816
1.5895447073675721 1.5878081513889835e-15 43.23087496728816
1.5895447073675721 1.5878081513889835e-15 43.23087496728816
1.5895447073675721 1.5878081513889835e-15 43.23087496728816
1.5895447073675721 1.5878081513889835e-15 43.23087496728816
1.5895447073675721 1.5878081513889835e-15 43.23087496728816
1.5895447073675721 1.5878081513889835e-15 43.23087496728816
1.5895447073675721 1.5878081513889835e-15 43.23087496728816
1.5895447073675721 1.5878081513889835e-15 43.23087496728816
1.5895447073675721 1.5878081513889835e-15 43.23087496728816
1.5895447073675721 1.5878081513889835e-15 43.23087496728816
1.5895447073675721 1.5878081513889835e-15 43.23087496728816
1.5895447073675721 1.5878081513889835e-15 43.23087496728816
1.5895447073675721 1.5878081513889835e-15 43.23087496728816
1.5895447073675721 1.5878081513889835e-15 43.23087496728816
1.5895447073675721 1.5878081513889835e-15 43.23087496728816
1.5895447073675721 1.5878081513889835e-15 43.23087496728816
1.5895447073675721 1.5878081513889835e-15 43.23087496728816
1.5895447073675721 1.5878081513889835e-15 43.23087496728816
1.5895447073675721 1.5878081513889835e-15 43.23087496728816
1.5895447073675721 1.5878081513889835e-15 43.23087496728816
1.5895447073675721 1.5878081513889835e-15 43.23087496728816
1.5895447073675721 1.5878081513889835e-15 43.23087496728816
1.5895447073675721 1.5878081513889835e-15 43.23087496728816
1.5895447073675721 1.5878081513889835e-15 43.23087496728816
1.5895447073675721 1.5878081513889835e-15 43.23087496728816
1.5895447073675721 1.5878081513889835e-15 43.23087496728816
1.5895447073675721 1.5878081513889835e-15 43.23087496728816
1.5895447073675721 1.5878081513889835e-15 43.23087496728816
1.5895447073675721 1.5878081513889835e-15 43.23087496728816
1.5895447073675721 1.5878081513889835e-15 43.23087496728816
1.5895447073675721 1.5878081513889835e-15 43.23087496728816
1.5895447073675721 1.5878081513889835e-15 43.23087496728816
1.5895447073675721 1.5878081513889835e-15 43.23087496728816
1.5895447073675721 1.5878081513889835e-15 43.23087496728816
1.5895447073675721 1.5878081513889835e-15 43.23087496728816
1.5895447073675721 1.5878081513889835e-15 43.23087496728816
1.5895447073675721 1.5878081513889835e-15 43.23087496728816
1.5895447073675721 1.5878081513889835e-15 43.23087496728816
1.5895447073675721 1.5878081513889835e-15 43.23087496728816
1.5895447073675721 1.5878081513889835e-15 43.23087496728816
1.5895447073675721 1.5878081513889835e-15 43.23087496728816
1.5895447073675721 1.5878081513889835e-15 43.23087496728816
1.5895447073675721 1.5878081513889835e-15 43.23087496728816
1.5895447073675721 1.5878081513889835e-15 43.23087496728816
1.5895447073675721 1.5878081513889835e-15 43.23087496728816
1.5895447073675721 1.5878081513889835e-15 43.23087496728816
1.5895447073675721 1.5878081513889835e-15 43.23087496728816
1.5895447073675721 1.5878081513889835e-15 43.23087496728816
1.5895447073675721 1.5878081513889835e-15 43.23087496728816
1.5895447073675721 1.5878081513889835e-15 43.23087496728816
1.5895447073675721 1.5878081513889835e-15 43.23087496728816
1.5895447073675721 1.5878081513889835e-15 43.23087496728816
1.5895447073675721 1.5878081513889835e-15 43.23087496728816
1.5895447073675721 1.5878081513889835e-15 43.23087496728816
1.5895447073675721 1.5878081513889835e-15 43.23087496728816
1.5895447073675721 1.5878081513889835e-15 43.23087496728816
1.5895447073675721 1.5878081513889835e-15 43.23087496728816
1.5895447073675721 1.5878081513889835e-15 43.23087496728816
1.5895447073675721 1.5878081513889835e-15 43.23087496728816
1.5895447073675721 1.5878081513889835e-15 43.23087496728816
1.5895447073675721 1.5878081513889835e-15 43.23087496728816
1.5895447073675721 1.5878081513889835e-15 43.23087496728816
1.5895447073675721 1.5878081513889835e-15 43.23087496728816
1.5895447073675721 1.5878081513889835e-15 43.23087496728816
1.5895447073675721 1.5878081513889835e-15 43.23087496728816
1.5895447073675721 1.5878081513889835e-15 43.23087496728816
1.5895447073675721 1.5878081513889835e-15 43.23087496728816
1.5895447073675721 1.5878081513889835e-15 43.23087496728816
1.5895447073675721 1.5878081513889835e-15 43.23087496728816
1.5895447073675721 1.5878081513889835e-15 43.23087496728816
1.5895447073675721 1.5878081513889835e-15 43.23087496728816
1.5895447073675721 1.5878081513889835e-15 43.23087496728816
1.5895447073675721 1.5878081513889835e-15 43.23087496728816
1.5895447073675721 1.5878081513889835e-15 43.23087496728816
1.5895447073675721 1.5878081513889835e-15 43.23087496728816
1.5895447073675721 1.5878081513889835e-15 43.23087496728816
1.5895447073675721 1.5878081513889835e-15 43.23087496728816
1.5895447073675721 1.5878081513889835e-15 43.23087496728816
1.5895447073675721 1.5878081513889835e-15 43.23087496728816
1.5895447073675721 1.5878081513889835e-15 43.23087496728816
1.5895447073675721 1.5878081513889835e-15 43.23087496728816
1.5895447073675721 1.5878081513889835e-15 43.23087496728816
1.5895447073675721 1.5878081513889835e-15 43.23087496728816
1.5895447073675721 1.5878081513889835e-15 43.23087496728816
1.5895447073675721 1.5878081513889835e-15 43.23087496728816
1.5895447073675721 1.5878081513889835e-15 43.23087496728816
1.5895447073675721 1.5878081513889835e-15 43.23087496728816
1.5895447073675721 1.5878081513889835e-15 43.23087496728816
1.5895447073675721 1.5878081513889835e-15 43.23087496728816
1.5895447073675721 1.5878081513889835e-15 43.23087496728816
1.5895447073675721 1.5878081513889835e-15 43.23087496728816
1.5895447073675721 1.5878081513889835e-15 43.23087496728816
1.5895447073675721 1.5878081513889835e-15 43.23087496728816
1.5895447073675721 1.5878081513889835e-15 43.23087496728816
1.5895447073675721 1.5878081513889835e-15 43.23087496728816
1.5895447073675721 1.5878081513889835e-15 43.23087496728816
1.5895447073675721 1.5878081513889835e-15 43.23087496728816
1.5895447073675721 1.5878081513889835e-15 43.23087496728816
1.5895447073675721 1.5878081513889835e-15 43.23087496728816
1.5895447073675721 1.5878081513889835e-15 43.23087496728816
1.5895447073675721 1.5878081513889835e-15 43.23087496728816
1.5895447073675721 1.5878081513889835e-15 43.23087496728816
1.5895447073675721 1.5878081513889835e-15 43.23087496728816
1.5895447073675721 1.5878081513889835e-15 43.23087496728816
1.5895447073675721 1.5878081513889835e-15 43.23087496728816
1.5895447073675721 1.5878081513889835e-15 43.23087496728816
1.5895447073675721 1.5878081513889835e-15 43.23087496728816
1.5895447073675721 1.5878081513889835e-15 43.23087496728816
1.5895447073675721 1.5878081513889835e-15 43.23087496728816
1.5895447073675721 1.5878081513889835e-15 43.23087496728816
1.5895447073675721 1.5878081513889835e-15 43.23087496728816
1.5895447073675721 1.5878081513889835e-15 43.23087496728816
1.5895447073675721 1.5878081513889835e-15 43.23087496728816
1.5895447073675721 1.5878081513889835e-15 43.23087496728816
1.5895447073675721 1.5878081513889835e-15 43.23087496728816
1.5895447073675721 1.5878081513889835e-15 43.23087496728816
1.5895447073675721 1.5878081513889835e-15 43.23087496728816
1.5895447073675721 1.5878081513889835e-15 43.23087496728816
1.5895447073675721 1.5878081513889835e-15 43.23087496728816
1.5895447073675721 1.5878081513889835e-15 43.23087496728816
1.5895447073675721 1.5878081513889835e-15 43.23087496728816
1.5895447073675721 1.5878081513889835e-15 43.23087496728816
1.5895447073675721 1.5878081513889835e-15 43.23087496728816
1.5895447073675721 1.5878081513889835e-15 43.23087496728816
1.5895447073675721 1.5878081513889835e-15 43.23087496728816
1.5895447073675721 1.5878081513889835e-15 43.23087496728816
1.5895447073675721 1.5878081513889835e-15 43.23087496728816
1.5895447073675721 1.5878081513889835e-15 43.23087496728816
1.5895447073675721 1.5878081513889835e-15 43.23087496728816
1.5895447073675721 1.5878081513889835e-15 43.23087496728816
1.5895447073675721 1.5878081513889835e-15 43.23087496728816
1.5895447073675721 1.5878081513889835e-15 43.23087496728816
1.5895447073675721 1.5878081513889835e-15 43.23087496728816
1.5895447073675721 1.5878081513889835e-15 43.23087496728816
1.5895447073675721 1.5878081513889835e-15 43.23087496728816
1.5895447073675721 1.5878081513889835e-15 43.23087496728816
1.5895447073675721 1.5878081513889835e-15 43.23087496728816
1.5895447073675721 1.5878081513889835e-15 43.23087496728816
1.5895447073675721 1.5878081513889835e-15 43.23087496728816
1.5895447073675721 1.5878081513889835e-15 43.23087496728816
1.5895447073675721 1.5878081513889835e-15 43.23087496728816
1.5895447073675721 1.5878081513889835e-15 43.23087496728816
1.5895447073675721 1.5878081513889835e-15 43.23087496728816
1.5895447073675721 1.5878081513889835e-15 43.23087496728816
1.5895447073675721 1.5878081513889835e-15 43.23087496728816
1.5895447073675721 1.5878081513889835e-15 43.23087496728816
1.4944906077719404 1.5882215526467119e-15 43.237626322177036
1.4944906077719404 1.5882215526467119e-15 43.237626322177036
1.399412401683638 1.5886136183504677e-15 43.24402924102725
1.3043113663465016 1.58898434323339e-15 43.25008363782444
1.3043113663465016 1.58898434323339e-15 43.25008363782444
1.2091887793110663 1.5893337223153068e-15 43.255789431236224
1.1140459184173621 1.589661750902793e-15 43.26114654461315
1.0188840617777801 1.589968424589241e-15 43.26615490598986
1.0188840617777801 1.589968424589241e-15 43.26615490598986
0.9237044877598904 1.5902537392549135e-15 43.27081444808593
0.828508474969273 1.5905176910670033e-15 43.27512510830688
0.828508474969273 1.5905176910670033e-15 43.27512510830688
0.7332973022323391 1.5907602764796853e-15 43.27908682874499
0.6380722485791538 1.5909814922341622e-15 43.28269955618004
0.6380722485791538 1.5909814922341622e-15 43.28269955618004
0.5428345932262512 1.5911813353587032e-15 43.285963242080015
0.4475856155594538 1.5913598031686966e-15 43.288877842601856
0.4475856155594538 1.5913598031686966e-15 43.288877842601856
0.35232659511668185 1.5915168932666725e-15 43.29144331859192
0.257058811570768 1.5916526035423443e-15 43.2936596355866
0.257058811570768 1.5916526035423443e-15 43.2936596355866
0.16178354471226442 1.591766932172632e-15 43.29552676381275
