0.0 X_cur 0.0 Y_cur 0.0 0.03501415252685547 1.0
-0.0005600000000000001 X_cur 0.0004886921905350703 Y_cur -4.776401142179543e-09 0.07602095603942871 1.0000001241864218
-0.0022400000000000002 X_cur 0.0014660765709049541 Y_cur -4.29876102704903e-08 0.08924055099487305 1.0000011176772425
-0.005600000000000001 X_cur 0.0024434609473533986 Y_cur -1.3851563296350875e-07 0.10161542892456055 1.0000031237614642
-0.011200000000000002 X_cur 0.0039095374910183564 Y_cur -4.2509969967372364e-07 0.11361193656921387 1.0000080673089462
-0.0196 X_cur 0.0058643061388767 Y_cur -1.0937958465474986e-06 0.12629961967468262 1.0000182886724522
-0.0308 X_cur 0.007819074618673373 Y_cur -2.144604047234655e-06 0.13750219345092773 1.0000327130352218
-0.04508 X_cur 0.01001818879551022 Y_cur -3.874855182499375e-06 0.14896178245544434 1.0000540554550648
-0.06272 X_cur 0.01221730233541967 Y_cur -6.282160877415645e-06 0.1606137752532959 1.0000809101455619
-0.08399999999999999 X_cur 0.014660760662248522 Y_cur -9.864460450819533e-06 0.17328405380249023 1.0001173265779395
-0.10919999999999999 X_cur 0.01710421717716331 Y_cur -1.4521448745135633e-05 0.18497490882873535 1.0001607857507742
-0.13804 X_cur 0.01979201642455356 Y_cur -2.0997048329144027e-05 0.19626355171203613 1.0002168357169778
-0.1708 X_cur 0.022479811530042634 Y_cur -2.90094493782394e-05 0.20793747901916504 1.0002816411724904
-0.20776 X_cur 0.0254119453966 Y_cur -3.9641695021055664e-05 0.2206869125366211 1.000362460276447
-0.25088 X_cur 0.028344070431119955 Y_cur -5.2480620264868803e-05 0.23731446266174316 1.000454072070952
-0.2982 X_cur 0.0315205266480273 Y_cur -6.901286408188553e-05 0.24884700775146484 1.0005656270785581
-0.34944000000000003 X_cur 0.03469696680979993 Y_cur -8.83858270138668e-05 0.26023101806640625 1.0006900913728896
-0.40544 X_cur 0.03811772649722209 Y_cur -0.00011259242598346154 0.2733125686645508 1.0008387275692014
-0.46536 X_cur 0.04153845899871365 Y_cur -0.0001403764459499112 0.2849278450012207 1.0010026054778451
-0.52976 X_cur 0.04495915811038972 Y_cur -0.0001720053236529805 0.29601407051086426 1.0011819845218612
-0.5986400000000001 X_cur 0.048379816726511336 Y_cur -0.00020774648310742166 0.30776476860046387 1.0013771231615523
-0.672 X_cur 0.05180042677677171 Y_cur -0.00024786733284789804 0.3201889991760254 1.0015882788442396
-0.7498400000000001 X_cur 0.055709629504565046 Y_cur -0.0002990306813609731 0.3313870429992676 1.0018491471282522
-0.8318800000000001 X_cur 0.05986307530712963 Y_cur -0.0003593389855732738 0.34351229667663574 1.0021488885793768
-0.9184000000000001 X_cur 0.06401642530513497 Y_cur -0.0004259191663124628 0.3568129539489746 1.0024720058179226
-1.0099600000000002 X_cur 0.06816966360333443 Y_cur -0.0004991364099619941 0.36777329444885254 1.0028188395681803
-1.1065600000000002 X_cur 0.07281137360846092 Y_cur -0.0005887934383366817 0.3807544708251953 1.003234483897527
-1.2070800000000002 X_cur 0.07696433543159159 Y_cur -0.0006762989925460479 0.39168548583984375 1.0036316875696214
-1.3123600000000002 X_cur 0.08136141145528387 Y_cur -0.0007770316486494138 0.4041154384613037 1.0040788546471229
-1.4221200000000003 X_cur 0.08575828644002341 Y_cur -0.000886187476285398 0.415999174118042 1.0045534550107043
-1.5369200000000003 X_cur 0.09064345027375244 Y_cur -0.0010172600855668686 0.42804861068725586 1.005112824545954
-1.6556400000000002 X_cur 0.09552833203102963 Y_cur -0.0011584547338311015 0.4396324157714844 1.00570567946376
-1.7785600000000001 X_cur 0.10065712801402629 Y_cur -0.0013177125797327418 0.4509868621826172 1.006364257585662
-1.90596 X_cur 0.10578555720079627 Y_cur -0.0014883741541126582 0.4626624584197998 1.007059853076336
-2.0384 X_cur 0.11091357820044677 Y_cur -0.0016708896981833298 0.475330114364624 1.0077928324303447
-2.17504 X_cur 0.11628531940656416 Y_cur -0.0018749076511847481 0.4868314266204834 1.0086008160271123
-2.31588 X_cur 0.12141239636156338 Y_cur -0.0020822556538270826 0.4978184700012207 1.009410628578142
-2.4612 X_cur 0.12653893092687296 Y_cur -0.0023026068448156927 0.5096960067749023 1.0102586880240274
-2.61128 X_cur 0.1319089630911157 Y_cur -0.002547517983077947 0.521975040435791 1.0111881626867492
-2.76584 X_cur 0.13727831504985666 Y_cur -0.002806914308824566 0.534146785736084 1.0121595937244847
-2.92488 X_cur 0.14313498186752763 Y_cur -0.0031061500203162394 0.5453164577484131 1.0132667818707957
-3.08812 X_cur 0.14923476364227342 Y_cur -0.003435233937199001 0.5567286014556885 1.0144719234093995
-3.25556 X_cur 0.15508960590254978 Y_cur -0.0037682659649716016 0.5678489208221436 1.0156788457073103
-3.42748 X_cur 0.1609434225216134 Y_cur -0.00411886433150364 0.5805599689483643 1.0169353366656892
-3.6044400000000003 X_cur 0.16728385387611341 Y_cur -0.004518263744288328 0.5932137966156006 1.0183520167228446
-3.7856000000000005 X_cur 0.17337917774808417 Y_cur -0.004921576054607942 0.6047306060791016 1.0197684606304898
-3.9712400000000003 X_cur 0.17947316288498455 Y_cur -0.00534463524090335 0.6157886981964111 1.021238685030882
-4.16192 X_cur 0.18605310981538795 Y_cur -0.005823439795893262 0.6342289447784424 1.0228863826030825
-4.35932 X_cur 0.19263136808152997 Y_cur -0.006324911223532048 0.6456589698791504 1.024595857359384
-4.56064 X_cur 0.19969496858743613 Y_cur -0.006888351460757137 0.65706467628479 1.02649999161544
-4.76616 X_cur 0.20651300142236675 Y_cur -0.0074568226173805 0.6678953170776367 1.028405012237291
-4.97644 X_cur 0.21357232703169704 Y_cur -0.008071508674986815 0.6801867485046387 1.0304471386131353
-5.1912 X_cur 0.2206292990476509 Y_cur -0.008712650604676297 0.6914145946502686 1.0325591988298637
-5.41016 X_cur 0.22792702696473416 Y_cur -0.009403794655218014 0.703484058380127 1.0348172545359575
-5.63332 X_cur 0.23497884159263888 Y_cur -0.010099371726167605 0.7148480415344238 1.0370707771207408
-5.862360000000001 X_cur 0.24227088751038697 Y_cur -0.010848090086987469 0.730170488357544 1.039475369678176
-6.09616 X_cur 0.2498027818549745 Y_cur -0.011652506834274275 0.741452693939209 1.0420375350276763
-6.334160000000001 X_cur 0.2580598331223637 Y_cur -0.012569077002510178 0.7535011768341064 1.044935889503685
-6.5772 X_cur 0.2658274463382946 Y_cur -0.01346468827341265 0.7651839256286621 1.0477475390588442
-6.82444 X_cur 0.2738337374305445 Y_cur -0.014422844573352012 0.7775022983551025 1.0507324223357113
-7.07616 X_cur 0.2823207117202392 Y_cur -0.015476367186706814 0.7887656688690186 1.053991098909727
-7.3320799999999995 X_cur 0.2905605475386696 Y_cur -0.01653660404274636 0.7997994422912598 1.057247416239326
-7.591919999999999 X_cur 0.29927989880222805 Y_cur -0.01769876239995185 0.8110833168029785 1.0607917933399869
-7.856519999999999 X_cur 0.308235842629719 Y_cur -0.0189345757781266 0.8230469226837158 1.0645360512438287
-8.126159999999999 X_cur 0.31670208609396844 Y_cur -0.020143444710162797 0.8354980945587158 1.0681726728958143
-8.399999999999999 X_cur 0.3258876296996042 Y_cur -0.021499847779562667 0.8468286991119385 1.072224177215239
-8.67776 X_cur 0.3345833918883768 Y_cur -0.02282703219058216 0.8577375411987305 1.0761603894900265
-8.959999999999999 X_cur 0.3437552396984227 Y_cur -0.024273147112388163 0.8690547943115234 1.0804180416466749
-9.247 X_cur 0.3526785579820575 Y_cur -0.025725922165793943 0.8814737796783447 1.084663926137111
-9.5382 X_cur 0.36231728175004063 Y_cur -0.027345498335546066 0.8933162689208984 1.0893633854710971
-9.8336 X_cur 0.37170677125627183 Y_cur -0.02897301593284218 0.9047231674194336 1.0940527369901742
-10.13348 X_cur 0.38108761394199403 Y_cur -0.03064965460079258 0.9161179065704346 1.0988477965709063
-10.438120000000001 X_cur 0.39069971188019575 Y_cur -0.03242041603913774 0.928070068359375 1.1038741686975442
-10.747240000000001 X_cur 0.40030211642727226 Y_cur -0.03424301027796238 0.9402735233306885 1.1090087415007037
-11.06084 X_cur 0.4098944014912803 Y_cur -0.036118134299439414 0.9513816833496094 1.1142505142911294
-11.37892 X_cur 0.41947612896161773 Y_cur -0.03804648113787214 0.9641439914703369 1.1195984636338792
-11.70176 X_cur 0.42928610662943 Y_cur -0.040078344115208435 0.9752907752990723 1.1251886611775326
-12.02908 X_cur 0.4390843166299277 Y_cur -0.04216621618691034 0.987523078918457 1.1308870232130672
-12.36032 X_cur 0.44934765716768194 Y_cur -0.044415307649361996 0.9989533424377441 1.136976979474253
-12.7008 X_cur 0.45935908404266856 Y_cur -0.04667162702248531 1.027003526687622 1.1430364223883753
-13.05472 X_cur 0.47030850623583337 Y_cur -0.0492105173014243 1.0586817264556885 1.1497968519063284
-13.41284 X_cur 0.4810041643486408 Y_cur -0.05176111555424284 1.0699262619018555 1.1565320792406233
-13.77516 X_cur 0.49192079767227176 Y_cur -0.054437480082862005 1.0832545757293701 1.1635396300023562
-14.14336 X_cur 0.5030569458973795 Y_cur -0.057243648154977934 1.097118854522705 1.170824676191805
-14.51548 X_cur 0.5141746341087119 Y_cur -0.060122082690646984 1.10798978805542 1.17823358659019
-14.89208 X_cur 0.525273162606553 Y_cur -0.06307353008525572 1.1194446086883545 1.185764405656797
-15.27344 X_cur 0.5365875163107013 Y_cur -0.06616315031343689 1.133178472518921 1.193578663409647
-15.659 X_cur 0.5481161002652678 Y_cur -0.06939478941526411 1.1449742317199707 1.201680687619853
-16.04988 X_cur 0.5598571912275496 Y_cur -0.07277255771858401 1.1571760177612305 1.2100748056063615
-16.445240000000002 X_cur 0.5720433952794828 Y_cur -0.07636961059738437 1.1680681705474854 1.2189360872090231
-16.844520000000003 X_cur 0.5837365119998739 Y_cur -0.07990988700732715 1.179677963256836 1.2275804167132827
-17.24828 X_cur 0.5958711056099621 Y_cur -0.08367737908114015 1.1918306350708008 1.2366968247848813
-17.65652 X_cur 0.6079785475480907 Y_cur -0.08753123537361984 1.2040793895721436 1.2459382417246683
-18.06952 X_cur 0.6202901909407765 Y_cur -0.09154805278032196 1.2154285907745361 1.2554828045440756
-18.487000000000002 X_cur 0.6325722396306561 Y_cur -0.0956544703293391 1.2272465229034424 1.265150724895658
-18.90868 X_cur 0.6450548942155854 Y_cur -0.0999303510747015 1.2394471168518066 1.27512454049273
-19.33484 X_cur 0.6579665301116803 Y_cur -0.10446075759764094 1.2509067058563232 1.2855946172181802
-19.7652 X_cur 0.6706138225480393 Y_cur -0.10900538763987272 1.2618169784545898 1.2959999416692725
-20.19976 X_cur 0.6834556002505714 Y_cur -0.11373018077980664 1.2740144729614258 1.3067159113953153
-20.6388 X_cur 0.6962607966528309 Y_cur -0.11855323685204738 1.2861344814300537 1.3175509252502642
-21.0826 X_cur 0.7092562412614432 Y_cur -0.12356322795127553 1.2975444793701172 1.328698138394346
-21.53032 X_cur 0.7226667334522408 Y_cur -0.12885396078359207 1.3088550567626953 1.3403575912476997
-21.98224 X_cur 0.7358084961986039 Y_cur -0.13415883966535266 1.3199820518493652 1.3519358034570685
-22.43864 X_cur 0.7489075854758578 Y_cur -0.1395682322503273 1.3317222595214844 1.3636269018824083
-22.89952 X_cur 0.7619627389741198 Y_cur -0.14508281611211266 1.3450477123260498 1.3754278866375325
-23.366 X_cur 0.7749725626832837 Y_cur -0.15070350602424298 1.358018159866333 1.3873359476667435
-23.83668 X_cur 0.7881592780883095 Y_cur -0.15652962750677749 1.3696813583374023 1.3995555819393708
-24.31184 X_cur 0.8017425780384791 Y_cur -0.16266610211300578 1.3809762001037598 1.4122972868494925
-24.79204 X_cur 0.8148303190641262 Y_cur -0.16871128114658215 1.3939306735992432 1.4247226072276071
-25.27644 X_cur 0.8280874367197909 Y_cur -0.17497122386719582 1.4051783084869385 1.4374582358347425
-25.765320000000003 X_cur 0.8417307664756934 Y_cur -0.18155648225674173 1.4167213439941406 1.4507192712563945
-26.25812 X_cur 0.8548786885265337 Y_cur -0.1880426365215222 1.4276809692382812 1.4636471153559714
-26.757920000000002 X_cur 0.8681877120432502 Y_cur -0.19475324388305434 1.4561090469360352 1.4768836166441737
-27.26584 X_cur 0.8816539216150479 Y_cur -0.2016935086225153 1.467550277709961 1.4904297790116394
-27.77824 X_cur 0.8954899006047548 Y_cur -0.20898167875498855 1.4791605472564697 1.504506185314751
-28.2954 X_cur 0.9090443822923872 Y_cur -0.21627861152498115 1.4916484355926514 1.5184516290716947
-28.817320000000002 X_cur 0.9227459196797181 Y_cur -0.2238164899869265 1.5035927295684814 1.5327057230432362
-29.34484 X_cur 0.9363774763727617 Y_cur -0.2314801967015539 1.517474889755249 1.5470443604261384
-29.87628 X_cur 0.9503611104212722 Y_cur -0.23951344143784534 1.5287413597106934 1.5619154303950789
-30.412760000000002 X_cur 0.9638474659542781 Y_cur -0.24742987705754496 1.541473150253296 1.5764146776157233
-30.95344 X_cur 0.9778871605584039 Y_cur -0.2558502561771392 1.5533850193023682 1.5916730709304483
-31.49888 X_cur 0.9912210351479129 Y_cur -0.26402090651323423 1.5657188892364502 1.606321260714132
-32.04936 X_cur 1.0048900057064083 Y_cur -0.27257860983052684 1.5777623653411865 1.6214993807482077
-32.60376 X_cur 1.0188872150585218 Y_cur -0.2815314929625399 1.589062213897705 1.637209248833058
-33.16348 X_cur 1.032591752251965 Y_cur -0.2904870202729973 1.6014182567596436 1.6527560244367172
-33.7274 X_cur 1.046817144110324 Y_cur -0.2999840090820507 1.6134121417999268 1.6690669720153042
-34.29552 X_cur 1.0607458055444539 Y_cur -0.30948390190417613 1.6248819828033447 1.685209112640428
-34.868680000000005 X_cur 1.0749796937884004 Y_cur -0.31940203693225566 1.6369686126708984 1.7018822159945113
-35.44632000000001 X_cur 1.089112868499291 Y_cur -0.32946316756294647 1.6489622592926025 1.7186154759681576
-36.02816000000001 X_cur 1.1029455356827604 Y_cur -0.3395235795105022 1.6602532863616943 1.7351692351892252
-36.614760000000004 X_cur 1.1168706079718507 Y_cur -0.34987081772753337 1.6714694499969482 1.7520134644185275
-37.20584 X_cur 1.1310774238672838 Y_cur -0.36065666044851585 1.683314323425293 1.7693848327611377
-37.801680000000005 X_cur 1.1449782407120224 Y_cur -0.3714398921100908 1.6957659721374512 1.786567252967247
-38.40200000000001 X_cur 1.1591482889335396 Y_cur -0.3826717393129008 1.70693039894104 1.804274340124615
-39.006800000000005 X_cur 1.1731989893373111 Y_cur -0.3940525335009552 1.7187695503234863 1.8220258875061355
-39.61580000000001 X_cur 1.1869397022910242 Y_cur -0.405426223694211 1.7297923564910889 1.8395784101587176
-40.229560000000006 X_cur 1.2007443419145534 Y_cur -0.417104262187549 1.741321086883545 1.8574098805998451
-40.84780000000001 X_cur 1.2144221705325629 Y_cur -0.42893057448190997 1.754563331604004 1.8752769915322434
-41.47052000000001 X_cur 1.2283368347752899 Y_cur -0.44122847192346576 1.7656223773956299 1.8936607108847736
-42.09772000000001 X_cur 1.2421160465591372 Y_cur -0.45367794922521365 1.7773587703704834 1.9120752739323115
-42.72912000000001 X_cur 1.2562956989105805 Y_cur -0.46677590529867885 1.7882609367370605 1.9312458257471996
-43.364720000000005 X_cur 1.2705068210700292 Y_cur -0.4801981293450011 1.8006224632263184 1.950685542188159
-44.00424 X_cur 1.2845672458728457 Y_cur -0.49377813471115584 1.811500072479248 1.9701487570512253
-44.647960000000005 X_cur 1.2989957260150555 Y_cur -0.5080303908184653 1.8234128952026367 1.990363171845147
-45.296440000000004 X_cur 1.3127463292303863 Y_cur -0.5219240225465263 1.8398761749267578 2.0098645863122355
-45.9508 X_cur 1.3275265791402109 Y_cur -0.5372031411622967 1.852013349533081 2.0310884558588143
-46.60908 X_cur 1.3421303132838698 Y_cur -0.5526510601850321 1.8647668361663818 2.052325289160849
-47.27184 X_cur 1.3568859708224157 Y_cur -0.5686258524748471 1.8758838176727295 2.074060414468954
-47.93824 X_cur 1.3719459189764573 Y_cur -0.5853154061671488 1.887047290802002 2.0965353661760795
-48.6094 X_cur 1.386647778847998 Y_cur -0.6019969090837123 1.8992674350738525 2.118769963752048
-49.2842 X_cur 1.4016303238660142 Y_cur -0.6194060116150104 1.9106814861297607 2.141738404949489
-49.96292 X_cur 1.4164055960392106 Y_cur -0.6369913702513901 1.9214928150177002 2.164704496869888
-50.64724 X_cur 1.4312796626131843 Y_cur -0.655129825398972 1.9374618530273438 2.1881536078473425
-51.337439999999994 X_cur 1.4460868056457439 Y_cur -0.6736369319950031 1.9552688598632812 2.2118380658629504
-52.03323999999999 X_cur 1.4609687575340728 Y_cur -0.6927077566477036 1.9700119495391846 2.235998492822827
-52.73463999999999 X_cur 1.4759120468147222 Y_cur -0.7123482494146047 1.986088514328003 2.260631083836123
-53.44135999999999 X_cur 1.4910485787875498 Y_cur -0.7327603741023613 2.0034937858581543 2.2859755856884663
-54.15395999999999 X_cur 1.5063593505951363 Y_cur -0.7539533676409597 2.018145799636841 2.312027445551731
-54.87047999999999 X_cur 1.521403900291294 Y_cur -0.7753361699107953 2.0294227600097656 2.3380522543380193
-55.59063999999999 X_cur 1.5365927459981423 Y_cur -0.7975111476753776 2.040844202041626 2.364775590425308
-56.318639999999995 X_cur 1.5517696338964746 Y_cur -0.8202839773815677 2.067039728164673 2.3919495720008936
-57.05448 X_cur 1.5671843526548637 Y_cur -0.8440700472067229 2.0873539447784424 2.420053952748006
-57.794239999999995 X_cur 1.582811595396964 Y_cur -0.8688801558297313 2.0996673107147217 2.449082600358192
-58.538199999999996 X_cur 1.5982429132637368 Y_cur -0.894099504412549 2.110969066619873 2.4783045297972603
-59.285799999999995 X_cur 1.613468663996845 Y_cur -0.9197281201990075 2.1218883991241455 2.507715531152323
-60.037319999999994 X_cur 1.628601027327697 Y_cur -0.945977613138198 2.134763717651367 2.5375520047967233
-60.792759999999994 X_cur 1.6436244551523598 Y_cur -0.9728508976988498 2.145872116088867 2.5678087962552913
-61.55295999999999 X_cur 1.6586391965807115 Y_cur -1.0005656714205164 2.1587178707122803 2.5987202600703543
-62.31679999999999 X_cur 1.673396653448866 Y_cur -1.0286945215229657 2.170283794403076 2.6298018597284396
-63.08483999999999 X_cur 1.6878863416938492 Y_cur -1.0572365376499195 2.1814708709716797 2.661049130384194
-63.856519999999996 X_cur 1.7023133050509223 Y_cur -1.0866291551698504 2.193328380584717 2.692933682762767
-64.63324 X_cur 1.716340499214293 Y_cur -1.1162146424952666 2.205839157104492 2.7247365234742493
-65.41388 X_cur 1.7301666349139853 Y_cur -1.1464328806256272 2.217048406600952 2.75692776394312
-66.19844 X_cur 1.7435777043232372 Y_cur -1.1768376033079626 2.2278761863708496 2.7890294301402854
-66.98888000000001 X_cur 1.7566635712320011 Y_cur -1.2076493462030595 2.243614673614502 2.821273212272141
-67.78464000000001 X_cur 1.769412641431883 Y_cur -1.2388660644955456 2.2571592330932617 2.8536542100276843
-68.58432 X_cur 1.7819032277241782 Y_cur -1.2707126268520597 2.268287181854248 2.8864017299605447
-69.38820000000001 X_cur 1.793859762563682 Y_cur -1.3025025915500699 2.2796719074249268 2.9188098656541195
-70.19628000000002 X_cur 1.8056151210283788 Y_cur -1.3351477053540068 2.290956735610962 2.9518063573185844
-71.00856000000002 X_cur 1.8166679548263065 Y_cur -1.3672630513104869 2.303633689880371 2.9839934336711655
-71.82588000000001 X_cur 1.827413982542514 Y_cur -1.399997105095304 2.31514573097229 3.0165258109384263
-72.64712000000002 X_cur 1.8378354894406126 Y_cur -1.4333482674580715 2.3262898921966553 3.049397166160652
-73.47284000000002 X_cur 1.8477752893946557 Y_cur -1.4668461511800086 2.337395429611206 3.082142672507086
-74.30248000000002 X_cur 1.857361236575881 Y_cur -1.5009549116652243 2.3483097553253174 3.1152152788077254
-75.13800000000002 X_cur 1.8663861158411152 Y_cur -1.5349636565747413 2.3642051219940186 3.147925963798906
-75.97800000000002 X_cur 1.8749114488482546 Y_cur -1.569101053563821 2.3756704330444336 3.180498886093972
-76.82220000000002 X_cur 1.8831000052921794 Y_cur -1.6040740888467668 2.387087345123291 3.213606617203563
-77.67060000000002 X_cur 1.8907176485417814 Y_cur -1.6389258261876196 2.3979554176330566 3.2463429798201195
-78.52348000000002 X_cur 1.8978156792357852 Y_cur -1.6738870911049675 2.4105684757232666 3.2789291740339515
-79.38084000000002 X_cur 1.9043897829954772 Y_cur -1.7089506511653894 2.4215028285980225 3.3113613629483187
-80.24268000000002 X_cur 1.9105185600774206 Y_cur -1.744590751112351 2.433351993560791 3.34407828250054
-81.10872000000002 X_cur 1.9160701824228048 Y_cur -1.7800780043573086 2.444922924041748 3.3764120978164196
-81.97980000000003 X_cur 1.9210816636624954 Y_cur -1.8156455557113411 2.4575774669647217 3.40857956542858
-82.85536000000002 X_cur 1.9256098396593624 Y_cur -1.8517704314084504 2.4688100814819336 3.4410126195712354
-83.73484000000002 X_cur 1.9295296626578822 Y_cur -1.8874747818604303 2.479964256286621 3.472836784957879
-84.61908000000003 X_cur 1.9329209330793589 Y_cur -1.923478641621267 2.4911322593688965 3.504698375260289
-85.50752000000003 X_cur 1.935772674215314 Y_cur -1.9597743520356357 2.503084659576416 3.536591588126437
-86.40072000000002 X_cur 1.9380429281750136 Y_cur -1.9958662428105458 2.515897274017334 3.568084210926216
-87.29812000000003 X_cur 1.9397591527766753 Y_cur -2.032233337760608 2.52703857421875 3.5995978366211583
-88.19972000000003 X_cur 1.9408952436732134 Y_cur -2.068378709943287 2.5379531383514404 3.6307054761501285
-89.10580000000003 X_cur 1.9414596105561888 Y_cur -2.104537527993259 2.549253225326538 3.6616142180928186
-90.01636000000003 X_cur 1.9414491451202567 Y_cur -2.1411894407910115 2.561739683151245 3.6927355559293873
-90.93140000000004 X_cur 1.9408533579652048 Y_cur -2.1778365124192502 2.5739846229553223 3.723648299287911
-91.85148000000004 X_cur 1.939669178654492 Y_cur -2.214469292011024 2.5858521461486816 3.7543480595043457
-92.77604000000004 X_cur 1.937894050066476 Y_cur -2.2510781944768916 2.5974106788635254 3.784830613896238
-93.70536000000004 X_cur 1.9355096047905649 Y_cur -2.2878973260701723 2.609485626220703 3.8152937314204154
-94.63888000000004 X_cur 1.932466323820188 Y_cur -2.3254033597122015 2.6210906505584717 3.8461322906894804
-95.57744000000004 X_cur 1.9288565902026151 Y_cur -2.36236813312005 2.6341207027435303 3.87633940828061
-96.52188000000004 X_cur 1.9246103090121118 Y_cur -2.3995111509738734 2.6497750282287598 3.906507507627677
-97.47136000000003 X_cur 1.9196855766364054 Y_cur -2.437063247840244 2.662005662918091 3.936825686108032
-98.42504000000004 X_cur 1.9141723065179952 Y_cur -2.474286466014162 2.6747281551361084 3.966701660948249
-99.38348000000003 X_cur 1.907997330714074 Y_cur -2.5116533315751726 2.685908079147339 3.9965188520980406
-100.34584000000004 X_cur 1.9011078645595947 Y_cur -2.5493919610289497 2.6970503330230713 4.02646177253768
-101.31240000000004 X_cur 1.893630701791375 Y_cur -2.5867694042857017 2.7091009616851807 4.05595266174137
-102.28316000000004 X_cur 1.8854693750742109 Y_cur -2.6242535561789877 2.720567464828491 4.085365173863749
-103.25840000000004 X_cur 1.8766712380494202 Y_cur -2.6615933698078242 2.731454610824585 4.114506160105069
-104.23812000000004 X_cur 1.8671157372007656 Y_cur -2.6992509702292318 2.743614912033081 4.143739726001703
-105.22176000000003 X_cur 1.856786870810072 Y_cur -2.7372105302133556 2.7549283504486084 4.1730564375227726
-106.21044000000003 X_cur 1.8458045550625548 Y_cur -2.7749862157256917 2.767160177230835 4.202084647458765
-107.20304000000003 X_cur 1.8340249538678401 Y_cur -2.813032812420414 2.778210163116455 4.231177940007329
-108.19984000000002 X_cur 1.821661572400624 Y_cur -2.8506366046947713 2.7894816398620605 4.259794965227363
-109.20084000000003 X_cur 1.8084020628357098 Y_cur -2.8887109322636437 2.8010737895965576 4.288635066728717
-110.20660000000002 X_cur 1.7945606790686184 Y_cur -2.9263173434117236 2.81361985206604 4.316991534857917
-111.21628000000003 X_cur 1.7798819169470586 Y_cur -2.9641295810607784 2.8249990940093994 4.345377195792817
-112.22988000000002 X_cur 1.7643516794665284 Y_cur -3.0021286079797154 2.836151123046875 4.373782144054046
-113.24768000000002 X_cur 1.7480524695033826 Y_cur -3.0400702825260084 2.8473117351531982 4.402028546464306
-114.26940000000002 X_cur 1.7308784306170424 Y_cur -3.0781607893595906 2.8587281703948975 4.430274885991314
-115.29532000000002 X_cur 1.7129207395374193 Y_cur -3.1161586113168416 2.8707387447357178 4.458347134696356
-116.32544000000001 X_cur 1.6943911852105646 Y_cur -3.153608443612285 2.881666898727417 4.485914019613676
-117.35976000000001 X_cur 1.675076335923437 Y_cur -3.1909347043334133 2.893960475921631 4.513293080130835
-118.39856 X_cur 1.6548555320922305 Y_cur -3.228334545305087 2.905263900756836 4.540634301407308
-119.44156000000001 X_cur 1.633837192704675 Y_cur -3.2655729055221974 2.9176716804504395 4.567771468078298
-120.48848000000001 X_cur 1.6118940276421487 Y_cur -3.3028421408156707 2.9289474487304688 4.594850688012355
-121.53960000000001 X_cur 1.589143056012768 Y_cur -3.3399108198089857 2.9402458667755127 4.621709810921571
-122.5952 X_cur 1.56571304206176 Y_cur -3.3765540745586105 2.9514107704162598 4.6481913576807345
-123.655 X_cur 1.5414738701765265 Y_cur -3.412961091860303 2.964994430541992 4.674437644327912
-124.71984 X_cur 1.516283958565995 Y_cur -3.449313042644567 2.9766082763671875 4.700585452308214
-125.7886 X_cur 1.4904203817634905 Y_cur -3.4851888195385783 2.987523078918457 4.726338081569059
-126.8652 X_cur 1.4635941135383628 Y_cur -3.5209632874769836 3.0110175609588623 4.751969778512785
-127.953 X_cur 1.43699517668321 Y_cur -3.5550659992532805 3.045166492462158 4.776356497934811
-129.04836 X_cur 1.4086716514035917 Y_cur -3.589982340400906 3.0573887825012207 4.801280423664119
-130.14792 X_cur 1.3795257599130302 Y_cur -3.6245355041184535 3.0701446533203125 4.825911307837696
-131.25196 X_cur 1.3497195108742612 Y_cur -3.6585206719407566 3.081305742263794 4.850109030623334
-132.3602 X_cur 1.3190968846144695 Y_cur -3.6921035460720986 3.093111515045166 4.873997566480924
-133.47376 X_cur 1.287659274403872 Y_cur -3.7252622750667497 3.106905460357666 4.897567761157297
-134.5918 X_cur 1.25558064823975 Y_cur -3.757801273018695 3.118992567062378 4.920686508788429
-135.71404 X_cur 1.2230458002305828 Y_cur -3.7895351404002295 3.130169153213501 4.943226465638643
-136.84104000000002 X_cur 1.1897148450385633 Y_cur -3.820790093132265 3.1413028240203857 4.965424305590342
-137.97224000000003 X_cur 1.155591848829828 Y_cur -3.8515445262173857 3.1530771255493164 4.987271479571953
-139.10764000000003 X_cur 1.1210508591350332 Y_cur -3.8814568092328674 3.1648905277252197 5.008530284342236
-140.24808000000004 X_cur 1.085921363832838 Y_cur -3.9106756936076557 3.177577495574951 5.029310188904399
-141.39300000000006 X_cur 1.0498331651788575 Y_cur -3.9394917435267933 3.1888551712036133 5.049824586961296
-142.54212000000007 X_cur 1.0133682925683842 Y_cur -3.9674296584481055 3.2000350952148438 5.069740891605095
-143.69572000000008 X_cur 0.9763483435443132 Y_cur -3.994627772333147 3.211250066757202 5.089161293582991
-144.8538000000001 X_cur 0.9387862570287795 Y_cur -4.021072122982162 3.224623680114746 5.108080353770358
-146.01664000000008 X_cur 0.9004926329650472 Y_cur -4.046885320596889 3.235687255859375 5.126591306246353
-147.1836800000001 X_cur 0.8614758561898344 Y_cur -4.072045649400703 3.2468881607055664 5.144685385949525
-148.3549200000001 X_cur 0.8221609550721934 Y_cur -4.096274998652004 3.257830858230591 5.162166938208285
-149.5309200000001 X_cur 0.7821464580899057 Y_cur -4.1198162612922555 3.2707855701446533 5.179215348997876
-150.71140000000008 X_cur 0.7416554612675865 Y_cur -4.142528156672822 3.2818796634674072 5.195733698468466
-151.89664000000008 X_cur 0.7004877976871735 Y_cur -4.164512744483667 3.294278383255005 5.211801516044414
-153.08636000000007 X_cur 0.6588725419760432 Y_cur -4.185637827157589 3.305495023727417 5.227327491272922
-154.28028000000006 X_cur 0.6166060136303825 Y_cur -4.205997253179873 3.3168535232543945 5.242385943076066
-155.47896000000006 X_cur 0.5737005196890033 Y_cur -4.225569444331983 3.3289921283721924 5.256967595851005
-156.68212000000005 X_cur 0.5303935169924361 Y_cur -4.2442364096527845 3.3406760692596436 5.270989736586055
-157.88948000000005 X_cur 0.48692917708400557 Y_cur -4.261894744870912 3.3515946865081787 5.284376626395571
-159.10216000000005 X_cur 0.44287258430044446 Y_cur -4.27871641866254 3.3659839630126953 5.2972618544472985
-160.32016000000004 X_cur 0.39823830220599715 Y_cur -4.294680089270751 3.379730224609375 5.30963567423077
-161.54236000000003 X_cur 0.3530418963937284 Y_cur -4.309765448715626 3.391061544418335 5.321489237138748
-162.76904000000002 X_cur 0.3075329016386473 Y_cur -4.3238797876767805 3.4031074047088623 5.332754680202686
-163.99992000000003 X_cur 0.26196609474524146 Y_cur -4.33694592815181 3.414301633834839 5.343371414641907
-165.23556000000002 X_cur 0.215419286810639 Y_cur -4.349213224929082 3.4269046783447266 5.353549065329111
-166.47624000000002 X_cur 0.16956806098839328 Y_cur -4.360241242314175 3.4415788650512695 5.362922664286068
-167.72224000000003 X_cur 0.1227715992107464 Y_cur -4.370425494550072 3.4545838832855225 5.3718286326060465
-168.97244000000003 X_cur 0.07552423913945819 Y_cur -4.379633038490587 3.4657814502716064 5.380163151756372
-170.22768000000002 X_cur 0.027604912457772357 Y_cur -4.387886304559524 3.4781436920166016 5.387957021177126
-171.48712000000003 X_cur -0.020242587325541676 Y_cur -4.395048157968253 3.4894771575927734 5.3950861336162435
-172.75076000000004 X_cur -0.06847878337213234 Y_cur -4.401183926981642 3.5008933544158936 5.40161801286031
-174.01860000000005 X_cur -0.11659591582006738 Y_cur -4.406225449048462 3.5118298530578613 5.407482613335447
-175.29148000000004 X_cur -0.16481316766598944 Y_cur -4.410196847314725 3.525449275970459 5.412706652584295
-176.56856000000005 X_cur -0.21335086276261647 Y_cur -4.413107246795494 3.5367465019226074 5.417310094128953
-177.84984000000006 X_cur -0.2616973263905361 Y_cur -4.4149224146765995 3.5476527214050293 5.421242500350544
-179.13532000000006 X_cur -0.3103166622072733 Y_cur -4.41565620972301 3.559086799621582 5.424539483933623
-180.42472000000006 X_cur -0.35845152046471784 Y_cur -4.4152993909199925 3.5702826976776123 5.427149803149154
-181.71916000000007 X_cur -0.4065660343545563 Y_cur -4.413855281413407 3.584171772003174 5.429099828551565
-183.0183600000001 X_cur -0.45487944353522813 Y_cur -4.411307758478608 3.59543776512146 5.430392892334927
-184.32204000000007 X_cur -0.5031223867115953 Y_cur -4.407661690261451 3.6077756881713867 5.431016211753717
-185.62936000000008 X_cur -0.5515127547975834 Y_cur -4.402891936920515 3.6191022396087646 5.430967464526475
-186.94228000000007 X_cur -0.599781130594583 Y_cur -4.3970146783461095 3.632014751434326 5.430239851323391
-188.25884000000008 X_cur -0.6476599144325494 Y_cur -4.390065042531217 3.6449339389801025 5.428836387982218
-189.5798800000001 X_cur -0.6953657525390493 Y_cur -4.38201343459747 3.656087636947632 5.426748763301268
-190.9054000000001 X_cur -0.7428725699789486 Y_cur -4.37286041998509 3.66729998588562 5.4239735202035675
-192.2354000000001 X_cur -0.7901541400194413 Y_cur -4.36260720028256 3.679338216781616 5.420507314773427
-193.56960000000012 X_cur -0.8374216800654829 Y_cur -4.351198522514008 3.690916061401367 5.416327233245772
-194.90772000000013 X_cur -0.8844099090744668 Y_cur -4.338689141832692 3.7019736766815186 5.411449218129224
-196.25032000000013 X_cur -0.9310921352851894 Y_cur -4.325082230851807 3.7141051292419434 5.405870265713338
-197.59740000000014 X_cur -0.9774415775533434 Y_cur -4.310381636582804 3.726149797439575 5.399587499400841
-198.94868000000014 X_cur -1.023200354409544 Y_cur -4.294671457704548 3.7373692989349365 5.392632456444164
-200.30444000000014 X_cur -1.0690329402209071 Y_cur -4.277713431611519 3.7482850551605225 5.384894659460851
-201.66440000000014 X_cur -1.1142230557065196 Y_cur -4.259762617345091 3.7599315643310547 5.376485451360289
-203.02884000000014 X_cur -1.1589729182660087 Y_cur -4.240740838476183 3.771108388900757 5.3673627380070075
-204.39776000000015 X_cur -1.2032555808608103 Y_cur -4.22065541928848 3.7841789722442627 5.357524334972158
-205.77144000000015 X_cur -1.2472640527295034 Y_cur -4.19940794944122 3.795295000076294 5.346915993537188
-207.14932000000016 X_cur -1.290966302139767 Y_cur -4.176996887923825 3.806656837463379 5.335530973655143
-208.53140000000016 X_cur -1.3339006224312029 Y_cur -4.153654978999314 3.817732810974121 5.323481052195712
-209.91824000000017 X_cur -1.376469216272535 Y_cur -4.129158916045748 3.830164909362793 5.310643905346838
-211.31264000000016 X_cur -1.4182203500546267 Y_cur -4.103761211444 3.8495113849639893 5.29714333058389
-212.72412000000017 X_cur -1.459538771265616 Y_cur -4.077210686957945 3.891946315765381 5.282832742439184
-214.15212000000017 X_cur -1.5015981622866577 Y_cur -4.0486785057467065 3.936945915222168 5.267252765471908
-215.59468000000015 X_cur -1.5429259323702211 Y_cur -4.0190965322214 3.9660751819610596 5.250899964057342
-217.04760000000016 X_cur -1.5840754128347247 Y_cur -3.9880345426170463 3.993455648422241 5.233524960472468
-218.51396000000017 X_cur -1.6240341605658568 Y_cur -3.956234020475962 4.031243085861206 5.215528987591592
-220.00580000000016 X_cur -1.6625899586187691 Y_cur -3.9238752129822903 4.094902753829956 5.196994562583393
-221.51556000000016 X_cur -1.7028412530243628 Y_cur -3.888244383778652 4.12948203086853 5.176350209225136
-223.05052000000018 X_cur -1.7424807772417368 Y_cur -3.8512145303694525 4.190211772918701 5.15466019042232
-224.60032000000018 X_cur -1.7809303187554284 Y_cur -3.8132977087760196 4.227720499038696 5.132206896995754
-226.16440000000017 X_cur -1.819853685160617 Y_cur -3.7727592479887138 4.261100769042969 5.107944623295604
-227.73912000000018 X_cur -1.8576483308904594 Y_cur -3.731166460038491 4.289738178253174 5.082793857107846
-229.32140000000018 X_cur -1.894439353859188 Y_cur -3.688360620532493 4.30137300491333 5.05664174859266
-230.90816000000018 X_cur -1.930339099919231 Y_cur -3.6441731364111565 4.313351392745972 5.029369061983822
-232.49940000000018 X_cur -1.9649979683178065 Y_cur -3.5990057990811883 4.324748277664185 5.001206989865097
-234.0956800000002 X_cur -1.9983851718331074 Y_cur -3.5528905070233816 4.336015939712524 4.972158008746912
-235.69728000000018 X_cur -2.030883545246758 Y_cur -3.5052545311154057 4.348047494888306 4.941842405873536
-237.30448000000018 X_cur -2.0620330754702607 Y_cur -3.4567258051678453 4.361424446105957 4.9106400098950775
-238.9161600000002 X_cur -2.09205770031829 Y_cur -3.4069216614495845 4.373319387435913 4.878284939567862
-240.5323200000002 X_cur -2.120425322996396 Y_cur -3.3567159998282996 4.385106563568115 4.845325360960218
-242.1543600000002 X_cur -2.1474745813204574 Y_cur -3.305511424143014 4.397378206253052 4.811348636384967
-243.7811600000002 X_cur -2.173383137247333 Y_cur -3.252901961570127 4.408275604248047 4.77606211810505
-245.4121600000002 X_cur -2.1976821316408266 Y_cur -3.199798581338265 4.419766426086426 4.74005431145512
-247.0479200000002 X_cur -2.2207412168840888 Y_cur -3.1453482090352938 4.431088924407959 4.7027229693572155
-248.6890000000002 X_cur -2.242142673555967 Y_cur -3.090487434463533 4.443974494934082 4.66468554353718
-250.3351200000002 X_cur -2.2619593532224305 Y_cur -3.0350345162239254 4.455185174942017 4.625793300910546
-251.98572000000019 X_cur -2.2803216511638085 Y_cur -2.9785690630474457 4.466692924499512 4.585725528442001
-253.64080000000018 X_cur -2.2970454206942286 Y_cur -2.921596816112587 4.477766990661621 4.544814545487715
-255.30036000000018 X_cur -2.312236223776115 Y_cur -2.863691436537145 4.489037275314331 4.502726715148599
-256.96524000000016 X_cur -2.3256831470529207 Y_cur -2.805607204731479 4.50124192237854 4.459982992926108
-258.63460000000015 X_cur -2.337528574715334 Y_cur -2.7466767840003 4.513042449951172 4.416064623777321
-260.30816000000016 X_cur -2.347606752515697 Y_cur -2.687666413604302 4.524296760559082 4.371514730900779
-261.9867600000002 X_cur -2.3559520202447226 Y_cur -2.6283861471695134 4.535707950592041 4.326164115549341
-263.67012000000017 X_cur -2.36257921222545 Y_cur -2.568643457486927 4.547724962234497 4.279836055353531
-265.35796000000016 X_cur -2.3674834114422865 Y_cur -2.5082444009693976 4.558962821960449 4.232346450893114
-267.0500000000002 X_cur -2.3705894714525138 Y_cur -2.4479708942909966 4.570132255554199 4.184279834098021
-268.7468000000002 X_cur -2.3719147897967656 Y_cur -2.387387557229949 4.581318616867065 4.135259874896971
-270.4480800000002 X_cur -2.3714408910235436 Y_cur -2.326791578666031 4.595104694366455 4.085495576732615
-272.1544000000002 X_cur -2.3691444950523146 Y_cur -2.265748233754972 4.606247186660767 4.034595043459802
-273.86492000000015 X_cur -2.3650434624824004 Y_cur -2.205044427267052 4.61739182472229 3.9831821901824083
-275.58048000000014 X_cur -2.3590794136841438 Y_cur -2.1440042296389925 4.630807638168335 3.930651126220209
-277.30136000000016 X_cur -2.3514402541957407 Y_cur -2.0843824895908356 4.647346019744873 3.8784902489430975
-279.02756000000016 X_cur -2.341816855756677 Y_cur -2.02381132642697 4.658942699432373 3.8245968576745604
-280.75824000000017 X_cur -2.33036850897235 Y_cur -1.9635584347084283 4.670234680175781 3.77005251734528
-282.4934000000002 X_cur -2.31710097659836 Y_cur -1.9036798225898623 4.6815409660339355 3.714877312626699
-284.2324800000002 X_cur -2.3019022101764093 Y_cur -1.843757741866777 4.694314479827881 3.658648914509599
-285.97688000000016 X_cur -2.2849536661469503 Y_cur -1.7845610013990454 4.705495595932007 3.602054028877252
-287.72520000000014 X_cur -2.2660581830628526 Y_cur -1.7254434116292434 4.71695876121521 3.5444409261573773
-289.47772000000015 X_cur -2.2454450510241655 Y_cur -1.6671617074118081 4.727988004684448 3.4865133085437647
-291.23472000000015 X_cur -2.223054656486946 Y_cur -1.6095394157930203 4.739306688308716 3.4280705897495274
-292.99648000000013 X_cur -2.1988078654660543 Y_cur -1.5524077973461283 4.751558303833008 3.3689080713472577
-294.76244000000014 X_cur -2.1727096230546423 Y_cur -1.4958286466236688 4.7634570598602295 3.3090523929701656
-296.5326000000001 X_cur -2.144985244647842 Y_cur -1.440301288113394 4.774997234344482 3.2490047824718347
-298.3069600000001 X_cur -2.115438971941473 Y_cur -1.3854438699951444 4.786189079284668 3.1883262852014074
-300.0863600000001 X_cur -2.0839585635981237 Y_cur -1.3311075066774132 4.798084497451782 3.1268107557832376
-301.8699600000001 X_cur -2.050931219146667 Y_cur -1.2779847965223334 4.80944037437439 3.0652134670944746
-303.6580400000001 X_cur -2.015991528018043 Y_cur -1.2255117314865445 4.820827960968018 3.002852695025975
-305.45004000000006 X_cur -1.979711466817843 Y_cur -1.1745550344286944 4.831801414489746 2.9407392080239343
-307.24680000000006 X_cur -1.9417036444737903 Y_cur -1.1245664164369613 4.84418797492981 2.878193096512913
-309.04832000000005 X_cur -1.9019891703809697 Y_cur -1.0756076060148887 4.856938600540161 2.8152637067232877
-310.85460000000006 X_cur -1.8605913960314089 Y_cur -1.0277401187014894 4.868246078491211 2.752004784148755
-312.66480000000007 X_cur -1.8177022097059696 Y_cur -0.9812042211691827 4.879513502120972 2.6887193027812613
-314.47920000000005 X_cur -1.7731899075854256 Y_cur -0.9358752687752063 4.890955924987793 2.625226752990737
-316.29864000000003 X_cur -1.7272608576631723 Y_cur -0.8919824295136007 4.904194593429565 2.5618406632738706
-318.12256 X_cur -1.6799580545032304 Y_cur -0.8495736594486981 4.915332555770874 2.4986359852160795
-319.9504 X_cur -1.6309525443563553 Y_cur -0.8083808084262583 4.926812648773193 2.435209919129535
-321.783 X_cur -1.5804627982630013 Y_cur -0.7686250330969165 4.939061164855957 2.3718973764457822
-323.62036 X_cur -1.5289210658425325 Y_cur -0.7306534539987383 4.95136570930481 2.3092771603717965
-325.46164 X_cur -1.475783327553451 Y_cur -0.6940804934314809 4.963484287261963 2.2467410060151094
-327.30712 X_cur -1.4217009869349573 Y_cur -0.6593697376656713 4.974959850311279 2.1851182170611434
-329.15764 X_cur -1.3661063881637008 Y_cur -0.6261729725348752 4.986950874328613 2.123837376162446
-331.01236 X_cur -1.3096802266920202 Y_cur -0.5949113510685324 4.999021530151367 2.0637355726825355
-332.87128 X_cur -1.252052213679119 Y_cur -0.5653851467091648 5.010234594345093 2.00451126295575
-334.73468 X_cur -1.1934945791796752 Y_cur -0.5377484307408054 5.021559953689575 1.9465609537790178
-336.60228 X_cur -1.133394608843919 Y_cur -0.511743690573707 5.03355860710144 1.8894317466756698
-338.47408 X_cur -1.072704610771915 Y_cur -0.48780554325821124 5.048025131225586 1.8341920609688578
-340.35232 X_cur -1.011032512332577 Y_cur -0.46578725041780966 5.0608251094818115 1.7806512866030015
-342.23420000000004 X_cur -0.948903309443331 Y_cur -0.44588064570416885 5.071974515914917 1.7294474066286059
-344.12084000000004 X_cur -0.8859173956786282 Y_cur -0.4279634022570733 5.084717273712158 1.6804550306841297
-346.01196000000004 X_cur -0.8223745136501049 Y_cur -0.4121344702328888 5.095846891403198 1.6341430790237337
-347.90756000000005 X_cur -0.7583428087266479 Y_cur -0.39841609896978347 5.107967853546143 1.5908021251573965
-349.80764000000005 X_cur -0.6934104759449007 Y_cur -0.3867418666438086 5.120016098022461 1.5504422249322571
-351.71220000000005 X_cur -0.6281260236078973 Y_cur -0.3772320914657124 5.131470680236816 1.5137075461582694
-353.62236000000007 X_cur -0.5625608647863932 Y_cur -0.3699036885297816 5.145739793777466 1.480915541966089
-355.53672000000006 X_cur -0.4965438842303095 Y_cur -0.36475060868734016 5.1577064990997314 1.4522740970212848
-357.4552800000001 X_cur -0.4301472864991973 Y_cur -0.36179974676396287 5.1690497398376465 1.4281194762235463
-359.3783200000001 X_cur -0.36368906085107794 Y_cur -0.36107862259877466 5.180870532989502 1.4088309869810918
-361.30556000000007 X_cur -0.2974884589685496 Y_cur -0.36258735186404806 5.191840410232544 1.3946840770150644
-363.24512000000004 X_cur -0.23137684766988653 Y_cur -0.366335792219636 5.225292921066284 1.3857881305373176
-365.19476000000003 X_cur -0.16445766333904532 Y_cur -0.3724197443301793 5.250729560852051 1.3822381407189765
-367.14860000000004 X_cur -0.09754236608916347 Y_cur -0.380812131452788 5.263539552688599 1.3842531038612353
-369.10720000000003 X_cur -0.030711725670470286 Y_cur -0.39152527953255184 5.275097608566284 1.3918641505807257
-371.07028 X_cur 0.03571270806100141 Y_cur -0.4045214575863083 5.28628945350647 1.4049754169868662
-373.03756000000004 X_cur 0.10141380063642949 Y_cur -0.4197351225639132 5.297546625137329 1.423352583586054
-375.00932000000006 X_cur 0.1665525368215914 Y_cur -0.43720035133011187 5.309761047363281 1.4468187852613419
-376.9855600000001 X_cur 0.23151761463694928 Y_cur -0.45704426696993733 5.321824312210083 1.4753231516509
-378.9662800000001 X_cur 0.29575800750451675 Y_cur -0.47912172714307777 5.334136724472046 1.5084011014016676
-380.9514800000001 X_cur 0.3591950509395795 Y_cur -0.5034113101714868 5.345503091812134 1.5457252835387774
-382.9414400000001 X_cur 0.4219754159321763 Y_cur -0.529984299988692 5.357534885406494 1.587109073083202
-384.9353200000001 X_cur 0.4842363615751093 Y_cur -0.5589315326728069 5.368858814239502 1.6324069276479707
-386.9334000000001 X_cur 0.5452323351374169 Y_cur -0.5899212782122067 5.380253791809082 1.6808116998020146
-388.9362400000001 X_cur 0.6053218259498865 Y_cur -0.6231420657753979 5.39145040512085 1.7323408090387211
-390.94328000000013 X_cur 0.6644205555576269 Y_cur -0.6585725853060278 5.40333890914917 1.786705822281952
-392.95536000000016 X_cur 0.7222388749087781 Y_cur -0.6960562284436346 5.415768146514893 1.8434304224656661
-394.9713600000002 X_cur 0.7791032391736422 Y_cur -0.7358307392310087 5.426971435546875 1.9026587220387507
-396.9918400000002 X_cur 0.8345299314178386 Y_cur -0.7775853727282533 5.438104629516602 1.963733679440699
-399.0176400000002 X_cur 0.8886358218055391 Y_cur -0.82142704708155 5.4534547328948975 2.0266401041221456
-401.0490400000002 X_cur 0.9411536451891768 Y_cur -0.8671590710012436 5.466559171676636 2.09094552302902
-403.08436000000023 X_cur 0.9920141376441377 Y_cur -0.9147274438132836 5.477680683135986 2.15644921882654
-405.1238800000002 X_cur 1.0413219132961302 Y_cur -0.9642488998515706 5.489048004150391 2.223201535551561
-407.1678800000002 X_cur 1.0888320360009933 Y_cur -1.0154975055737565 5.500730752944946 2.2908045306389857
-409.2169200000002 X_cur 1.1344793929334491 Y_cur -1.0684120607828878 5.5138936042785645 2.359104055819234
-411.26988000000017 X_cur 1.178507631307208 Y_cur -1.1233091183542554 5.525071859359741 2.4284402090921757
-413.32732000000016 X_cur 1.220536605903422 Y_cur -1.1797514606043906 5.536298990249634 2.498204562552318
-415.38896000000017 X_cur 1.2603690930698659 Y_cur -1.2374681417911646 5.547552585601807 2.5680330870719255
-417.4550800000002 X_cur 1.2980948377041674 Y_cur -1.2965833725939628 5.560140609741211 2.638057125035254
-419.5256800000002 X_cur 1.3336600621057968 Y_cur -1.3570230709249635 5.571352958679199 2.7081740930244096
-421.6004800000002 X_cur 1.367362446220327 Y_cur -1.4193555745309703 5.583252191543579 2.7790216723422145
-423.67920000000015 X_cur 1.3985650086724422 Y_cur -1.482431503384317 5.59475040435791 2.8492894293977695
-425.76296000000013 X_cur 1.4274534685737057 Y_cur -1.5466002620510053 5.607606887817383 2.919382862801889
-427.8512000000001 X_cur 1.4541687674999189 Y_cur -1.6122316912909607 5.620216131210327 2.989709218863444
-429.9450400000001 X_cur 1.4784683018443334 Y_cur -1.6787953775729028 5.633554697036743 3.0597080243814796
-432.0433600000001 X_cur 1.5004650150969434 Y_cur -1.746669031839477 5.645937919616699 3.12979009391938
-434.1461600000001 X_cur 1.519956458685605 Y_cur -1.815304095504094 5.6576454639434814 3.1994069429289875
-436.2537200000001 X_cur 1.5369686861389136 Y_cur -1.8848468872789836 5.670101165771484 3.268732828668446
-438.3657600000001 X_cur 1.5514064472093407 Y_cur -1.954969400254789 5.681531667709351 3.337470017975421
-440.4820000000001 X_cur 1.5632853545859389 Y_cur -2.0258182123386077 5.693408727645874 3.405794614180792
-442.60244000000006 X_cur 1.5725032465180724 Y_cur -2.0968157210209286 5.704920768737793 3.473187882950223
-444.72792000000004 X_cur 1.5791265363339728 Y_cur -2.168592882427427 5.71706223487854 3.5402855071764874
-446.85760000000005 X_cur 1.5830645191738342 Y_cur -2.240322617581706 5.7279791831970215 3.606353274136998
-448.99176000000006 X_cur 1.584328590588644 Y_cur -2.3121492473064 5.739460229873657 3.671570470437542
-451.13012000000003 X_cur 1.5828972742779854 Y_cur -2.3847059212798127 5.750957250595093 3.736548936447013
-453.27268000000004 X_cur 1.578768303161202 Y_cur -2.456914411975264 5.763504505157471 3.8003640097744302
-455.42028000000005 X_cur 1.5718901351835899 Y_cur -2.529403962209988 5.775081396102905 3.8636163015432894
-457.57236000000006 X_cur 1.5622946873159946 Y_cur -2.601584094297572 5.78624963760376 3.9258340105400586
-459.72864000000004 X_cur 1.5500315246236451 Y_cur -2.6731112530923 5.797652006149292 3.986771125224069
-461.88912000000005 X_cur 1.5350302688524902 Y_cur -2.7443643682048986 5.8089752197265625 4.04679903728562
-464.05464000000006 X_cur 1.5173473237109847 Y_cur -2.8149997526738977 5.821206092834473 4.105674854841136
-466.22436000000005 X_cur 1.4969345509600058 Y_cur -2.885149639987434 5.832666397094727 4.163556265376069
-468.39828000000006 X_cur 1.4739525974273373 Y_cur -2.9542428661372027 5.844299077987671 4.220020486189582
-470.57836000000003 X_cur 1.4483589446725718 Y_cur -3.0224118402136058 5.859899282455444 4.275224046164557
-472.76348 X_cur 1.419995646933283 Y_cur -3.090006030987592 5.872021436691284 4.329496156693565
-474.9528 X_cur 1.3891739330114588 Y_cur -3.1562458221437097 5.884307622909546 4.3822578142146735
-477.14688 X_cur 1.3557273652627946 Y_cur -3.2214744844852876 5.895818471908569 4.433829441023045
-479.34544 X_cur 1.319803070902474 Y_cur -3.285372030289102 5.90742301940918 4.484004190893195
-481.5482 X_cur 1.2813215139860334 Y_cur -3.3480498076580028 5.919713973999023 4.53291539211557
-483.75516 X_cur 1.2403190605097578 Y_cur -3.40940235390634 5.931021451950073 4.5805262241906854
-485.96688 X_cur 1.1968359129982724 Y_cur -3.4693245829900548 5.941991329193115 4.626800020614857
-488.1828 X_cur 1.1512194092038506 Y_cur -3.527328640639516 5.954218626022339 4.671403509490752
-490.40319999999997 X_cur 1.1033898694476858 Y_cur -3.5835218008010687 5.966233015060425 4.714460870812108
-492.6278 X_cur 1.0532496566236536 Y_cur -3.6379958011482763 5.977561950683594 4.756084512563553
-494.85688 X_cur 1.0006839266667482 Y_cur -3.6908247987473866 5.98886251449585 4.796374215345654
-497.09015999999997 X_cur 0.9462784364124974 Y_cur -3.7413989149505222 5.9999706745147705 4.834905019740644
-499.32791999999995 X_cur 0.8899397010546335 Y_cur -3.789810127472109 6.011285781860352 4.871783423834396
-501.56987999999996 X_cur 0.8315588511500145 Y_cur -3.8361322098696373 6.0245513916015625 4.907103511672085
-503.81855999999993 X_cur 0.7710109792404576 Y_cur -3.8804164406739483 6.040751695632935 4.9409434893054485
-506.0711599999999 X_cur 0.7087692967314619 Y_cur -3.922286607250581 6.051831245422363 4.973053323654156
-508.3282399999999 X_cur 0.6449269178406124 Y_cur -3.961673007800299 6.064688205718994 5.003411812522477
-510.59035999999986 X_cur 0.5791539477878468 Y_cur -3.9987487529544334 6.076972484588623 5.032187237216214
-512.8572399999998 X_cur 0.5121833854274147 Y_cur -4.033082413575086 6.090091228485107 5.0590760423368515
-515.1299999999998 X_cur 0.44368225699254793 Y_cur -4.064835994025898 6.106674909591675 5.084232251928535
-517.4094799999998 X_cur 0.3739723683277526 Y_cur -4.093839888430583 6.124185800552368 5.107549328321672
-519.6948399999998 X_cur 0.30293219063205234 Y_cur -4.1201257215940545 6.1402881145477295 5.129079382993616
-521.9860799999998 X_cur 0.23066555763301716 Y_cur -4.143625986294352 6.157296180725098 5.148795479173813
-524.2843199999998 X_cur 0.15727945561558346 Y_cur -4.164275561122503 6.174878120422363 5.166670000916052
-526.5870399999998 X_cur 0.08312292973787398 Y_cur -4.181959864321815 6.186026334762573 5.182626501774015
-528.8975999999998 X_cur 0.007834188875272388 Y_cur -4.196734203125867 6.209079027175903 5.196740108226846
-531.2168399999998 X_cur -0.06774927734352233 Y_cur -4.208412395544765 6.230131149291992 5.208853006818769
-533.5408399999998 X_cur -0.1439869255624504 Y_cur -4.217043535783452 6.2415244579315186 5.219030129151664
-535.8707199999998 X_cur -0.2207561428646403 Y_cur -4.2225858562869085 6.257585763931274 5.22724940106176
-538.2047999999998 X_cur -0.2979316117509211 Y_cur -4.2250047212988795 6.269969463348389 5.233491911035697
-540.5436399999998 X_cur -0.3748971671068718 Y_cur -4.224274426492674 6.281522512435913 5.237708580019523
-542.8872399999998 X_cur -0.4520125185425341 Y_cur -4.220385149089643 6.293915033340454 5.239917596847765
-545.2350399999998 X_cur -0.5291471379609379 Y_cur -4.213317782749944 6.305065631866455 5.240102956769937
-547.5873199999997 X_cur -0.6059266912671794 Y_cur -4.203090496995866 6.31623387336731 5.238253322923462
-549.9443599999997 X_cur -0.6824613475158475 Y_cur -4.189671992728759 6.328205585479736 5.234352766385395
-552.3055999999997 X_cur -0.7581394493017418 Y_cur -4.173163749639764 6.340300798416138 5.2284221907927915
-554.6715999999997 X_cur -0.8333079088347409 Y_cur -4.1534834916306815 6.3519628047943115 5.220420880488133
-557.0417999999996 X_cur -0.9073645460310724 Y_cur -4.130783014389609 6.364196300506592 5.210397754504266
-559.4170399999996 X_cur -0.9808776574897364 Y_cur -4.104870384233072 6.37667179107666 5.198251881044479
-561.7964799999996 X_cur -1.0530246899916371 Y_cur -4.076018771365888 6.387600898742676 5.184093707196162
-564.1798399999997 X_cur -1.1243553198279612 Y_cur -4.043991678003541 6.399065017700195 5.167787431096061
-566.5679599999996 X_cur -1.194508022031298 Y_cur -4.008910874851256 6.410735368728638 5.149372541086952
-568.9608399999996 X_cur -1.262493504461832 Y_cur -3.9712866267849387 6.423581838607788 5.129091593494806
-571.3581999999997 X_cur -1.3296802937776555 Y_cur -3.930342884383303 6.434983015060425 5.106498863335789
-573.7628399999996 X_cur -1.394683790122636 Y_cur -3.886887862521437 6.454644441604614 5.082009037308984
-576.1722399999996 X_cur -1.458000236954302 Y_cur -3.840594321537275 6.465681552886963 5.05540483805775
-578.5861199999996 X_cur -1.5193107232509016 Y_cur -3.791675116246163 6.477617979049683 5.026773865357169
-581.0041999999996 X_cur -1.5786870684251566 Y_cur -3.74005240482795 6.488943576812744 4.996033392655423
-583.4264799999996 X_cur -1.635651110038767 Y_cur -3.6861342971155837 6.500110626220703 4.963386868296085
-585.8537999999996 X_cur -1.690620867994723 Y_cur -3.629501354892056 6.513264179229736 4.928537482280785
-588.2855999999996 X_cur -1.7428129918612532 Y_cur -3.5709518324128737 6.525780200958252 4.891931906602848
-590.7221599999996 X_cur -1.792932875890091 Y_cur -3.509668957122923 6.536987543106079 4.853011683510113
-593.1631999999996 X_cur -1.840397162893853 Y_cur -3.4463070202988937 6.548886060714722 4.812141709877939
-595.6084399999996 X_cur -1.8849769061408044 Y_cur -3.3811793692844 6.559990882873535 4.7694727803529195
-598.0589999999996 X_cur -1.92686046832395 Y_cur -3.313997818262424 6.57521915435791 4.724761204586168
-600.5148799999996 X_cur -1.96594709354193 Y_cur -3.2448705598023673 6.5867156982421875 4.678020312491473
-602.9749599999996 X_cur -2.001919499054329 Y_cur -3.1743469494259884 6.597643136978149 4.62956306090283
-605.4397999999995 X_cur -2.0349272252297634 Y_cur -3.1021193082775897 6.610771417617798 4.579116905182168
-607.9091199999996 X_cur -2.0647924152901025 Y_cur -3.0285366163195335 6.6217427253723145 4.52686149415539
-610.3837599999996 X_cur -2.0913706286684226 Y_cur -2.9539632152137485 6.635751962661743 4.472991863811111
-612.8628799999996 X_cur -2.114842268664309 Y_cur -2.877842966834405 6.646928310394287 4.417037909816517
-615.3478799999996 X_cur -2.134929619637833 Y_cur -2.8010130217348492 6.663357734680176 4.359544067010314
-617.8379199999996 X_cur -2.1516600718346646 Y_cur -2.7233829109374024 6.675190210342407 4.300374561150254
-620.3324399999996 X_cur -2.1649959100022964 Y_cur -2.6450981898642514 6.687365770339966 4.239569330023784
-622.8314399999996 X_cur -2.174966682327456 Y_cur -2.5658215781115223 6.698829412460327 4.176788670277711
-625.3349199999996 X_cur -2.1814253846841236 Y_cur -2.48667217952251 6.709948539733887 4.112845681082689
-627.8428799999996 X_cur -2.184414466723764 Y_cur -2.407315972949271 6.721149682998657 4.047402710621628
-630.3555999999995 X_cur -2.1839200884973993 Y_cur -2.327660680045417 6.734166860580444 3.9803055855628493
-632.8727999999995 X_cur -2.179927782894009 Y_cur -2.2481039606975295 6.745320081710815 3.9118108949861274
-635.3944799999995 X_cur -2.172439053542852 Y_cur -2.1687999316060984 6.757359743118286 3.8419766329202183
-637.9206399999995 X_cur -2.1613948924540094 Y_cur -2.0894190097044913 6.7683024406433105 3.7704293785522305
-640.4515599999995 X_cur -2.1469004856643292 Y_cur -2.0108435068835204 6.780853509902954 3.6978859255375074
-642.9866799999995 X_cur -2.1289996427370927 Y_cur -1.9332241154924263 6.791821479797363 3.624423152790109
-645.5262799999995 X_cur -2.107677076284266 Y_cur -1.8564741431322085 6.804257869720459 3.549893968596397
-648.0706399999995 X_cur -2.0828925859272727 Y_cur -1.780514110815883 6.815680503845215 3.474147412669336
-650.6191999999994 X_cur -2.0546689161344123 Y_cur -1.7055025869043607 6.826866388320923 3.3972648708446544
-653.1727999999994 X_cur -2.0231312115446465 Y_cur -1.631823027694808 6.838756799697876 3.3195711090788182
-655.7303199999993 X_cur -1.9885493264846674 Y_cur -1.560064381364712 6.8498852252960205 3.241644345173435
-658.2925999999993 X_cur -1.9506782088792594 Y_cur -1.489708316074856 6.861581325531006 3.162877325115328
-660.8593599999994 X_cur -1.9096943007039395 Y_cur -1.421118836251562 6.873561382293701 3.083625908146646
-663.4311599999994 X_cur -1.8654047354691359 Y_cur -1.3540296056567924 6.886306524276733 3.0035296255271646
-666.0071599999994 X_cur -1.8182882789298225 Y_cur -1.289196405988071 6.897527456283569 2.9234555667022337
-668.5873599999994 X_cur -1.7681485434696873 Y_cur -1.2263590176076349 6.908823013305664 2.843065906210549
-671.1717599999994 X_cur -1.7153872631198526 Y_cur -1.1660303216831291 6.919955015182495 2.7630129961555627
-673.7609199999994 X_cur -1.659785554989644 Y_cur -1.107970176114166 6.932029962539673 2.682988324972561
-676.3545599999994 X_cur -1.6016134618357831 Y_cur -1.0524856014236754 6.944626331329346 2.603432892391334
-678.9526799999994 X_cur -1.5409860388310268 Y_cur -0.9996950148547762 6.955618381500244 2.524562957089243
-681.5552799999995 X_cur -1.4776412727156878 Y_cur -0.9494080217539126 6.966864347457886 2.4461429570062623
-684.1620799999995 X_cur -1.4122730124421528 Y_cur -0.90219714796718 6.977734804153442 2.3691494362760035
-686.7733599999995 X_cur -1.3448217180333655 Y_cur -0.858013452586706 6.9900383949279785 2.293634548764773
-689.3891199999995 X_cur -1.2754242590109204 Y_cur -0.8169541206861078 7.001494646072388 2.2199165113021215
-692.0093599999994 X_cur -1.2037907658225158 Y_cur -0.7788809260811559 7.013440847396851 2.147912837397018
-694.6337999999995 X_cur -1.1307098577313648 Y_cur -0.7442323771662869 7.024893522262573 2.0786657662852
-697.2632799999994 X_cur -1.0556656098958839 Y_cur -0.7127841626684546 7.037040948867798 2.011978992883556
-699.8966799999995 X_cur -0.9797146320842937 Y_cur -0.6849850612657717 7.047930717468262 1.9491063123926513
-702.5362399999995 X_cur -0.9020978463682164 Y_cur -0.6605665456802718 7.064549446105957 1.8897782348875447
-705.1802799999995 X_cur -0.8234372446551799 Y_cur -0.6397545523485946 7.0762529373168945 1.834896151784415
-707.8293599999995 X_cur -0.7434210923983141 Y_cur -0.6224973623868281 7.088850736618042 1.7847051889807788
-710.4823599999995 X_cur -0.6631738839707897 Y_cur -0.6090431857905364 7.100030422210693 1.7403504170482051
-713.1398399999995 X_cur -0.5823891718568182 Y_cur -0.5993241520444539 7.111262798309326 1.7020619526940792
-715.8017999999995 X_cur -0.5007528676370038 Y_cur -0.5933317351113341 7.123271226882935 1.6701674923670313
-718.4682399999995 X_cur -0.41941469359422545 Y_cur -0.5911567013917207 7.135683536529541 1.645505494851512
-721.1436399999994 X_cur -0.33806365220970813 Y_cur -0.5927807069179727 7.159955024719238 1.6282620837185526
-723.8282799999994 X_cur -0.2561465598773027 Y_cur -0.5982622464604053 7.185237169265747 1.6186578602649906
-726.5179599999993 X_cur -0.17409140824266942 Y_cur -0.6076373060023725 7.196976661682129 1.6170360311614833
-729.2121199999993 X_cur -0.09256762579496473 Y_cur -0.620858975587467 7.208032846450806 1.62350010289121
-731.9104799999993 X_cur -0.011995768577452715 Y_cur -0.6378535215090612 7.219358444213867 1.6378974498983128
-734.6130399999993 X_cur 0.06792160485473077 Y_cur -0.6586898617563078 7.230852842330933 1.6600799384063414
-737.3203599999993 X_cur 0.146532327076062 Y_cur -0.6832050227470298 7.244008779525757 1.68957120935436
-740.0324399999993 X_cur 0.224124576817934 Y_cur -0.7114960536789888 7.25519061088562 1.726108504032284
-742.7489999999992 X_cur 0.30028877202445003 Y_cur -0.7434327883233104 7.267148733139038 1.7691046419035663
-745.4697599999993 X_cur 0.3750717242384393 Y_cur -0.7790539899316872 7.278149127960205 1.8181616807685315
-748.1952799999992 X_cur 0.4482915975515874 Y_cur -0.8183063758791156 7.290722846984863 1.8727529022799558
-750.9249999999993 X_cur 0.5193494002603302 Y_cur -0.8608757148459097 7.30185079574585 1.9319891888036123
-753.6591999999993 X_cur 0.5882956376276193 Y_cur -0.9067862397694811 7.314156532287598 1.9954762643103334
-756.3978799999993 X_cur 0.6549694869129361 Y_cur -0.955938633071774 7.32562780380249 2.0626878011782765
-759.1407599999993 X_cur 0.7194043261118096 Y_cur -1.0083795631548174 7.337668180465698 2.133338007472403
-761.8883999999994 X_cur 0.7814331310761076 Y_cur -1.0640121625906145 7.349059343338013 2.2069852617689576
-764.6405199999994 X_cur 0.8407191885779608 Y_cur -1.1225589144319397 7.360710859298706 2.282994765495024
-767.3973999999994 X_cur 0.8972860439508482 Y_cur -1.1840693051253635 7.372662782669067 2.3612032894818165
-770.1584799999994 X_cur 0.9506676512661888 Y_cur -1.2480455723321453 7.3843090534210205 2.44079451786629
-772.9243199999994 X_cur 1.0010472543154627 Y_cur -1.3147181520529898 7.396834373474121 2.5219071610224146
-775.6946399999994 X_cur 1.048145535477646 Y_cur -1.3837477775887168 7.407770872116089 2.604008934451045
-778.4694399999994 X_cur 1.091846838706077 Y_cur -1.4549765174776939 7.419287919998169 2.6868269800192492
-781.2481599999994 X_cur 1.1322787435568706 Y_cur -1.5286685363112205 7.430796384811401 2.770599162571348
-784.0321999999994 X_cur 1.1689766007562148 Y_cur -1.6040177400348956 7.443561553955078 2.8543676503793267
-786.8218399999994 X_cur 1.202156131293591 Y_cur -1.6815129532921123 7.458933353424072 2.9386546382111938
-789.6156799999994 X_cur 1.2314338129886413 Y_cur -1.760304259438081 7.470573902130127 3.0225335135352527
-792.4139999999994 X_cur 1.2568299534342338 Y_cur -1.8404309629774893 7.481815576553345 3.1060697975561857
-795.2176399999994 X_cur 1.2783387845624814 Y_cur -1.9219402232364236 7.495190620422363 3.1893392287876186
-798.0257599999994 X_cur 1.295929931553531 Y_cur -2.0048834122983497 7.506733417510986 3.272423980629972
-800.8380799999994 X_cur 1.3093914167938157 Y_cur -2.0883485781129214 7.517625331878662 3.3544601387265613
-803.6548799999994 X_cur 1.3187349394684815 Y_cur -2.1723744317138007 7.530582666397095 3.4355525575322523
-806.4769999999994 X_cur 1.323945101062541 Y_cur -2.257002295212692 7.543567895889282 3.515806391377126
-809.3035999999994 X_cur 1.3249756302931448 Y_cur -2.3417841274276663 7.555322170257568 3.5948687841419478
-812.1346799999994 X_cur 1.3217991914335356 Y_cur -2.427001735234208 7.566798210144043 3.6730769112247867
-814.9696799999995 X_cur 1.3144541208155416 Y_cur -2.5114710847157795 7.577974081039429 3.7494291318177986
-817.8099999999995 X_cur 1.3028991909144978 Y_cur -2.5957147767296536 7.593473196029663 3.8244883392785542
-820.6559199999995 X_cur 1.2871757915348414 Y_cur -2.679280862919533 7.60689902305603 3.8979390947729353
-823.5063199999995 X_cur 1.2673162421589517 Y_cur -2.7619616608579487 7.617820978164673 3.9696909193796164
-826.3611999999995 X_cur 1.2433633044514172 Y_cur -2.8435507092917027 7.6301610469818115 4.0396577035379
-829.2208399999995 X_cur 1.215289323104014 Y_cur -2.924073886175157 7.643502712249756 4.107953748889149
-832.0860799999995 X_cur 1.1830415755571497 Y_cur -3.0035458953497187 7.656662464141846 4.174681677166335
-834.9555199999995 X_cur 1.1469589652895382 Y_cur -3.081082399561313 7.6675705909729 4.239191953670789
-837.8294399999995 X_cur 1.107034185451466 Y_cur -3.156712262736915 7.679431915283203 4.301602204172957
-840.7078399999996 X_cur 1.0631123589167535 Y_cur -3.23066199730696 7.6908698081970215 4.362190828372695
-843.5907199999996 X_cur 1.0155268521247434 Y_cur -3.3023091161078795 7.703395366668701 4.420538261109314
-846.4777999999995 X_cur 0.9645383073977133 Y_cur -3.371272046517684 7.71500301361084 4.476421947393314
-849.3693599999996 X_cur 0.9101357895991198 Y_cur -3.437575014183254 7.726189374923706 4.529946927063575
-852.2656799999995 X_cur 0.852288216627835 Y_cur -3.5012252175643694 7.737512111663818 4.581203298636731
-855.1664799999995 X_cur 0.7912936280934911 Y_cur -3.5618663773376746 7.749726295471191 4.6299860097569745
-858.0717599999995 X_cur 0.7273038407940655 Y_cur -3.6193380852512185 7.761112213134766 4.676243708649731
-860.9812399999995 X_cur 0.6602895362992415 Y_cur -3.673641539259841 7.7719995975494385 4.720053761266005
-863.8951999999995 X_cur 0.5906012959601741 Y_cur -3.7244680213595887 7.784900665283203 4.761240172018129
-866.8141999999995 X_cur 0.5188241667245402 Y_cur -3.771412256178989 7.797246217727661 4.799536793732545
-869.7376799999995 X_cur 0.4439019991772072 Y_cur -3.815127164784851 7.808172941207886 4.83554532580582
-872.6656399999995 X_cur 0.36727879385794293 Y_cur -3.8547335598593016 7.81946587562561 4.868606746251119
-875.5975199999995 X_cur 0.288285036194564 Y_cur -3.8905708403731585 7.830949068069458 4.899060257518978
-878.5341599999995 X_cur 0.20733161473482825 Y_cur -3.92240350038648 7.8420374393463135 4.926767968870222
-881.4769599999995 X_cur 0.12485069173750776 Y_cur -3.9500381169221113 7.859114646911621 4.9516123691388785
-884.4242399999995 X_cur 0.041057978201587006 Y_cur -3.973395253900954 7.870650053024292 4.973564728552201
-887.3762799999995 X_cur -0.04406487434306637 Y_cur -3.9924594701031184 7.883070468902588 4.9926539309042015
-890.3327999999995 X_cur -0.12957596888588988 Y_cur -4.007025771435227 7.894899129867554 5.0087021280496655
-893.2943599999994 X_cur -0.21572543866261135 Y_cur -4.017154605603051 7.907258987426758 5.02179029843044
-896.2603999999994 X_cur -0.3027712593639797 Y_cur -4.022844022371657 7.918136358261108 5.031961099667955
-899.2306399999994 X_cur -0.3897506271753364 Y_cur -4.02401203979363 7.9294633865356445 5.039107314532497
-902.2050799999994 X_cur -0.47691758900046954 Y_cur -4.020655683001297 7.940893650054932 5.043256276846462
-905.1845599999994 X_cur -0.563792262053503 Y_cur -4.0127730726043405 7.9536659717559814 5.044378613087896
-908.1687999999994 X_cur -0.6503806119408073 Y_cur -4.00034362717245 7.965172052383423 5.042462823878093
-911.1572399999993 X_cur -0.7364429334015987 Y_cur -3.983369565490948 7.976759195327759 5.0374914809276445
-914.1504399999993 X_cur -0.8212645694741936 Y_cur -3.961984442065565 7.988093137741089 5.029489546303318
-917.1483999999994 X_cur -0.9050851514459065 Y_cur -3.9361203359895494 8.000737190246582 5.018412408594719
-920.1505599999994 X_cur -0.9872067085194141 Y_cur -3.905985915242284 8.01172161102295 5.004325617493471
-923.1571999999993 X_cur -1.0676346210152516 Y_cur -3.87158556144305 8.024119853973389 4.987202579247286
-926.1685999999993 X_cur -1.1463635608732958 Y_cur -3.832899698727886 8.035245656967163 4.966997977819418
-929.1841999999992 X_cur -1.2231616284919187 Y_cur -3.7900064980953907 8.046774625778198 4.943711826270932
-932.2048399999992 X_cur -1.2975927071326248 Y_cur -3.7431259650050444 8.058871269226074 4.917417081508218
-935.2296799999992 X_cur -1.3692466575652151 Y_cur -3.6925240546400007 8.069965124130249 4.888212189812196
-938.2589999999992 X_cur -1.4381263222766327 Y_cur -3.638206159481676 8.081388711929321 4.856044037761465
-941.2927999999993 X_cur -1.50440185082274 Y_cur -3.579996439660303 8.093324184417725 4.820746033142581
-944.3355599999993 X_cur -1.567494100971058 Y_cur -3.5183507979897786 8.118776321411133 4.7825235692335
-947.3864399999993 X_cur -1.6270505436476885 Y_cur -3.453614409565962 8.137543678283691 4.7415160846165865
-950.4415199999993 X_cur -1.6832277712043298 Y_cur -3.385607525577663 8.149076223373413 4.69753223492473
-953.5024799999993 X_cur -1.7355480556084608 Y_cur -3.314894318251698 8.165628433227539 4.650853688411096
-956.5695999999994 X_cur -1.784009828001274 Y_cur -3.241482967174353 8.180828094482422 4.60139857295967
-959.6437199999993 X_cur -1.8285884626196192 Y_cur -3.165367512099101 8.197487592697144 4.5490682866358725
-962.7237199999994 X_cur -1.8689010206894467 Y_cur -3.087183961960208 8.215204954147339 4.4942033514338
-965.8101599999994 X_cur -1.9050456294797145 Y_cur -3.006720402374846 8.230229139328003 4.436553530974985
-968.9027599999994 X_cur -1.9367966022009526 Y_cur -2.9244240300550177 8.245975732803345 4.376332373800055
-972.0015199999993 X_cur -1.9640524382665012 Y_cur -2.8405316193963857 8.261863946914673 4.3136046527056715
-975.1047599999994 X_cur -1.9867267676225673 Y_cur -2.7552867253909303 8.274654865264893 4.248442260297926
-978.2127599999993 X_cur -2.004795832421427 Y_cur -2.6686986616155672 8.285824537277222 4.180736322639133
-981.3252399999993 X_cur -2.0181368305952283 Y_cur -2.5812572431755716 8.297173261642456 4.110751720647022
-984.4421999999993 X_cur -2.0267508487405124 Y_cur -2.49273338049891 8.309046268463135 4.038180960546683
-987.5630799999993 X_cur -2.030511834303717 Y_cur -2.404360087708242 8.32058334350586 3.9639180006690746
-990.6887199999993 X_cur -2.0294456761514095 Y_cur -2.3156688630396327 8.331437349319458 3.887455435343302
-993.8185599999993 X_cur -2.023522396715413 Y_cur -2.2269243402084924 8.343305110931396 3.8088953237702534
-996.9531599999992 X_cur -2.012844009026946 Y_cur -2.13936413690743 8.355655431747437 3.7292289000242667
-1000.0925199999992 X_cur -1.9972579770372092 Y_cur -2.0517984405496748 8.367094039916992 3.647261047495804
-1003.2363599999992 X_cur -1.9768930514558096 Y_cur -1.9652193127077533 8.378194570541382 3.5637945660979535
-1006.3846799999992 X_cur -1.951803858636147 Y_cur -1.8798893181251828 8.390215873718262 3.478979848639322
-1009.5374799999992 X_cur -1.9220595782872612 Y_cur -1.796068357987932 8.401382446289062 3.392979705955686
-1012.6947599999992 X_cur -1.8877438355608798 Y_cur -1.7140128562044408 8.414206504821777 3.3059707458386693
-1015.8567999999992 X_cur -1.8488475911449724 Y_cur -1.6337552540875664 8.42548680305481 3.2179036893164517
-1019.0230399999992 X_cur -1.8054592918128245 Y_cur -1.5555548680673312 8.436966896057129 3.1289844899097696
-1022.1959999999992 X_cur -1.7580694758274973 Y_cur -1.4802894649083729 8.456073522567749 3.040171724026759
-1025.3742799999993 X_cur -1.7064381564078712 Y_cur -1.4075680280262468 8.467534065246582 2.9509854271444453
-1028.5564799999993 X_cur -1.6505449917704245 Y_cur -1.337442691556986 8.47904372215271 2.861457164832561
-1031.7431599999993 X_cur -1.5908400293790597 Y_cur -1.2705328557033426 8.49025845527649 2.7723801052350567
-1034.9345999999994 X_cur -1.5276752183562667 Y_cur -1.2072236814779214 8.501570463180542 2.6843300752435075
-1038.1313599999994 X_cur -1.4608962990617167 Y_cur -1.1473723272245064 8.516064882278442 2.5971957778230377
-1041.3325999999995 X_cur -1.3908792985830294 Y_cur -1.0913435104238343 8.527289628982544 2.5116255496826563
-1044.5383199999994 X_cur -1.3174406223993507 Y_cur -1.039034282848558 8.538296222686768 2.427614178608232
-1047.7482399999994 X_cur -1.2413947892929156 Y_cur -0.9910496694734511 8.549691200256348 2.346346054867854
-1050.9631999999995 X_cur -1.1623502904218144 Y_cur -0.9471681966984707 8.562004566192627 2.267712985339558
-1054.1831999999995 X_cur -1.0809657622428306 Y_cur -0.9077959345362698 8.576773643493652 2.1927545022127632
-1057.4076799999996 X_cur -0.9979466564169605 Y_cur -0.8732514715720953 8.587716579437256 2.1224911318544564
-1060.6363599999995 X_cur -0.9124221660643539 Y_cur -0.843194535264615 8.599024772644043 2.0566672808101236
-1063.8706399999994 X_cur -0.8258075778384707 Y_cur -0.8181464304342294 8.614134073257446 1.9969012489645481
-1067.1096799999993 X_cur -0.7376779052152275 Y_cur -0.7979777106433045 8.626713037490845 1.9434228926851882
-1070.3531999999993 X_cur -0.6485482660524451 Y_cur -0.7828276651847228 8.637593030929565 1.8971266001897826
-1073.6011999999994 X_cur -0.5582177822989676 Y_cur -0.772697393681132 8.648955821990967 1.8585110013230097
-1076.8553599999993 X_cur -0.4679458604529081 Y_cur -0.7677378996642179 8.665930986404419 1.828625333474376
-1080.1142799999993 X_cur -0.3772936394245191 Y_cur -0.7679187114036705 8.677482604980469 1.8077298084839488
-1083.3776799999994 X_cur -0.2867987144034919 Y_cur -0.7732597240139988 8.689245462417603 1.7963027449162625
-1086.6452799999993 X_cur -0.19651264564171553 Y_cur -0.783778492165142 8.701015710830688 1.7945704023548514
-1089.9179199999992 X_cur -0.10697430419353295 Y_cur -0.7994342932172246 8.714750051498413 1.8026112385547426
-1093.1950399999992 X_cur -0.01847735203129948 Y_cur -0.8201829836305755 8.72589898109436 1.8202767664386625
-1096.4766399999992 X_cur 0.06868676145157145 Y_cur -0.8459635192460145 8.737319707870483 1.8472409657610551
-1099.7624399999993 X_cur 0.15445988382180956 Y_cur -0.8767802421472436 8.748276472091675 1.8831255754793714
-1103.0524399999993 X_cur 0.23809823975144895 Y_cur -0.9123729958094805 8.761305093765259 1.9271380975098973
-1106.3477599999992 X_cur 0.3197713037895118 Y_cur -0.9528230828569204 8.773621082305908 1.9788308870810691
-1109.6472799999992 X_cur 0.3991932047280634 Y_cur -0.9980277311630811 8.784991979598999 2.0375156512767583
-1112.9515599999993 X_cur 0.4760825733894249 Y_cur -1.0478679019064523 8.797103643417358 2.102478908418306
-1116.2603199999992 X_cur 0.5499671594066984 Y_cur -1.1020627871072466 8.808025121688843 2.172816567813988
-1119.5735599999991 X_cur 0.6205960680261553 Y_cur -1.1604372241503185 8.820617914199829 2.247805258278363
-1122.8909999999992 X_cur 0.6875495936629906 Y_cur -1.2226346837606146 8.83155369758606 2.326548813414795
-1126.2129199999993 X_cur 0.7511246923220184 Y_cur -1.2889601157538475 8.843546867370605 2.409050998822506
-1129.5395999999992 X_cur 0.8105853071429986 Y_cur -1.3586770643243506 8.855162382125854 2.4940741837254654
-1132.870759999999 X_cur 0.8658944150876039 Y_cur -1.4317312922050363 8.867409229278564 2.581296227783452
-1136.2058399999992 X_cur 0.9171317177651286 Y_cur -1.5082855395638686 8.878724336624146 2.6706978368426526
-1139.545399999999 X_cur 0.9638224718584885 Y_cur -1.5876945280761205 8.89010214805603 2.7613613903099505
-1142.889439999999 X_cur 1.0058016887098906 Y_cur -1.6696918410009263 8.90129828453064 2.8528742634260245
-1146.237679999999 X_cur 1.0430186878266168 Y_cur -1.7542245934515073 8.914224624633789 2.9451045981982844
-1149.590959999999 X_cur 1.075227444912222 Y_cur -1.840789524151682 8.925442934036255 3.0374659140181977
-1152.948439999999 X_cur 1.1023828451571795 Y_cur -1.929325800295816 8.936811923980713 3.1298877905726203
-1156.310119999999 X_cur 1.12424203516508 Y_cur -2.0190646830185472 8.947776556015015 3.221594591794877
-1159.675999999999 X_cur 1.1409261475873884 Y_cur -2.110653328440984 8.959058046340942 3.3132878842608244
-1163.0466399999991 X_cur 1.1521668774096756 Y_cur -2.202821924257746 8.971310377120972 3.403756276807441
-1166.421759999999 X_cur 1.1579923780321335 Y_cur -2.295980166222851 8.983372688293457 3.4934841639422
-1169.801079999999 X_cur 1.1583155884305996 Y_cur -2.3890754674612884 8.994787454605103 3.581553786633572
-1173.185439999999 X_cur 1.1531153025431737 Y_cur -2.4825154260771995 9.006609678268433 3.668458612799781
-1176.5742799999991 X_cur 1.142400693175393 Y_cur -2.575484592931324 9.018756866455078 3.7535542380598277
-1179.967319999999 X_cur 1.1262447686917103 Y_cur -2.6674159836942666 9.029908895492554 3.8364524337546047
-1183.364839999999 X_cur 1.1046690947282436 Y_cur -2.7582283440674753 9.041426658630371 3.9172150942984834
-1186.766839999999 X_cur 1.0776015494077333 Y_cur -2.8480682604506042 9.053313493728638 3.996104908079027
-1190.175279999999 X_cur 1.0453248674745899 Y_cur -2.9359106456802917 9.069645404815674 4.072357632789662
-1193.593519999999 X_cur 1.0081614759901956 Y_cur -3.021000518139645 9.097384452819824 4.145459531650263
-1197.019879999999 X_cur 0.9654240351835379 Y_cur -3.1048055710582063 9.115303754806519 4.216808312444442
-1200.450719999999 X_cur 0.9177479875571498 Y_cur -3.185902859694213 9.127710103988647 4.28532893947027
-1203.885759999999 X_cur 0.8651622696131469 Y_cur -3.2642006922038536 9.13906979560852 4.351081853534129
-1207.325559999999 X_cur 0.8078252804717349 Y_cur -3.3393966359749676 9.15072512626648 4.413948895046261
-1210.769559999999 X_cur 0.7462341629046442 Y_cur -3.410827319467643 9.161856889724731 4.473506797585995
-1214.218319999999 X_cur 0.6802872061814255 Y_cur -3.4785986938256777 9.175081253051758 4.529970964943506
-1217.672119999999 X_cur 0.6103772318178948 Y_cur -3.5422740875655006 9.186290979385376 4.583100942777791
-1221.1301199999991 X_cur 0.5369440858608422 Y_cur -3.601463456393392 9.197502851486206 4.632685494598651
-1224.592599999999 X_cur 0.4600702515329399 Y_cur -3.656109791157218 9.209317445755005 4.6787843531900135
-1228.059559999999 X_cur 0.38003248391715466 Y_cur -3.706007326792512 9.22185468673706 4.721327106720848
-1231.531279999999 X_cur 0.2969052128700206 Y_cur -3.7510830086141693 9.23413348197937 4.760351085809917
-1235.007479999999 X_cur 0.21119777476906537 Y_cur -3.7910354220281537 9.245430707931519 4.795688158668773
-1238.488159999999 X_cur 0.12276819845795105 Y_cur -3.825889869363143 9.256839752197266 4.827451197244196
-1241.973039999999 X_cur 0.03261585865107024 Y_cur -3.855229046189381 9.267759323120117 4.855338596349032
-1245.462679999999 X_cur -0.05891861812069747 Y_cur -3.878965091469707 9.280592203140259 4.87932083053997
-1248.957079999999 X_cur -0.15196946744396556 Y_cur -3.8971246925037337 9.291644811630249 4.899482112730385
-1252.455959999999 X_cur -0.24595513200678834 Y_cur -3.9095716409723797 9.30364203453064 4.915728595518746
-1255.959319999999 X_cur -0.34052575431295695 Y_cur -3.916252139914867 9.315513134002686 4.928031340461211
-1259.467439999999 X_cur -0.4355722794261071 Y_cur -3.9171356157244133 9.327613592147827 4.93638996373159
-1262.979759999999 X_cur -0.530738413998833 Y_cur -3.9121818795385366 9.339085817337036 4.940770595945611
-1266.4965599999991 X_cur -0.6249359146794781 Y_cur -3.9014551589298674 9.350245237350464 4.941134239469363
-1270.0186799999992 X_cur -0.7185371269005943 Y_cur -3.8849192726116724 9.363986492156982 4.937482344542358
-1273.5458399999993 X_cur -0.8114188174337921 Y_cur -3.862541742552258 9.376280307769775 4.929778158837252
-1277.0771999999993 X_cur -0.9025122341016955 Y_cur -3.8345574235238953 9.387460231781006 4.918076231012817
-1280.6127599999993 X_cur -0.9919352403226641 Y_cur -3.800922794846455 9.398958683013916 4.902325489303039
-1284.1525199999992 X_cur -1.0788880474311098 Y_cur -3.761931231558034 9.410585641860962 4.882621065880243
-1287.6978799999993 X_cur -1.1632632517528139 Y_cur -3.717637241363154 9.424000024795532 4.858938416359594
-1291.2479999999994 X_cur -1.2449426833527644 Y_cur -3.668076846475969 9.435154914855957 4.831234182839682
-1294.8023199999993 X_cur -1.3235931541454788 Y_cur -3.613408622084382 9.446561336517334 4.799524763143044
-1298.3616799999993 X_cur -1.3979315881387733 Y_cur -3.5545696137572427 9.461638689041138 4.76427508564283
-1301.9274799999994 X_cur -1.4690119997987545 Y_cur -3.4907312446825842 9.475324153900146 4.724898238853523
-1305.4971999999993 X_cur -1.5363222725277021 Y_cur -3.422242508853927 9.48688530921936 4.68150776269562
-1309.0713999999994 X_cur -1.5989118054883558 Y_cur -3.3500600133883918 9.4977548122406 4.634602580784101
-1312.6500799999994 X_cur -1.6571702010739042 Y_cur -3.2737230033994575 9.509190082550049 4.583767160874666
-1316.2335199999995 X_cur -1.7104076615944013 Y_cur -3.1940971023912237 9.521242141723633 4.52945304348409
-1319.8219999999994 X_cur -1.7585569677393404 Y_cur -3.1112951964239968 9.534614086151123 4.471607183208697
-1323.4149599999994 X_cur -1.8014226125807642 Y_cur -3.0256386274618126 9.545637130737305 4.41031629115531
-1327.0121199999994 X_cur -1.838925048200919 Y_cur -2.937236438163079 9.55686902999878 4.345512179582499
-1330.6137599999995 X_cur -1.8708000691439393 Y_cur -2.84665298056659 9.567764282226562 4.277456259462018
-1334.2198799999994 X_cur -1.8969145392164701 Y_cur -2.7542440296847417 9.580185174942017 4.2062611668219505
-1337.8315999999995 X_cur -1.9171558712851953 Y_cur -2.660373543234865 9.594242572784424 4.132048052820424
-1341.4477999999995 X_cur -1.9314362362864008 Y_cur -2.565413283516995 9.60542607307434 4.054949792182342
-1345.0681999999995 X_cur -1.9397127612188527 Y_cur -2.4694973477631676 9.617257356643677 3.9749084822384173
-1348.6939199999995 X_cur -1.9419015683131207 Y_cur -2.373494280761342 9.630154609680176 3.8924857563447093
-1352.3241199999995 X_cur -1.9380073995877731 Y_cur -2.2775452567944905 9.641480445861816 3.8076469887836275
-1355.9587999999994 X_cur -1.9279876816799235 Y_cur -2.181550048029665 9.653347492218018 3.720134031029942
-1359.5973999999994 X_cur -1.911977506500321 Y_cur -2.0868660787372266 9.665093421936035 3.631032934775135
-1363.2413199999994 X_cur -1.8899260403377547 Y_cur -1.993153217098223 9.677245378494263 3.5398851138097953
-1366.8894399999995 X_cur -1.8618854426388411 Y_cur -1.90079955050375 9.68812346458435 3.446919702243322
-1370.5423199999996 X_cur -1.8281035543841917 Y_cur -1.8106488343532932 9.699762344360352 3.352865860067122
-1374.1993999999995 X_cur -1.7885400546746952 Y_cur -1.7226135894596029 9.711087226867676 3.257529782624537
-1377.8609599999995 X_cur -1.7434351402349797 Y_cur -1.6372846872860645 9.723383903503418 3.161461151113472
-1381.5275599999995 X_cur -1.692965720387118 Y_cur -1.5550149327405718 9.735816717147827 3.0650015068402796
-1385.1986399999996 X_cur -1.637332243123244 Y_cur -1.4761454769272762 9.746982336044312 2.9685271259125123
-1388.8741999999995 X_cur -1.5767571456402896 Y_cur -1.4010047262144576 9.758022546768188 2.872453096506865
-1392.5539599999995 X_cur -1.5116496627895117 Y_cur -1.3300865813337184 9.769412994384766 2.77747874510735
-1396.2384799999995 X_cur -1.4419428922548896 Y_cur -1.2633300011757378 9.781686782836914 2.6836285135514863
-1399.9274799999996 X_cur -1.3680853884018271 Y_cur -1.201196725249305 9.793665647506714 2.5917030410922552
-1403.6212399999997 X_cur -1.2905751885823802 Y_cur -1.1440956173752954 9.805168628692627 2.502544771593986
-1407.3194799999997 X_cur -1.2091319505819849 Y_cur -1.091849081575681 9.816755294799805 2.416160726029462
-1411.0221999999997 X_cur -1.1244846562977233 Y_cur -1.044971186044812 9.829330682754517 2.3337465359379825
-1414.7293999999997 X_cur -1.0369834690380215 Y_cur -1.0036644826276666 9.840724229812622 2.256104180662259
-1418.4410799999996 X_cur -0.946991800697724 Y_cur -0.9681088762008412 9.851644277572632 2.1840892882776695
-1422.1586399999997 X_cur -0.85511672891614 Y_cur -0.9385378424366297 9.86773133277893 2.1187622770455166
-1425.8809599999997 X_cur -0.7612787292905075 Y_cur -0.9149342125185598 9.880540609359741 2.0607082136838897
-1429.6077599999996 X_cur -0.6661049525103209 Y_cur -0.8974798797485964 9.891627788543701 2.0110011690224163
-1433.3393199999996 X_cur -0.5697542923257166 Y_cur -0.8862283075312156 9.903595924377441 1.9704002592761838
-1437.0750799999996 X_cur -0.4726312377303867 Y_cur -0.8812659141776269 9.915038347244263 1.9397272299798083
-1440.8153199999997 X_cur -0.37539133786019463 Y_cur -0.88264973315358 9.926611185073853 1.9197105704464181
-1444.5603199999996 X_cur -0.2782058945014592 Y_cur -0.8904013508730585 9.938884019851685 1.9107631425998464
-1448.3095199999996 X_cur -0.18197709684951283 Y_cur -0.9044559438655269 9.95003056526184 1.913130446650858
-1452.0631999999996 X_cur -0.08687485199542318 Y_cur -0.9247802176640162 9.96137809753418 1.9267397660867347
-1455.8207999999995 X_cur 0.007161164614814031 Y_cur -0.9514266032461242 9.973313093185425 1.9514397428912191
-1459.5837199999994 X_cur 0.09901548955065426 Y_cur -0.984105051322555 9.98564600944519 1.9865741672171806
-1463.3511199999994 X_cur 0.18852414323456002 Y_cur -1.0227482770393288 9.997144222259521 2.0315146922549925
-1467.1227199999994 X_cur 0.2759494416453888 Y_cur -1.0675298170440108 10.00809097290039 2.085863763219075
