0.7911936421401305	0.7864193238421402
0.7917461813317768	0.7869774911259925
0.7922814981115435	0.7875521964595055
0.7922814981115435	0.7875521964595055
0.7924486477378936	0.7877536906824079
0.7924486477378936	0.7877536906824079
0.7926010951102053	0.7879665256375428
0.7926010951102053	0.7879665256375428
0.7926010951102053	0.7879665256375428
0.792855198623582	0.7884243324552046
0.7927383183592416	0.7881900720802802
0.7927383183592416	0.7881900720802802
0.7927383183592416	0.7881900720802802
0.7927383183592416	0.7881900720802802
0.7927996491752274	0.7884445862261789
0.7926597838604116	0.7876717421482565
0.7927180316737971	0.7881920909447804
0.7927021227644547	0.7879307753768255
0.7927021227644547	0.7879307753768255
0.7927021227644547	0.7879307753768255
0.7927021227644547	0.7879307753768255
0.7927382662518822	0.7876714829400507
0.792685566422558	0.7879279232790016
0.792685566422558	0.7879279232790016
0.792685566422558	0.7879279232790016
0.7927797996150665	0.7876836713089345
0.792884664771144	0.787443791717279
0.792884664771144	0.787443791717279
0.792884664771144	0.787443791717279
0.7930246450896856	0.7872225578367972
0.7928736391227138	0.7874364178783919
0.7930352831079645	0.7872304806513437
0.7932071501737021	0.7870329948767504
0.7932071501737021	0.7870329948767504
0.7932071501737021	0.7870329948767504
0.7932071501737021	0.7870329948767504
0.7932071501737021	0.7870329948767504
0.7932071501737021	0.7870329948767504
0.7934316319270052	0.7868982845880341
0.7932006153302652	0.7870214521628366
0.7932006153302652	0.7870214521628366
0.7936851992945791	0.7868231240021084
0.7934381957141947	0.7869098889185739
0.7939437236802354	0.7867735175382962
0.7936878305694425	0.7868288134269383
0.7934294652048223	0.7868710775703308
0.7926495501122287	0.7869637205593415
0.7916055117067698	0.7870450010561355
0.79055932375566	0.787090973680431
0.7892504463133494	0.7871086606052901
0.7871562424056526	0.7870803615255156
0.7855863422324098	0.7870273092275044
0.7821885605973737	0.7868319701684275
0.7806209985820266	0.7867312208343684
0.7787917896063429	0.7866198584689723
0.776962214879785	0.7865146758987002
0.7751316681825777	0.7864280396332465
0.7738232761581592	0.7863882489718026
0.7719908477389245	0.786363487277
0.770681858268578	0.7863679091343613
0.768849931704877	0.7864174280030386
0.7667578783366401	0.7865164408778428
0.7646673537930015	0.7866437121525811
0.7623170854364769	0.7868107185235126
0.7597084218317617	0.7870315490980153
0.7565818918623698	0.7873388189331506
0.7531983650166806	0.7877060020916559
0.7503364466357992	0.7880263650652763
0.7466968428703625	0.7884586990139928
0.7435797573053191	0.7888503391310479
0.7391657855051198	0.7894200764992062
0.735534002779034	0.7899138197959699
0.7324210461566748	0.790337028336053
0.728789263430589	0.7908307716328167
0.7249036284588236	0.7913991885070344
0.7210160955163141	0.7919544762681141
0.7176485452074507	0.7924471042257695
0.7137648525464034	0.793028643726775
0.7098831465138842	0.7936232992184722
0.705742660079197	0.794257598409616
0.7023802749848591	0.7947843278133561
0.6977246648542375	0.7955136454493039
0.6941036347526429	0.7960808924994857
0.6902219287201237	0.7966755479911829
0.6863422536112723	0.7972833126878062
0.6822039334951643	0.797931595030871
0.6785829033935697	0.7984988420810527
0.6747053034803508	0.7991197090472436
0.6679841302974381	0.8001958784553078
0.6641044551885867	0.8008036431519311
0.6604834250869922	0.8013708902021127
0.6563495792530696	0.802047116496392
0.6524719793398507	0.802667983462583
0.6480797681413079	0.8033864739002546
0.6431735668596767	0.8042060706952076
0.6380034336420516	0.8050338933167954
0.6330944917142685	0.8058369120412521
0.626631825192237	0.8068716903182369
0.6219838450306918	0.8076481504397712
0.6168194226289749	0.8085108839081427
0.6106221157469146	0.8095461640701885
0.6054576933451977	0.81040889753856
0.6010654821466549	0.8111273879762317
0.5974483670419726	0.8117190859837261
0.5930586080005132	0.8124524094318418
0.5886713512088	0.8132005575222603
0.5840260204881624	0.8139927143238798
0.5798921746542398	0.8146689406181591
0.5757629917914509	0.8153730799973764
0.5713782873135926	0.8161360441927884
0.5667356590429192	0.8169438886349893
0.5631247259435066	0.8175722120900345
0.5584820976728332	0.8183800565322354
0.5540948408811199	0.8191282046226539
0.5504818058761796	0.819744326579469
0.5463574744606319	0.8204763469032582
0.5419727699827737	0.8212393110986702
0.538361836883361	0.8218676345537154
0.534235056198318	0.8225857185023384
0.5301035182769445	0.8232759052770356
0.5270048648359144	0.8237935453580585
0.5215853123285039	0.8247177282932813
0.5166791110468728	0.8255373250882342
0.5133203613068107	0.8260867589523361
0.5097032462021284	0.8266784569598304
0.5058256462889095	0.8272993239260213
0.5019501658196069	0.8279332860769082
0.49832913571801235	0.8285005331270899
0.49419528988408973	0.8291767594213693
0.4900569697679816	0.8298250417644341
0.48669282453979823	0.8303404098572383
0.4820397046439356	0.8310854502166674
0.47842061139159797	0.8316649260517789
0.4740236462682332	0.8323537260412852
0.47066305967677674	0.8328918107453173
0.46678338456792545	0.8334995754419405
0.4618665569267344	0.8342528057314237
0.45824363129638307	0.8348078175236745
0.45436395618753167	0.8354155822202978
0.45074292608593713	0.8359828292704794
0.4460873159553156	0.8367121469064273
0.4416927027203342	0.8374157961347769
0.4380736094679965	0.8379952719698884
0.4339331230333093	0.8386295711610322
0.43005344792445793	0.8392373358576555
0.42565418108760283	0.8399112787482457
0.42228831411469514	0.8404152796491171
0.41814999399858704	0.8410635619921819
0.4142682879660678	0.8416582174838791
0.41012780153138056	0.8422925166750229
0.4057262831821936	0.8429515947761624
0.4015879630660855	0.8435998771192272
0.397966932964491	0.8441671241694089
0.3940893330512721	0.8447879911355998
0.38969236792790724	0.8454767911251061
0.3850367577972857	0.846206108761054
0.38141572769569115	0.8467733558112356
0.3757255375360425	0.8476647440329497
0.37210450743444795	0.8482319910831313
0.36693160728931284	0.8490423440119622
0.36278900178419576	0.8496626528130347
0.35942485655601236	0.8501780209058389
0.3552843701213252	0.8508123200969827
0.3514006774602779	0.8513938595979882
0.34751897142775867	0.8519885150896854
0.3438960457974073	0.8525435268819362
0.3400123531363601	0.8531250663829417
0.3361306471038408	0.853719721874639
0.3317291287546539	0.8543787999757785
0.32784349378288846	0.8549472168499962
0.32369881647967197	0.8555535281824951
0.31981512381862465	0.8561350676835006
0.31541585698176955	0.8568090105740908
0.3117929313514182	0.8573640223663416
0.3073914130022313	0.8580231004674811
0.3040238626933679	0.8585157284251365
0.3003972700530535	0.859046250841073
0.295477926015727	0.8597828675423466
0.2918495619360513	0.8603011361193543
0.2879601753844299	0.8608432884307654
0.28407264244192026	0.8613985761918451
0.2804442783622447	0.8619168447688529
0.2757792388312332	0.8625831900821486
0.27240843715316126	0.8630530554187048
0.26852090421065167	0.8636083431797845
0.2646279436098049	0.8641242061819051
0.26022207294162736	0.8647535323111288
0.25581410151645634	0.8653679715973948
0.2516654225280602	0.8659462673962333
0.2480353284132135	0.8664522762202169
0.24440523429836683	0.8669582850442006
0.23973797043642114	0.8676088678178939
0.23610787632157443	0.8681148766418776
0.2298848578389801	0.8689823203401353
0.22625476372413342	0.869488329164119
0.22158749986218768	0.8701389119378123
0.21718162919401018	0.870768238067036
0.21329224264238872	0.871310390378447
0.20940104686443972	0.871839401053551
0.20550808626359296	0.8723552640556715
0.2016205533210834	0.8729105518167513
0.1974699444912711	0.8734748298701954
0.1917682295089237	0.874289251919779
0.18762152770358015	0.8748815588649307
0.18295648817256865	0.8755479041782264
0.1785527685379011	0.8761921099690064
0.17518357332105955	0.8766733593619421
0.1715552092413839	0.8771916279389499
0.16715148960671639	0.87783583372973
0.1627456189385388	0.8784651598589537
0.15937481726046696	0.8789350251955099
0.15574138736634335	0.8794164973308225
0.15210795747221964	0.8798979694661351
0.14821676169427062	0.880426980141239
0.14380473967997762	0.8810116248769756
0.1399100586798018	0.8815143343194682
0.13445515894097568	0.8821997045243146
0.13056047794079986	0.8827024139668073
0.12666412098449553	0.8831919641131261
0.12276943998431965	0.8836946735556187
0.11913440438415553	0.8841638690352785
0.1152348289211876	0.8846270839803319
0.11134014792101171	0.8851297934228245
0.10692427670386674	0.8856846169219859
0.1032876768779827	0.8861415303918835
0.0991315627912581	0.8866637172146236
0.09497544870453345	0.8871859040373636
0.09081933461780885	0.8877080908601037
0.08640931273613325	0.8883076362918881
0.0817356955359222	0.8889108876228794
0.07731982431877728	0.8894657111220408
0.07290210407532212	0.8900056144209723
0.06848258521729184	0.8905305913586994
0.065104328560532	0.8909434585872941
0.06094647421375066	0.8914516028686413
0.05730835166031695	0.8918962291148202
0.05263076552018797	0.892467891431336
0.04899264296675426	0.8929125176775149
0.04457312410872398	0.893437494615242
0.04093352034328734	0.8938698285639585
0.03625789199572209	0.8944572887395411
0.03209834483522293	0.8949513846809314
0.02794223074849839	0.8954735715036715
0.024047549748322513	0.8959762809461641
0.020151192792018137	0.8964658310924829
0.015995078705293486	0.896988017915223
0.011838964618568783	0.8975102047379631
0.007940976168461313	0.8979865900017262
0.0035251049513164425	0.8985414135008876
-0.0006273863562535065	0.8990916673698162
-0.004783500442978156	0.8996138541925562
-0.00919747224317745	0.9001835915607146
-0.012832507843341515	0.9006527870403744
-0.016732083306309445	0.9011160019854277
-0.02063007175641702	0.9015923872491909
-0.024529647219384894	0.9020556021942442
-0.028427635669492416	0.9025319874580073
-0.03206575822292602	0.9029766137041862
-0.03570680166791671	0.903396650421967
-0.03960637713088464	0.9038598653670203
-0.04376592429138375	0.9043539613084106
-0.047667042268159474	0.90480400064889
-0.05156661773112745	0.9052672155939433
-0.05598433797458267	0.9058071188928748
-0.060138664374770195	0.9063433422982003
-0.06481625051489917	0.9069150046147161
-0.06897410486168057	0.9074231488960633
-0.07235373692958603	0.9078246018484429
-0.07651328409008509	0.9083186977898332
-0.08041440206686082	0.9087687371303126
-0.08431397752982875	0.9092319520753659
-0.08743363790020309	0.9096025240314085
-0.09159318506070224	0.9100966199727988
-0.09575273222120134	0.910590715914189
-0.09887239259157558	0.9109612878702317
-0.10277351056835148	0.911411327210711
-0.1066730860313193	0.9118745421557644
-0.11083263319181835	0.9123686380971546
-0.11551212374737992	0.9129244960312186
-0.12071155769800379	0.9135421159579564
-0.1259067003064096	0.9141948494863815
-0.13058619086197107	0.9147507074204455
-0.13474230494869577	0.9152728942431856
-0.1401994887788462	0.9159398336124539
-0.14383761133227985	0.9163844598586328
-0.14773718679524783	0.9168476748036861
-0.15189673395574688	0.9173417707450763
-0.15553333378163092	0.9177986842149739
-0.15995460082197688	0.9183087288008506
-0.16359272337541048	0.9187533550470295
-0.1667111141354965	0.9191344632580399
-0.17061068959846432	0.9195976782030932
-0.17502840984191947	0.9201375815020247
-0.1781468006020056	0.9205186897130352
-0.1817849231554392	0.9209633159592141
-0.18542304570887297	0.921407942205393
-0.18958090005565426	0.9219160864867403
-0.19477821798913098	0.9225512668384245
-0.19763790666197398	0.9228909577981302
-0.20101616331873387	0.9233038250267249
-0.20465428587216752	0.9237484512729038
-0.20829240842560118	0.9241930775190828
-0.21141330280702186	0.9245531089914663
-0.21453169356710788	0.9249342172024767
-0.2176525879485284	0.9252942486748602
-0.22155216341149644	0.9257574636199135
-0.22467182378187073	0.9261280355759561
-0.22753034864528288	0.9264773847693824
-0.23038767707990604	0.9268363882100161
-0.23376593373666582	0.9272492554386108
-0.23688432449675184	0.9276303636496213
-0.24000271525683786	0.9280114718606317
-0.24286240392968098	0.9283511628203375
-0.2457209287930933	0.9287005120137638
-0.24910056086099866	0.9291019649661434
-0.25170027783631077	0.9294107749295123
-0.25481993820668497	0.9297813468855549
-0.25793959857705934	0.9301519188415975
-0.2605393155523712	0.9304607288049664
-0.2639202844655769	0.9308507629000486
-0.26677997313842	0.9311904538597544
-0.26937969011373186	0.9314992638231233
-0.27249935048410623	0.9318698357791659
-0.27561901085448065	0.9322404077352087
-0.2784775357178929	0.932589756928635
-0.2810761946846312	0.9329073471044771
-0.2839358833574743	0.9332470380641829
-0.28705554372784864	0.9336176100202255
-0.290175204098223	0.9339881819762681
-0.2930360239478586	0.934318210825953
-0.2956346829145969	0.9346358010017951
-0.29849437158743997	0.9349754919615009
-0.3013551914370755	0.9353055208111858
-0.3049933139905092	0.9357501470573647
-0.30811170475059524	0.9361312552683752
-0.31123009551068126	0.9365123634793856
-0.31382875447741954	0.9368299536552277
-0.31642949979526996	0.9371299798822139
-0.31928918846811305	0.9374696708419197
-0.32240884883848747	0.9378402427979624
-0.325269668688123	0.9381702716476473
-0.32864930075602855	0.9385717246000269
-0.3315078256194407	0.9389210737934532
-0.33410857093729124	0.9392211000204396
-0.3364483162150719	0.9394990289874715
-0.33930684107848413	0.9398483781808978
-0.34242523183857015	0.9402294863919083
-0.3447630460123528	0.9405232164796996
-0.34762157087576495	0.9408725656731258
-0.3504788993103881	0.9412315691137596
-0.35359855968076237	0.9416021410698022
-0.35619613098496533	0.9419285078340148
-0.3587958479602773	0.9422373177973837
-0.36139341926448015	0.9425636845615963
-0.3639931362397921	0.9428724945249652
-0.36633192930985664	0.9431583256832231
-0.3691916179826997	0.9434980166429289
-0.3717913349580117	0.9438068266062978
-0.3741301280280762	0.9440926577645556
-0.37646987330585685	0.9443705867315876
-0.3788086663759215	0.9446564178898454
-0.3811464805497041	0.9449501479776368
-0.3837461975250159	0.9452589579410057
-0.3860849905950804	0.9455447890992635
-0.3886836495618189	0.9458623792751056
-0.3907625767352094	0.9461164514157793
-0.3933612357019478	0.9464340415916214
-0.39570098097972844	0.9467119705586533
-0.3985595058431407	0.9470613197520796
-0.40089925112092134	0.9473392487191117
-0.40323804419098586	0.9476250798773695
-0.4055777894687667	0.9479030088444016
-0.40765756304901624	0.9481500568150967
-0.40999635611908075	0.9484358879733545
-0.4123361013968614	0.9487138169403865
-0.4146748944669258	0.9489996480986443
-0.4167554907212064	0.9492396690802334
-0.4190952359989871	0.9495175980472654
-0.42117500957923654	0.9497646460179605
-0.42325478315948606	0.9500116939886556
-0.4255935762295507	0.9502975251469135
-0.42767250340294133	0.9505515972875871
-0.42975143057633197	0.9508056694282607
-0.4320892447501146	0.951099399516052
-0.43416901833036425	0.9513464474867471
-0.43650781140042866	0.951632278645005
-0.43832761328314707	0.9518484456193632
-0.4404073868633966	0.9520954935900583
-0.4427461799334611	0.9523813247483162
-0.4445659818161795	0.9525974917226744
-0.4469066526022449	0.952867515326962
-0.4492463978800255	0.953145444293994
-0.45132617146027526	0.953392492264689
-0.4534059450405248	0.9536395402353841
-0.4554857186207742	0.9538865882060792
-0.4580874626033936	0.9541778272730068
-0.460167236183643	0.9544248752437019
-0.4622486313697387	0.954657866497244
-0.464069153092234	0.9548678848561344
-0.46614808026562465	0.955121956996808
-0.4682270074390154	0.9553760291374817
-0.47030593461240605	0.9556301012781553
-0.4723848617857967	0.9558841734188289
-0.47472267595957934	0.9561779035066202
-0.47706146902964386	0.9564637346648781
-0.4794012143074246	0.9567416636319102
-0.4812202755841414	0.9569639767549996
-0.48330087183842174	0.9572039977365886
-0.48512067372114015	0.9574201647109468
-0.48746134450720563	0.9576901883152344
-0.489541940761486	0.9579302092968235
-0.4913617426442044	0.9581463762711817
-0.4931822643666998	0.9583563946300722
-0.49526119154009035	0.9586104667707458
-0.49708099342280887	0.958826633745104
-0.4991607670030584	0.9590736817157991
-0.5009798282797752	0.9592959948388885
-0.5027996301624935	0.9595121618132467
-0.5048776872058558	0.9597732552246168
-0.5066967484825726	0.9599955683477062
-0.508777344736853	0.9602355893292952
-0.5105971466195715	0.9604517563036534
-0.5126769201998209	0.9606988042743485
-0.5147566937800705	0.9609458522450436
-0.5173564107553826	0.9612546622084125
-0.5189162409405697	0.9614399481864339
-0.5209960145208191	0.9616869961571289
-0.5230757881010688	0.961934044127824
-0.5248948493777856	0.9621563572509134
-0.5264540447578285	0.9623469113564187
-0.528273846640547	0.9625630783307769
-0.5303536202207966	0.962810126301472
-0.5321726814975134	0.9630324394245614
-0.5337318768775564	0.9632229935300667
-0.5355501767904984	0.9634514502650154
-0.5373692380672153	0.9636737633881048
-0.5394481652406059	0.9639278355287785
-0.5407480237282618	0.9640822405104629
-0.5428277973085114	0.964329288481158
-0.544907570888761	0.964576336451853
-0.5469873444690104	0.9648233844225481
-0.54906711804926	0.9650704323932432
-0.5503664475326292	0.9652292274811642
-0.5519256429126723	0.9654197815866695
-0.5534848382927152	0.9656103356921748
-0.5555637654661058	0.9658644078328484
-0.5568625511182073	0.9660275912149547
-0.5589406081615695	0.9662886846263248
-0.5602399376449388	0.9664474797142458
-0.5620582375578808	0.9666759364491946
-0.563618067743068	0.966861222427216
-0.5659568608131325	0.9671470535854738
-0.5675160561931755	0.9673376076909791
-0.5690752515732185	0.9675281617964844
-0.5708950534559367	0.9677443287708426
-0.5724548836411238	0.967929614748864
-0.5740147138263111	0.9681149007268853
-0.5758337751030279	0.9683372138499747
-0.5776535769857462	0.968553380824333
-0.579472638262463	0.9687756939474224
-0.5812924401451812	0.9689918609217806
-0.5836312332152457	0.9692776920800384
-0.5854510350979641	0.9694938590543967
-0.587270096374681	0.9697161721774861
-0.5890898982573992	0.9699323391518443
-0.5903892277407684	0.9700911342397653
-0.5919484231208115	0.9702816883452706
-0.5932482816084674	0.970436093326955
-0.5948081117936546	0.9706213793049764
-0.5961074412770238	0.9707801743928974
-0.5979272431597421	0.9709963413672557
-0.6000070167399917	0.9712433893379507
-0.6013063462233609	0.9714021844258718
-0.6026062047110168	0.9715565894075562
-0.603905534194386	0.9717153844954772
-0.605205392682042	0.9718697894771617
-0.6062452794721667	0.9719933134625093
-0.6080643407488835	0.9722156265855987
-0.6091038043355789	0.9723426626559355
-0.6104036628232348	0.9724970676376199
-0.611702992306604	0.9726558627255409
-0.6130028507942598	0.9728102677072253
-0.614302180277629	0.9729690627951464
-0.6156020387652847	0.9731234677768308
-0.6166419255554095	0.9732469917621783
-0.6176818123455342	0.9733705157475259
-0.6192416425307214	0.9735558017255472
-0.6208014727159085	0.9737410877035686
-0.6218413595060333	0.9738646116889161
-0.6228812462961582	0.9739881356742637
-0.6241805757795272	0.9741469307621847
-0.6254804342671832	0.9743013357438692
-0.6267797637505524	0.9744601308317903
-0.6280796222382083	0.9746145358134747
-0.6291195090283331	0.9747380597988222
-0.6304188385117023	0.9748968548867433
-0.6317186969993583	0.9750512598684278
-0.6330180264827275	0.9752100549563488
-0.6343178849703834	0.9753644599380332
-0.6353577717605081	0.9754879839233808
-0.6366581444194335	0.9756379970368739
-0.6376984425465736	0.9757580075276684
-0.6389983010342296	0.9759124125093529
-0.6402986736931547	0.9760624256228461
-0.6415985321808108	0.9762168306045306
-0.6426384189709355	0.9763403545898781
-0.6436783057610602	0.9764638785752257
-0.6457580793413098	0.9767109265459207
-0.6467979661314344	0.9768344505312683
-0.6480972956148036	0.9769932456191893
-0.6493971541024595	0.9771476506008737
-0.6506964835858287	0.9773064456887948
-0.651735947172524	0.9774334817591316
-0.6530358056601798	0.977587886740816
-0.6540756924503047	0.9777114107261635
-0.6553760651092299	0.9778614238396567
-0.6566759235968859	0.9780158288213412
-0.6582357537820729	0.9782011147993626
-0.6592756405721978	0.9783246387847101
-0.660576013231123	0.9784746518982033
-0.6616163113582632	0.9785946623889977
-0.6629161698459192	0.9787490673706822
-0.6639560566360438	0.9788725913560298
-0.665255386119413	0.9790313864439508
-0.6662948497061085	0.9791584225142876
-0.6675947081937644	0.979312827495972
-0.6686345949838891	0.9794363514813196
-0.6699339244672583	0.9795951465692406
-0.6709733880539537	0.9797221826395774
-0.6722732465416096	0.9798765876212618
-0.6733131333317344	0.9800001116066094
-0.6743530201218592	0.9801236355919569
-0.6756533927807843	0.9802736487054501
-0.6766936909079246	0.9803936591962447
-0.6779935493955804	0.9805480641779291
-0.6790334361857052	0.9806715881632766
-0.68007332297583	0.9807951121486241
-0.6811132097659546	0.9809186361339717
-0.6821530965560795	0.9810421601193192
-0.6831929833462043	0.9811656841046668
-0.6844923128295733	0.9813244791925878
-0.6855317764162688	0.9814515152629246
-0.6870909717963117	0.9816420693684299
-0.6881304353830071	0.9817691054387667
-0.6894302938706629	0.9819235104204511
-0.6904701806607878	0.9820470344057987
-0.6915100674509126	0.9821705583911462
-0.6925499542410373	0.9822940823764937
-0.6935898410311621	0.9824176063618413
-0.6946297278212868	0.9825411303471888
-0.6956696146114115	0.9826646543325364
-0.6967095014015363	0.9827881783178839
-0.697749388191661	0.9829117023032314
-0.6990497608505863	0.9830617154167246
-0.7000900589777265	0.9831817259075191
-0.7013899174653824	0.9833361308892035
-0.7016497833620562	0.9833678899067877
-0.7011304925620327	0.983300861981122
-0.6995770154976139	0.9830682461807198
-0.6982905463292568	0.9828264403388405
-0.6977780246229985	0.982719308744891
-0.6975235104770999	0.9826579779289052
-0.6972709782709405	0.982588938778387
-0.6967708654785802	0.9824338811351521
-0.6965238618981958	0.9823471162186865
-0.6970091130601355	0.9825438062988743
-0.6960612793645904	0.9820985715329119
-0.6962931228167181	0.9822201755343162
-0.6960677360755972	0.9820869849326247
-0.6958484137794871	0.9819440281213808
-0.6956366136256407	0.9817901463021733
-0.6954317731753437	0.9816271146813934
-0.695629258949937	0.9817989817471311
-0.6954419631052519	0.9816160632242427
-0.6954419631052519	0.9816160632242427
-0.6954419631052519	0.9816160632242427
-0.6952831164620512	0.9814079606932732
-0.6951364758022642	0.9811910841469403
-0.6951364758022642	0.9811910841469403
-0.6950117502760343	0.9809609049503158
-0.6952359673037423	0.9814340670814019
-0.6951359853146947	0.9811921114629135
-0.6951359853146947	0.9811921114629135
-0.6950618422864239	0.9809410303389499
-0.6950618422864239	0.9809410303389499
-0.6949651199496721	0.9804264426716071
-0.6950003873280124	0.9806858557234703
-0.6950003873280124	0.9806858557234703
-0.6950003873280124	0.9806858557234703
-0.6950180714273495	0.9801625556657227
-0.6949721431251261	0.9806841362145001
-0.6950100375834073	0.9804250938830491
-0.695061003683205	0.9801683033533884
-0.6951905320138082	0.9796609789114589
-0.6951130031921907	0.979911035307639
-0.6951130031921907	0.979911035307639
-0.6953275846124695	0.9794334261663119
-0.6953275846124695	0.9794334261663119
-0.6950657852246703	0.9798868760073705
-0.695351698847158	0.9794482314151503
-0.6955070080893423	0.9792374757301875
-0.6955070080893423	0.9792374757301875
-0.6955070080893423	0.9792374757301875
-0.6951250789376706	0.9795956458027947
-0.6953260073710945	0.9794278164725397
-0.6955362372111484	0.97927179617321
-0.6957540995211932	0.9791266240914795
-0.6955291639905828	0.9792605753009591
-0.6955291639905828	0.9792605753009591
-0.6955291639905828	0.9792605753009591
-0.6955291639905828	0.9792605753009591
-0.6955291639905828	0.9792605753009591
-0.6957814615381718	0.9791906834778852
-0.6955259478499286	0.97924770693422
-0.6957858137466024	0.9792159479166358
-0.6960470740824936	0.9791991563609593
-0.6960470740824936	0.9791991563609593
-0.6955238367482764	0.9791797046286606
-0.6957844659235682	0.9792044301708942
-0.6960432463257362	0.9792440738703407
-0.6962996866646871	0.9792967736996648
-0.6957932489025533	0.9791638208099142
-0.6960416826653019	0.9792464015884198
-0.6957990570843321	0.9791480565483259
-0.696035638149875	0.9792601650621798
-0.696035638149875	0.9792601650621798
-0.6962592046689147	0.9793963888890842
-0.6962592046689147	0.9793963888890842
-0.6964618235664375	0.9795621733932414
-0.6962714650384157	0.9793824442908082
-0.6962714650384157	0.9793824442908082
-0.6962714650384157	0.9793824442908082
-0.6964181056982027	0.9795993208371411
-0.6964181056982027	0.9795993208371411
-0.6966375161889817	0.9800747308857771
-0.6965399913113984	0.979831774474657
-0.6965399913113984	0.979831774474657
-0.6964683965455941	0.9795799548785937
-0.6965807165314272	0.9800913645955434
-0.6966221076625065	0.9803498712564246
-0.6966221076625065	0.9803498712564246
-0.6966380165718489	0.9806111868243794
-0.6966380165718489	0.9806111868243794
-0.69666276979055	0.9800881734823202
-0.6966866147732732	0.9798274622699589
-0.696758901748128	0.9793088773964094
-0.6969876580993122	0.9780200238290506
-0.6972727753809862	0.9767424553878347
-0.6976562168533889	0.975219178086253
-0.6981454596149065	0.9734530952531302
-0.6988279985166111	0.97119792494398
-0.6994752021961863	0.9692060368341523
-0.7003177754729231	0.9667273351137894
-0.7010052157203233	0.9647489729752559
-0.7017710632036581	0.9625207157845612
-0.702451816522178	0.960540042726166
-0.7031191727545816	0.9585548156600598
-0.7036854759742098	0.9568119135639606
-0.7043756290600977	0.9545590617726409
-0.7048153957036929	0.9530510808710864
-0.7054367480583559	0.9507782910156516
-0.7060196255460703	0.9484953310269684
-0.7065638618865304	0.946202852176175
-0.7070200495372089	0.9441587426702294
-0.707618792224305	0.9413418797966869
-0.7080852915670249	0.9390323277104904
-0.7087252821381057	0.9356896507209628
-0.7093901665115564	0.9320852704715252
-0.7100306842948719	0.928476480482921
-0.7105587888292849	0.9253795933358293
-0.7113452203197933	0.9204679667790854
-0.7118946541838952	0.9171092170390233
-0.7124619012340769	0.9134881869374287
-0.7130565567257742	0.9096064809049095
-0.7137701433158109	0.9049484336658863
-0.7142741442166823	0.9015825666929786
-0.7148169144176207	0.8979577868760011
-0.7154092213627724	0.8938110850706577
-0.7158534515716362	0.89070105871665
-0.7164976573624162	0.8862973390819824
-0.7171039686949151	0.882152661778766
-0.7176344911108516	0.8785260691384515
-0.7181897788719314	0.8746385361959419
-0.7187581957461491	0.8707529012241765
-0.7193875218753728	0.8663470305559989
-0.7200317276661529	0.8619433109213315
-0.7205622500820894	0.8583167182810171
-0.7211405458809279	0.8541680392926209
-0.7216958336420076	0.8502805063501113
-0.7222642505162253	0.8463948713783459
-0.7227932611913293	0.8425036756003969
-0.7233855681364809	0.8383569737950533
-0.7239038367134887	0.8347286097153777
-0.7245701820267844	0.8300635701843662
-0.7252143878175644	0.8256598505496986
-0.7256956372105002	0.822290655332857
-0.7262879441556519	0.8181439535275135
-0.726830096467063	0.814254566975892
-0.7274806792407563	0.8095873031139463
-0.7279866880647401	0.8059572089990996
-0.728592999397239	0.8018125316958832
-0.7291482871583187	0.7979249987533736
-0.7297924929490988	0.7935212791187061
-0.7303707887479373	0.7893726001303099
-0.7309771000804361	0.7852279228270934
-0.7315076224963727	0.781601330186779
-0.7320629102574524	0.7777137972442695
-0.7330860606310443	0.7707196542950916
-0.7336165830469809	0.7670930616547772
-0.7341718708080606	0.7632055287122677
-0.7348160765988406	0.7588018090776001
-0.7356302319002482	0.7533646393521339
-0.7361455999930525	0.7500004941239506
-0.7368591865830892	0.7453424468849276
-0.7375182646842288	0.7409409285357407
-0.7380855117344105	0.737319898434146
-0.7387594546250007	0.7329206315972909
-0.739367219321624	0.7290409564884396
-0.7399880862878149	0.7251633565752207
-0.7406220484387017	0.7212878761059183
-0.7414142052403212	0.7166425453852807
-0.7420612553415998	0.7127692285839929
-0.7426651687694599	0.7091541329027912
-0.7433836592071316	0.7047619217042483
-0.743944435961573	0.7014050471431323
-0.744662519910196	0.6972782664580893
-0.7453527066848933	0.6931467285367158
-0.7461008547753117	0.6887594717450025
-0.7467740584771458	0.6848906148527747
-0.747402381932191	0.681279681753362
-0.748180153526217	0.6768975796243425
-0.7488206713095326	0.6732887896357382
-0.7496441941737955	0.668648916793247
-0.750250277204664	0.6652999257889171
-0.7510894690935589	0.6606628613213833
-0.7517421738960327	0.6570562556244126
-0.7523948786985065	0.6534496499274419
-0.7531129626471296	0.6493228692423988
-0.7538589109928139	0.6452010341601465
-0.7546366825868399	0.640818932031127
-0.7553360091609189	0.6369547116415156
-0.7559887139633927	0.6333481059445449
-0.7567960735597257	0.6289713584987994
-0.757935875342784	0.6227924209283351
-0.7586007597162346	0.6191880406788977
-0.7593327800400239	0.6150637092633499
-0.7600926478953961	0.6109444175497071
-0.7607575322688468	0.6073400373002695
-0.761707367088062	0.6021909226582159
-0.7624999372053516	0.5978114728833229
-0.7631526420078254	0.5942048671863521
-0.7639600016041583	0.5898281197406067
-0.764624885977609	0.5862237394911691
-0.7654797373149027	0.5815895363133209
-0.7661689579299127	0.5779897303245989
-0.7668943754555505	0.5741303228195278
-0.7676067515699619	0.5702684868379876
-0.768558620366378	0.5653862234574861
-0.7692970710253173	0.5615292884695697
-0.7702159332244585	0.5566407056298129
-0.7708929895817204	0.5530385919584132
-0.7716314402406597	0.5491816569704968
-0.7725488300370194	0.5445594274366045
-0.7733263289415525	0.5407101739596103
-0.7741927526381144	0.5363447349553786
-0.775073918063252	0.5319822476814519
-0.7759698151617614	0.5276227619192876
-0.7767473140662947	0.5237735084422934
-0.7778540104821006	0.5183882613243258
-0.7786972077512859	0.5142852159011124
-0.7795404050204713	0.510182170477899
-0.7802782026310084	0.5065920057325873
-0.7810936602277726	0.5024833572580163
-0.781744938877952	0.4991428612608311
-0.7825094303749184	0.4952910033159209
-0.7833955711656456	0.4906626813304211
-0.7841090965628142	0.48706761391517156
-0.7848605719284059	0.4832131954568811
-0.7859627357979402	0.4775600483847215
-0.7867643095212379	0.4734486686958782
-0.7874043000923187	0.47010599170635065
-0.7881297176179565	0.46624658420127946
-0.7889034963119701	0.46212988286253687
-0.789580552669232	0.45852776919113714
-0.7904197445581269	0.4538907047236033
-0.7911321206725384	0.4500288687420632
-0.7918919885279105	0.4459095770284204
-0.7925325063112261	0.4423007870398161
-0.7932923741665983	0.43818149532617334
-0.793957258540049	0.4345771150767358
-0.7946892788638381	0.43045278366118817
-0.7954491467192103	0.4263334919475453
-0.7961484732932893	0.42246927155793385
-0.7969558328896222	0.41809252411218834
-0.7977484030069119	0.4137130743372954
-0.7984011078093857	0.41010646864032463
-0.7992402996982805	0.4054694041727909
-0.7998930045007543	0.4018627984758202
-0.8005792735543067	0.39799623777374427
-0.8013112938780959	0.3938719063581965
-0.802071161733468	0.3897526146445537
-0.8027360461069187	0.3861482343951162
-0.8035581859693082	0.3817742392227022
-0.8044286870000735	0.3771429502166168
-0.8052678788889683	0.37250588574908305
-0.806041657582982	0.36838918441034046
-0.8067187139402439	0.3647870707389408
-0.8075556246870418	0.36041587775263545
-0.8082448453020519	0.35681607176391333
-0.8089702628276897	0.35295666425884215
-0.8098071735744876	0.3485854712725368
-0.8106933143652147	0.34395714928703713
-0.811776375331659	0.3383003113047597
-0.813082126877807	0.3313533777956315
-0.8141744369199044	0.32543189595726996
-0.8151242717391196	0.32028278131521637
-0.8160392971438561	0.3151273670457817
-0.8166798149271717	0.3115185770571775
-0.8174118352509608	0.3073942456416298
-0.8180523530342764	0.3037854556530255
-0.8187564924134937	0.29965627279023666
-0.8193970101968092	0.2960474828016324
-0.8201290305205985	0.2919231513860846
-0.8207451524774136	0.2883101163811443
-0.821421378771693	0.2841762705472216
-0.8221255181509103	0.28004708768443276
-0.8226862949053517	0.27669021312331676
-0.823348553002622	0.2725541065492166
-0.8240086836706383	0.2686829976153521
-0.8246557337719169	0.2648096808140643
-0.8252896959228038	0.2609342003447618
-0.8259659222170831	0.25680035451083916
-0.8266421485113624	0.2526665086769164
-0.827289198612641	0.24879319187562873
-0.8278931120405011	0.24517809619442696
-0.8285270741913879	0.24130261572512443
-0.8292603976395037	0.23691285668366516
-0.830036857761038	0.23226487652211988
-0.830640771188898	0.228649780840918
-0.8313030292861683	0.22451367426681784
-0.8319369914370551	0.22063819379751537
-0.8326132177313345	0.21650434796359275
-0.8333465411794502	0.2121145889221334
-0.8339504546073102	0.2084994932409316
-0.8346105852753265	0.20462838430706698
-0.8352868115696058	0.20049453847314425
-0.8359909509488231	0.1963653556103553
-0.8367539151442351	0.19198065113249707
-0.8377661155018601	0.18604495076723804
-0.8384702548810774	0.18191576790444913
-0.8392937777453403	0.17727589506195784
-0.8399342955286558	0.17366710507335367
-0.8405748133119714	0.17005831508474933
-0.8413068336357605	0.1659339836692016
-0.8419800373375946	0.1620651267769737
-0.8426401680056109	0.15819401784310905
-0.843313371707445	0.15432516095088122
-0.8439172851353051	0.15071006526967937
-0.8445774158033214	0.14683895633581476
-0.8452815551825387	0.14270977347302585
-0.8458423319369801	0.13935289891190986
-0.8464462453648401	0.13573780323070805
-0.8471912857242692	0.1310846833348454
-0.847825247875156	0.12720920286554285
-0.8483924949253376	0.12358817276394829
-0.8490133618915285	0.11971057285072945
-0.8495928377266401	0.11609147959839179
-0.8502271369177838	0.11195099316370463
-0.8508066127528953	0.10833189991136702
-0.851440911944039	0.1041914134766798
-0.8520486766406623	0.10031173836782845
-0.852615923690844	0.09669070826623383
-0.8531831707410258	0.09306967816463921
-0.853857113631616	0.08867041132778411
-0.8545707002216527	0.08401236408876103
-0.8550974296253928	0.08064997899442321
-0.8557177384264653	0.07650737348930617
-0.8564931244278059	0.07132911660790976
-0.8571414067708707	0.06719079649180161
-0.8578153496614609	0.06279152965494651
-0.8583703614537117	0.059168604024595166
-0.8589766727862106	0.05502392672137863
-0.8596109719773544	0.05088344028669152
-0.8602172833098533	0.046738762983474985
-0.8610894446976759	0.04104559413578016
-0.8616972093942992	0.03716591902692886
-0.8623711522848894	0.0327666521900736
-0.8630847388749261	0.02810860495105052
-0.8636114682786662	0.024746219856712645
-0.864259750621731	0.020607899740604552
-0.8648544061134282	0.016726193708085375
-0.8655166642106985	0.012590087133985232
-0.8661509634018423	0.008449600699298069
-0.8669539821262989	0.003540658771514797
-0.8676302084205783	-0.0005931870624078144
-0.8681974554707599	-0.004214217164002375
-0.868950685760243	-0.009131044805193446
-0.8694774151639831	-0.01249342989953127
-0.8701256975070479	-0.016631750015639414
-0.87066378221108	-0.019992336607095776
-0.8713260403083503	-0.024128443181195815
-0.871960339499494	-0.028268929615883082
-0.8725681041961173	-0.03214860472473438
-0.8730834722889216	-0.03551274995291774
-0.8737177714800654	-0.039653236387605005
-0.8743520706712091	-0.04379372282229212
-0.8748560715720806	-0.047159589795199755
-0.8754244884462983	-0.05104522476696523
-0.8760060279473038	-0.05492891742801258
-0.876600683439001	-0.05881062346053175
-0.8771822229400065	-0.06269431612157905
-0.8778025317410789	-0.06683692162669615
-0.8782951596987343	-0.07020447193555948
-0.8789014710312332	-0.07434914923877607
-0.8794567587923129	-0.07823668218128567
-0.8799995289932513	-0.081861461998263
-0.8805422991941897	-0.08548624181524055
-0.8810605677711975	-0.08911460589491614
-0.8816033379721359	-0.09273938571189358
-0.8822236467732083	-0.09688199121701067
-0.8830561644615845	-0.10231637966253766
-0.8835828938653246	-0.10567876475687554
-0.884125664066263	-0.10930354457385283
-0.8847459728673355	-0.11344615007896998
-0.8853132199175172	-0.11706718018056464
-0.8858513046215493	-0.12042776677202084
-0.8864063164138001	-0.12405069240237214
-0.8870140811104233	-0.12793036751122355
-0.8875813281606051	-0.13155139761281823
-0.8882296105036699	-0.13568971772892627
-0.8887449785964742	-0.13905386295710961
-0.8892755010124107	-0.142680455597424
-0.8898060234283472	-0.14630704823773852
-0.8902872728212831	-0.1496762434545801
-0.8908055413982908	-0.1533046075342556
-0.8912981693559462	-0.15667215784311903
-0.891779418748882	-0.16004135305996067
-0.8923221889498204	-0.16366613287693813
-0.8929168444415176	-0.1675478389094574
-0.8934435738452579	-0.17091022400379532
-0.8939589419380621	-0.17427436923197867
-0.8945384177731736	-0.17789346248431612
-0.8950651471769137	-0.18125584757865398
-0.8956032318809457	-0.1846164341701104
-0.8961299612846858	-0.1879788192644482
-0.8967508282508767	-0.1918564191776671
-0.8973303040859882	-0.19547551243000472
-0.8978570334897283	-0.19883789752434258
-0.8983432452470269	-0.2019416376114236
-0.8988294570043255	-0.2050453776985047
-0.8993448250971298	-0.2084095229266881
-0.8998488259980012	-0.21177538989959568
-0.9003140575988056	-0.21488234402843331
-0.9008066855564609	-0.2182498943372967
-0.9012614190558351	-0.22135840231470907
-0.9018907451850589	-0.2257642729828867
-0.9023833731427142	-0.22913182329175014
-0.9027623177255261	-0.23172224660626037
-0.9032663186263975	-0.23508811357916795
-0.9037816867192018	-0.23845225880735135
-0.9041781237136666	-0.24104006282903084
-0.9046045860144039	-0.24388810411379883
-0.9051199541072081	-0.24725224934198214
-0.905516391101673	-0.2498400533636617
-0.9060431205054131	-0.2532024384579995
-0.9064792011993245	-0.25604902288184694
-0.9069248953101815	-0.2588941179616712
-0.9074111070674801	-0.2619978580487523
-0.9079264751602844	-0.2653620032769358
-0.9083529374610216	-0.2682100445617038
-0.9087697765021147	-0.27105951020766506
-0.9091487210849265	-0.2736499335221754
-0.9096034545843007	-0.27675844149958767
-0.9102327807135243	-0.28116431216776505
-0.9106496197546173	-0.2840137778137264
-0.9110568307794091	-0.28686463530490014
-0.9115220623802135	-0.28997158943373796
-0.9119581430741248	-0.2928181738575854
-0.9123545800685897	-0.295405977879265
-0.912781042369327	-0.29825401916403294
-0.9132672541266256	-0.3013577592511141
-0.9137225565684989	-0.30420133252080794
-0.9141490188692362	-0.30704937380557584
-0.9145850995631475	-0.3098959582294233
-0.9150891004640189	-0.313261825202331
-0.9155251811579302	-0.3161084096261785
-0.9160009055512881	-0.3192137744521939
-0.9163498292518913	-0.32154399004882217
-0.9167550057163069	-0.32413044012138986
-0.9171910864102182	-0.3269770245452372
-0.9177726259112237	-0.33086071720628457
-0.918160318911894	-0.3334498456469827
-0.9186255505126983	-0.33655679977582054
-0.9190132435133687	-0.3391459282165187
-0.9195560137143071	-0.34277070803349624
-0.9200987839152455	-0.3463954878504736
-0.9206415541161839	-0.35002026766745103
-0.9212088011663656	-0.3536412977690457
-0.9218034566580628	-0.3575230038015649
-0.9223001502310155	-0.36062508373214
-0.9226648090489895	-0.3629528887974507
-0.923069985513405	-0.36553933887001827
-0.9234751619778205	-0.3681257889425858
-0.9238319552728389	-0.37045481256209745
-0.9242283922673038	-0.373042616583777
-0.924577315967907	-0.3753728321804053
-0.9250133966618184	-0.37821941660425273
-0.9253623203624216	-0.3805496322008811
-0.92571911365744	-0.3828786558203927
-0.9260362632530119	-0.3849488990377364
-0.9264627255537492	-0.38779694032250434
-0.9268195188487676	-0.39012596394201593
-0.9271984634315794	-0.3927163872565262
-0.9275473871321827	-0.39504660285315457
-0.9278575415327189	-0.3971179056057132
-0.9281816827042513	-0.3991870656637672
-0.9285868591686668	-0.4017735157363347
-0.9289110003401991	-0.4038426757943887
-0.9292351415117315	-0.4059118358524427
-0.9295919348067498	-0.4082408594719544
-0.9299883718012147	-0.41082866349363395
-0.9303055213967866	-0.4128989067109774
-0.9306226709923584	-0.41496914992832096
-0.9309715946929616	-0.41729936552494934
-0.931407675386873	-0.4201459499487968
-0.9317565990874762	-0.42247616554542516
-0.9321442920881465	-0.4250652939861233
-0.9324544464886828	-0.42713659673868193
-0.9327646008892191	-0.42920789949124044
-0.9331056510137498	-0.43153928047429985
-0.933377036114219	-0.4333516703827885
-0.9337180862387496	-0.4356830513658477
-0.9340212419049991	-0.4377553900174559
-0.934338391500571	-0.43982563323479945
-0.9346097766010402	-0.4416380231432883
-0.9349508267255708	-0.4439694041263475
-0.9352679763211427	-0.44603964734369106
-0.9356169000217459	-0.44836986294031955
-0.9359579501462766	-0.45070124392337874
-0.9362750997418484	-0.4527714871407223
-0.9365464848423176	-0.45458387704921105
-0.9368566392428539	-0.45665517980176956
-0.9372134325378723	-0.4589842034212812
-0.9375305821334441	-0.46105444663862466
-0.9378795058340473	-0.46338466223525304
-0.9381570117301727	-0.46519612505042873
-0.9384601673964222	-0.46726846370203695
-0.9387773169919941	-0.4693387069193805
-0.9390804726582436	-0.47141104557098884
-0.9393976222538155	-0.4734812887883325
-0.9397465459544188	-0.4758115043849608
-0.940056700354955	-0.4778828071375192
-0.9403668547554913	-0.4799541098900778
-0.9407836937965843	-0.4828035755360392
-0.9410550788970535	-0.48461596544452784
-0.9414427718977239	-0.4872050938852261
-0.9417529262982601	-0.4892763966377845
-0.9420630806987964	-0.491347699390343
-0.9423732350993327	-0.49341900214290163
-0.942730028394351	-0.4957480257624132
-0.9430471779899229	-0.4978182689797568
-0.9433961016905261	-0.500148484576385
-0.9437528949855445	-0.5024775081958966
-0.9440700445811164	-0.5045477514132405
-0.9443871941766883	-0.506617994630584
-0.9446250563733671	-0.5081706770435918
-0.9449739800739704	-0.5105008926402201
-0.9452065958743725	-0.5120543697046389
-0.9454718570823408	-0.5138676660247963
-0.9457750127485903	-0.5159400046764044
-0.9460781684148398	-0.5180123433280126
-0.9463160306115187	-0.5195650257410203
-0.9465874157119879	-0.5213774156495091
-0.9469442090070063	-0.5237064392690206
-0.9471820712036851	-0.5252591216820283
-0.9474992207992571	-0.5273293648993721
-0.947737082995936	-0.5288820473123798
-0.9481017418139099	-0.5312098523776905
-0.9484258829854424	-0.5332790124357447
-0.9487033888815678	-0.5350904752509203
-0.9489412510782467	-0.536643157663928
-0.9492126361787159	-0.5384555475724169
-0.9494901420748413	-0.5402670103875925
-0.9497615271753105	-0.5420794002960813
-0.9500046330539598	-0.5436312703396218
-0.950237248854362	-0.5451847474040407
-0.9504698646547641	-0.5467382244684594
-0.9507473705508895	-0.5485496872836352
-0.9510187556513587	-0.5503620771921239
-0.951261861530008	-0.5519139472356644
-0.9515393674261334	-0.55372541005084
-0.9517772296228124	-0.5552780924638477
-0.9520150918194913	-0.5568307748768554
-0.9522529540161703	-0.5583834572898632
-0.9525840830648054	-0.5604515105769131
-0.9528677065898963	-0.5622620256277105
-0.9531452124860217	-0.5640734884428861
-0.9533830746827007	-0.5656261708558938
-0.9535769211830358	-0.566920735076243
-0.9538095369834381	-0.5684742121406618
-0.9540421527838403	-0.5700276892050808
-0.9543196586799657	-0.5718391520202565
-0.9545135051803009	-0.5731337162406056
-0.954746120980703	-0.5746871933050243
-0.9549443394779354	-0.5759810953158642
-0.9551822016746143	-0.5775337777288718
-0.9554200638712933	-0.5790864601418796
-0.9556579260679722	-0.5806391425548871
-0.955895788264651	-0.5821918249678948
-0.95613365046133	-0.5837445073809026
-0.9563715126580089	-0.5852971897939102
-0.9565300874557948	-0.586332311402582
-0.9567679496524737	-0.5878849938155897
-0.9570058118491527	-0.5894376762285974
-0.9572436740458315	-0.5909903586416051
-0.9574022488436175	-0.5920254802502769
-0.9576401110402963	-0.5935781626632846
-0.9578339575406315	-0.5948727268836337
-0.9580665733410337	-0.5964262039480527
-0.9582216505413018	-0.5974618553243319
-0.958454266341704	-0.5990153323887509
-0.9586093435419721	-0.6000509837650301
-0.9588075620392046	-0.60134488577587
-0.9590454242358835	-0.6028975681888776
-0.9592392707362186	-0.6041921324092268
-0.9593943479364867	-0.6052277837855059
-0.9596269637368889	-0.6067812608499249
-0.9598595795372911	-0.6083347379143437
-0.9600146567375591	-0.609370389290623
-0.9602128752347916	-0.6106642913014626
-0.9604842603352608	-0.6124766812099515
-0.9606824788324932	-0.613770583220791
-0.9608763253328284	-0.6150651474411402
-0.9610745438300609	-0.6163590494519797
-0.961268390330396	-0.6176536136723288
-0.9614666088276285	-0.6189475156831687
-0.9617044710243073	-0.6205001980961763
-0.9618630458220933	-0.6215353197048482
-0.9620568923224284	-0.6228298839251971
-0.9622119695226965	-0.6238655353014765
-0.9624445853230987	-0.6254190123658955
-0.9626340576145046	-0.6267142240231505
-0.9627856354476293	-0.6277503933489547
-0.9630130021973164	-0.629304647337661
-0.9631645800304411	-0.6303408166634651
-0.9633584265307763	-0.6316353808838142
-0.9635910423311784	-0.633188857948233
-0.9637461195314466	-0.6342245093245124
-0.9639787353318489	-0.6357779863889313
-0.9641682076232547	-0.6370731980461862
-0.9643620541235899	-0.6383677622665355
-0.964517131323858	-0.6394034136428146
-0.9647153498210904	-0.6406973156536544
-0.9649532120177693	-0.642249998066662
-0.9651117868155552	-0.6432851196753339
-0.9653056333158904	-0.644579683895683
-0.9655038518131228	-0.6458735859065227
-0.9656624266109087	-0.6469087075151945
-0.9658562731112439	-0.6482032717355434
-0.9660888889116461	-0.6497567487999624
-0.9662439661119142	-0.6507924001762415
-0.9663990433121823	-0.6518280515525209
-0.9665885156035883	-0.6531232632097761
-0.9668158823532753	-0.6546775171984822
-0.9670097288536105	-0.6559720814188313
-0.9671648060538786	-0.6570077327951106
-0.9673974218542808	-0.6585612098595296
-0.9675524990545489	-0.6595968612358087
-0.9677851148549511	-0.6611503383002277
-0.9679401920552192	-0.6621859896765071
-0.9680952692554873	-0.6632216410527864
-0.9683278850558895	-0.6647751181172054
-0.9684829622561576	-0.6658107694934845
-0.96868118075339	-0.6671046715043244
-0.968839755551176	-0.668139793112996
-0.9690336020515111	-0.6694343573333451
-0.9692318205487436	-0.6707282593441847
-0.9694696827454224	-0.6722809417571924
-0.9697075449421013	-0.6738336241702001
-0.9700564686427047	-0.6761638397668286
-0.9703217298506729	-0.6779771360869857
-0.9704733076837976	-0.6790133054127899
-0.9706248855169223	-0.6800494747385939
-0.9708099814372821	-0.6813453190527639
-0.9709580581735701	-0.6823819945040999
-0.9711475304649759	-0.6836772061613549
-0.971263838365177	-0.6844539446935644
-0.9714620568624095	-0.685747846704404
-0.9716206316601954	-0.6867829683130758
-0.9717792064579813	-0.6878180899217476
-0.9719377812557672	-0.6888532115304193
-0.9720963560535532	-0.6898883331390911
-0.9722989442857609	-0.691181558175375
-0.9724610148715271	-0.6922161382044019
-0.9726592333687596	-0.6935100402152418
-0.9728178081665455	-0.6945451618239136
-0.9729763829643314	-0.6955802834325852
-0.9731349577621173	-0.6966154050412571
-0.9733288042624525	-0.6979099692616062
-0.9735614200628546	-0.699463446326025
-0.9736751034376981	-0.700240573320378
-0.9738266812708228	-0.7012767426461822
-0.9738654505708899	-0.7015356554902521
-0.9739033450291711	-0.7017946978217031
-0.9739333476518697	-0.7020547723534881
-0.9739519039153065	-0.7023159132819908
-0.9739519039153065	-0.7023159132819908
-0.9739536726481592	-0.7025777066948875
-0.9739536726481592	-0.7025777066948875
-0.9739536726481592	-0.7025777066948875
-0.9739280668285646	-0.7028382508590035
-0.9739280668285646	-0.7028382508590035
-0.9739280668285646	-0.7028382508590035
-0.9738701805595208	-0.7030935704612831
-0.9739392197100389	-0.7028410382551237
-0.9741144173338577	-0.7023476201054613
-0.9738144713667148	-0.7030734869609264
-0.974037088749696	-0.7025995701131539
-0.974037088749696	-0.7025995701131539
-0.974037088749696	-0.7025995701131539
-0.973891181546445	-0.7028169407815789
-0.9742060556751732	-0.7023985988629695
-0.9742060556751732	-0.7023985988629695
-0.97402632657274	-0.7025889573909913
-0.9742166851007618	-0.7024092282885581
-0.9744181793236641	-0.702242078662208
-0.9746268172592116	-0.702083935906122
-0.9744104373098046	-0.7022313083490909
-0.9746340038288444	-0.7020950845221865
-0.9744038246322199	-0.7022198100484164
-0.9746392574419895	-0.7021053097797006
-0.9748801874188784	-0.7020028809473909
-0.975126599172896	-0.7019144492396502
-0.975126599172896	-0.7019144492396502
-0.975126599172896	-0.7019144492396502
-0.9746137184949943	-0.7020198488982984
-0.974096987765754	-0.7021043771850833
-0.9727982021136526	-0.7022675605671896
-0.9714950562371939	-0.7023911882783581
-0.9701893515946802	-0.7024839695955423
-0.9680969756924604	-0.7025759148441334
-0.9657416415391306	-0.7026395819610042
-0.9631237074101635	-0.7026572692895313
-0.96076752636354	-0.702649309946281
-0.9586732388088794	-0.7026280853538833
-0.9565789512542189	-0.7026068607614856
-0.953437519922228	-0.7025750238728891
-0.9508195409815352	-0.7025661801581665
-0.9489869870912583	-0.7025785612881356
-0.9468927831835615	-0.70260686036791
-0.9445372473981754	-0.7026625706845308
-0.9421829885186632	-0.7027580568293439
-0.9398306781559459	-0.702893291562551
-0.9374798590532744	-0.7030523576561329
-0.9348690915078691	-0.7032467407033869
-0.9317396082152049	-0.703522310516727
-0.9288717848792297	-0.7037846053266831
-0.9252241665816059	-0.7041430868010076
-0.9207995545526276	-0.7046232493928991
-0.9168969385786986	-0.7050601079932907
-0.9135134117330094	-0.705427291151796
-0.9096138362700414	-0.7058905060968493
-0.9059772364441574	-0.706347419566747
-0.9023406366182734	-0.7068043330366446
-0.8981845225315487	-0.7073265198593847
-0.8948091323313963	-0.7077622013762117
-0.8911740967312322	-0.7082313968558716
-0.8872777397749279	-0.7087209470021905
-0.8836411399490438	-0.7091778604720881
-0.8800077100549202	-0.7096593326074007
-0.8755937382547209	-0.7102290699755591
-0.8717007776538741	-0.7107449329776797
-0.8675482863463042	-0.7112951868466084
-0.8631424156781267	-0.7119245129758321
-0.8592530291265053	-0.7124666652872433
-0.8556229350116585	-0.7129726741112271
-0.8514742560232623	-0.7135509699100656
-0.8475867230807528	-0.7141062576711453
-0.8434361142509406	-0.7146705357245895
-0.8400653125728686	-0.7151404010611458
-0.8359206352696522	-0.7157467123936447
-0.8322940426293378	-0.7162772348095813
-0.8284103499682905	-0.7168587743105868
-0.8237499187750338	-0.7175566217117934
-0.8203857735468505	-0.7180719898045976
-0.8162452871121633	-0.7187062889957414
-0.812104800677476	-0.7193405881868852
-0.8084857074251385	-0.7199200640219967
-0.8040887423017736	-0.720608864011503
-0.8002111423885547	-0.7212297309776939
-0.7958189311900119	-0.7219482214153657
-0.7922018160853296	-0.7225399194228601
-0.7875512395221665	-0.7233006740039243
-0.7839341244174842	-0.7238923720114186
-0.7803170093128019	-0.724484070018913
-0.7738543427907705	-0.7255188482958979
-0.7697228048693969	-0.7262090350705951
-0.7658473244000944	-0.7268429972214819
-0.7617134785661718	-0.7275192235157613
-0.7580963634614895	-0.7281109215232556
-0.7542230466602018	-0.7287579716245343
-0.7500915087388282	-0.7294481583992315
-0.7459599708174547	-0.7301383451739287
-0.7426012210773926	-0.7306877790380306
-0.7379506445142295	-0.7314485336190948
-0.7325220046357231	-0.732317747371762
-0.7283904667143496	-0.7330079341464593
-0.7242543601402495	-0.7336701922437295
-0.7201228222188759	-0.7343603790184268
-0.7167640724788138	-0.7349098128825287
-0.7121134959156508	-0.7356705674635928
-0.7084963808109684	-0.7362622654710872
-0.7046230640096808	-0.7369093155723658
-0.7004915260883072	-0.7375995023470631
-0.6966160456190047	-0.7382334644979499
-0.6922262865775454	-0.7389667879460657
-0.688350806108243	-0.7396007500969526
-0.684221623245454	-0.74030488947617
-0.6795762925248164	-0.7410970462777895
-0.6759632575198761	-0.7417131682346046
-0.6718340746570871	-0.7424173076138221
-0.6679652177648593	-0.7430905113156562
-0.6638384370798163	-0.7438085952642792
-0.6599718763777402	-0.7444948643178316
-0.655587171899882	-0.7452578285132436
-0.6519805662029113	-0.7459105333157174
-0.6483739605059406	-0.7465632381181913
-0.6442471798208976	-0.7472813220668143
-0.6406405741239269	-0.7479340268692881
-0.6365238727851844	-0.7487078055633017
-0.6329217591137847	-0.7493848619205636
-0.6270077921323127	-0.7505171529309372
-0.6228937281452018	-0.7513048336338058
-0.6185197329727878	-0.7521269734961954
-0.6151770559832602	-0.7527669640672762
-0.611317648478189	-0.753492381592914
-0.6074657905332788	-0.7542568730898803
-0.6036113720749882	-0.7550083484554719
-0.5992459330707566	-0.7558747721520338
-0.595650865655507	-0.7565882975492024
-0.5918016121785128	-0.7573657964537357
-0.5874361731742812	-0.7582322201502976
-0.583586919697287	-0.7590097190548308
-0.5792214806930555	-0.7598761427513927
-0.575367062234765	-0.7606276181169843
-0.5717696050070271	-0.7613289951248698
-0.5676637346315667	-0.7621583272897053
-0.5640710980530388	-0.7628839929339364
-0.5594519938806458	-0.7638169916193762
-0.5540667467626782	-0.7649236880351821
-0.5486777918948863	-0.7660121865015286
-0.541996799900516	-0.7673147438018874
-0.5378854202116727	-0.768116317525185
-0.5322398484454146	-0.7692566492518338
-0.5265867013732551	-0.7703588131213681
-0.5211941002503807	-0.771429101217121
-0.5173396817920901	-0.7721805765827127
-0.5129684888057848	-0.7730174873295106
-0.5093686828170628	-0.7737067079445207
-0.5055092753119916	-0.7744321254701585
-0.5019071616405919	-0.7751091818274204
-0.4977957819517486	-0.7759107555507181
-0.493679080613006	-0.7766845342447317
-0.4895677009241628	-0.7774861079680294
-0.4854563212353195	-0.7782876816913271
-0.4800566122522365	-0.7793215126138422
-0.4759479637776656	-0.7801369702106064
-0.472352896362416	-0.780850495607775
-0.4677306668285237	-0.7817678854041347
-0.46413559941327415	-0.7824814108013033
-0.46028634593628	-0.7832589097058366
-0.4566937093577521	-0.7839845753500676
-0.45233422359558784	-0.7848804724485771
-0.4484798051372973	-0.7856319478141687
-0.44387372914302475	-0.7866272738097285
-0.4328623560919041	-0.7889678134047408
-0.42875370761733317	-0.7897832710015049
-0.424904454140339	-0.7905607699060382
-0.4210475191524225	-0.7912992205649775
-0.4171881116473513	-0.7920246380906153
-0.41255104717981755	-0.7928638299795102
-0.40894444148284687	-0.793516534781984
-0.40533783578587623	-0.7941692395844578
-0.4014667268520116	-0.7948293702524741
-0.39759786995978375	-0.7955025739543082
-0.39347108927474067	-0.7962206579029313
-0.38986015617532804	-0.7968489813579764
-0.3862492230759153	-0.7974773048130216
-0.38186196628420216	-0.79822545290344
-0.3779843663709832	-0.798846319869631
-0.37436527311864554	-0.7994257957047425
-0.37023373519727204	-0.8001159824794397
-0.36687498545720987	-0.8006654163435416
-0.36222440889404683	-0.8014261709246059
-0.35860729378936446	-0.8020178689321003
-0.35446897367325647	-0.802666151275165
-0.3508479435716619	-0.8032333983253468
-0.346970343658443	-0.8038542652915377
-0.3425781324599002	-0.8045727557292095
-0.3374108251674968	-0.8054180385970586
-0.3327602486043338	-0.8061787931781228
-0.32914313349965146	-0.8067704911856172
-0.3247485202646701	-0.8074741404139668
-0.32112942701233255	-0.8080536162490783
-0.3167372158137897	-0.8087721066867501
-0.31208663925062663	-0.8095328612678144
-0.30846952414594436	-0.8101245592753088
-0.3040797651044849	-0.8108578827234246
-0.2983989004625963	-0.8118068895386333
-0.29375092030105115	-0.8125833496601677
-0.29039595922503514	-0.8131554629057818
-0.2865226424237475	-0.8138025130070604
-0.2821353856320342	-0.8145506610974789
-0.2785265956434299	-0.8151911788807944
-0.27491780565482565	-0.8158316966641099
-0.27027793281233453	-0.8166552195283728
-0.2664090759201066	-0.8173284232302069
-0.2627981428206939	-0.8179567466852521
-0.2586763077384418	-0.8187026950309364
-0.2548193727505253	-0.8194411456898757
-0.2501851695726771	-0.8202959970271694
-0.2465807893232396	-0.8209608814006201
-0.2429764090738022	-0.8216257657740708
-0.23885207765825445	-0.82235778609786
-0.23549906835165693	-0.8229412293061162
-0.23111696622263747	-0.8237190009001423
-0.22699263480708973	-0.8244510212239315
-0.2238993862454289	-0.8250000364667734
-0.21977020338264003	-0.8257041758459908
-0.21590134649041215	-0.8263773795478249
-0.21203478578833618	-0.8270636486013773
-0.20816146898704851	-0.8277106987026559
-0.20428598851774601	-0.8283446608535427
-0.2001521426838233	-0.8290208871478221
-0.196535027579141	-0.8296125851553164
-0.19136212743400588	-0.8304229380841475
-0.18748452752078704	-0.8310438050503384
-0.18283140762492436	-0.8317888454097674
-0.17921231437258675	-0.8323683212448789
-0.17481534924922193	-0.8330571212343852
-0.17119431914762737	-0.833624368284567
-0.1675732890460327	-0.8341916153347487
-0.16369158301351353	-0.834786270826446
-0.15955109657882638	-0.8354205700175897
-0.15541061014413912	-0.8360548692087335
-0.15152691748309183	-0.836636408709739
-0.14790588738149726	-0.8372036557599207
-0.14376328187638016	-0.8378239645609932
-0.13962496176027206	-0.838472246904058
-0.13600393165867738	-0.8390394939542397
-0.13134832152805598	-0.8397688115901876
-0.12721000141194777	-0.8404170939332524
-0.12358897131035326	-0.8409843409834341
-0.11945065119424518	-0.8416326233264989
-0.11557305128102628	-0.8422534902926898
-0.11169757081172377	-0.8428874524435767
-0.10781997089850487	-0.8435083194097676
-0.10342775969996211	-0.8442268098474394
-0.0995544428986744	-0.844873859948718
-0.09568333396480976	-0.8455339906167343
-0.0920702989598694	-0.8461501125735494
-0.08794111609708052	-0.8468542519527668
-0.08406779929579282	-0.8475013020540454
-0.07993626137441934	-0.8481914888287426
-0.07658130029840322	-0.8487636020743567
-0.07270798349711557	-0.8494106521756354
-0.06780457884755371	-0.850246817688456
-0.0641874637428714	-0.8508385156959504
-0.0603141469415838	-0.851485565797229
-0.05695539720152154	-0.852034999661331
-0.052560783966540264	-0.8527386488896807
-0.04686761511884529	-0.8536108102775033
-0.04272712868415808	-0.8542451094686471
-0.03936474358982021	-0.8547718388723873
-0.03496547675296506	-0.8554457817629776
-0.030302714786846603	-0.8561278820120388
-0.026419022125799364	-0.8567094215130443
-0.022015302491131872	-0.8573536273038244
-0.01838870985081747	-0.8578841497197609
-0.014244032547600833	-0.8584904610522599
-0.010356499605091286	-0.8590457488133396
-0.006209797799747784	-0.8596380557584913
-0.0025814337200721943	-0.860156324335499
0.0015652680852713068	-0.8607486312806508
0.005711969890614808	-0.8613409382258026
0.009082771568686773	-0.861810803562359
0.013227448871903254	-0.8624171148948578
0.01659331584481094	-0.8629211157957293
0.02021809566178843	-0.8634638859966677
0.024617362498643578	-0.864137828887258
0.027722727324659	-0.8646135532806158
0.03186321375934616	-0.8652478524717596
0.0357428888681974	-0.8658556171683829
0.03962048878141636	-0.8664764841345738
0.04402200713060325	-0.8671355622357133
0.04764303723219781	-0.867702809285895
0.051264067333792365	-0.8682700563360768
0.05488884715076985	-0.8688128265370152
0.059027167266878	-0.86946110888008
0.06213090735395897	-0.8699473206373786
0.06601261338647825	-0.8705419761290758
0.06989228849532955	-0.8711497408256991
0.07403060861143759	-0.8717980231687639
0.07816892872754573	-0.8724463055118287
0.08153307395572915	-0.872961673604633
0.08515966659604354	-0.8734921960205695
0.08878259222639488	-0.8740472078128203
0.09421976195186103	-0.8748613631142279
0.09784454176883847	-0.8754041333151663
0.10172624780135775	-0.8759987888068635
0.10508863289569541	-0.8765255182106036
0.1089703389282148	-0.877120173702301
0.11259326455856608	-0.8776751854945518
0.11647293966741733	-0.8782829501911751
0.11957667975449841	-0.8787691619484737
0.12320145957147585	-0.8793119321494121
0.12708316560399524	-0.8799065876411094
0.13070609123434643	-0.8804615994333602
0.1340684763286843	-0.8809883288371004
0.1374290629201406	-0.8815264135411325
0.1410519885504919	-0.8820814253333833
0.1451966658537084	-0.8826877366658822
0.1495981842028953	-0.8833468147670217
0.15270513833173313	-0.8838120463678261
0.15581209246057087	-0.8842772779686304
0.1594368722775484	-0.8848200481695688
0.1628010175057318	-0.8853354162623731
0.1661668844786394	-0.8858394171632445
0.169795248558315	-0.8863576857402523
0.1731627988671783	-0.8868503136979077
0.17678939150749282	-0.8873808361138442
0.18144743874651595	-0.888094422703881
0.18610548598553897	-0.8888080092939177
0.1907635332245621	-0.8895215958839544
0.19490401965924925	-0.8901558950750982
0.19956206689827238	-0.8908694816651349
0.20396358524745928	-0.8915285597662744
0.20758836506443681	-0.8920713299672128
0.21069531919327464	-0.8925365615680172
0.21405946442145796	-0.8930519296608215
0.21767855767379557	-0.893631405495933
0.22181904410848272	-0.8942657046870768
0.2249275520858951	-0.894720438186451
0.22803291691191052	-0.8951961625798088
0.2308809581966785	-0.8956226248805462
0.2342451034248619	-0.8961379929733505
0.2378680290552131	-0.8966930047656013
0.24071607033998108	-0.8971194670663387
0.24356265476382863	-0.89755554776025
0.2464077498436529	-0.8980012418711071
0.2497718950718363	-0.8985166099639114
0.25235969909351574	-0.8989130469583763
0.25546506391953117	-0.8993887713517341
0.2585704287455466	-0.899864495745092
0.26193281383988437	-0.9003912251488321
0.26503655392696546	-0.9008774369061306
0.2676230039995329	-0.9012826133705462
0.27072995812837075	-0.9017478449713505
0.27331640820093833	-0.902153021435766
0.2761629926247858	-0.9025891021296774
0.2792683574508012	-0.9030648265230352
0.28185616147248066	-0.9034612635175001
0.2847042027572487	-0.9038877258182375
0.28755078718109617	-0.9043238065121488
0.2906561520071116	-0.9047995309055067
0.293761516833127	-0.9052752552988645
0.29686688165914243	-0.9057509796922224
0.2997119767389667	-0.9061966738030794
0.3020410003584782	-0.9065534670980978
0.3048860954383026	-0.9069991612089549
0.30747254551087005	-0.9074043376733704
0.3103191299347175	-0.9078404183672817
0.3131642250145418	-0.9082861124781387
0.31601080943838933	-0.90872219317205
0.3188559045182136	-0.9091678872829071
0.32170248894206105	-0.9096039679768184
0.32506835591496874	-0.9101079688776899
0.32817531004380657	-0.9105732004784942
0.3307669986721463	-0.9109433923192141
0.33361646431810754	-0.9113602313603071
0.3359489840836133	-0.911693404016955
0.3387984497295747	-0.912110243058048
0.34190695770698704	-0.9125649765574222
0.34397929635859514	-0.9128681322236716
0.34683015384976884	-0.9132753432484634
0.349419282290467	-0.9136630362491337
0.35226586671431454	-0.914099116943045
0.354853670735994	-0.9144955539375099
0.35718147580130494	-0.9148602127554839
0.3597679258738725	-0.9152653892198994
0.36235437594644	-0.9156705656843149
0.36520096037028743	-0.9161066463782263
0.3677887643919669	-0.9165030833726912
0.3701189799885954	-0.9168520070732945
0.37244800360810687	-0.9172088003683129
0.37451824682545043	-0.9175259499638847
0.37762361165146585	-0.9180016743572426
0.3796938548688095	-0.9183188239528145
0.3825418961535775	-0.9187452862535518
0.384613198906136	-0.9190554406540881
0.3874626645520974	-0.9194722796951811
0.39005308786660764	-0.9198512242779929
0.39212542651821575	-0.9201543799442424
0.3941977651698242	-0.9204575356104919
0.39678818848433445	-0.9208364801933038
0.3996362297691024	-0.9212629424940412
0.4019652533886139	-0.9216197357890595
0.40455305741029346	-0.9220161727835244
0.406623300627637	-0.9223333223790963
0.40920836723644965	-0.9227472336898902
0.4115361723017605	-0.9231118925078642
0.4143797455714543	-0.9235671949497375
0.4174818255020295	-0.9240638885226902
0.41954987878907946	-0.9243950175713253
0.4242079260281026	-0.925108604161362
0.42679834934261285	-0.9254875487441738
0.4288706879942212	-0.9257907044104233
0.43120090359084956	-0.9261396281110266
0.4332742544935213	-0.9264357815836024
0.4356056354765806	-0.9267768317081331
0.4374180253850692	-0.9270482168086023
0.4394893281376279	-0.9273583712091386
0.4418183517571394	-0.9277151645041569
0.44388859497448296	-0.9280323140997288
0.44595883819182675	-0.9283494636953007
0.44776935324262385	-0.9286330872203915
0.45035300688882546	-0.9290557286543161
0.452419929805787	-0.9293938418014558
0.454489089863841	-0.9297179829729881
0.45655824992189503	-0.9300421241445206
0.4583677965480637	-0.9303318620620763
0.46069560161337464	-0.9306965208800503
0.46250706442855033	-0.9309740267761757
0.4645773076458938	-0.9312911763717475
0.46664755086323745	-0.9316083259673195
0.4684599407717262	-0.9318797110677887
0.4705312435242847	-0.9321898654683249
0.4726025462768432	-0.9325000198688612
0.47441584259700037	-0.9327652810768295
0.4764881812486087	-0.933068436743079
0.47830057115709734	-0.9333398218435482
0.4806295947766088	-0.9336966151385666
0.48218227718961676	-0.9339344773352456
0.4842525204069602	-0.9342516269308174
0.48606303545775764	-0.9345352504559084
0.48813219551581155	-0.9348593916274407
0.4899417421419803	-0.9351491295449964
0.49278683722180455	-0.9355948236558534
0.4943387072653453	-0.9358379295345027
0.4966677308848568	-0.9361947228295211
0.49873797410220033	-0.9365118724250929
0.500290656515208	-0.9367497346217718
0.5021030464236966	-0.937021119722241
0.5039145092388723	-0.9372986256183664
0.5062447248355008	-0.9376475493189698
0.5083160275880594	-0.937957703719506
0.5106474085711186	-0.9382987538440367
0.5127197472227267	-0.9386019095102862
0.5145339292625645	-0.9388610437987901
0.5163472255827218	-0.9391263050067584
0.5181614076225596	-0.9393854392952623
0.5199747039427167	-0.9396507005032306
0.522047042594325	-0.9399538561694801
0.5235997250073325	-0.940191718366159
0.5256699682246765	-0.9405088679617309
0.5274804832754736	-0.9407924914868218
0.5292900299016423	-0.9410822294043775
0.5311005449524397	-0.9413658529294684
0.5329100915786085	-0.9416555908470241
0.534461131543896	-0.9419039376335004
0.5360138139569037	-0.9421417998301794
0.5380840571742472	-0.9424589494257513
0.539896447082736	-0.9427303345262205
0.5417097434028934	-0.9429955957341888
0.5435239254427311	-0.9432547300226927
0.5448191370999863	-0.9434442023140986
0.5468914757515945	-0.943747357980348
0.5481873200657643	-0.9439324539007079
0.5500006163859216	-0.9441977151086762
0.5515548703746278	-0.9444250818583634
0.553109124363334	-0.9446524486080505
0.5549215142718226	-0.9449238337085197
0.5569928170243813	-0.945233988109056
0.5588042798395569	-0.9455114940051814
0.5606147948903542	-0.9457951175302722
0.5621666649338948	-0.9460382234089215
0.5637185349774352	-0.9462813292875708
0.5652704050209758	-0.9465244351662201
0.5668222750645162	-0.9467675410448694
0.568633737879692	-0.9470450469409948
0.5704461277881807	-0.947316432041464
0.5717413394454358	-0.9475059043328699
0.5732940218584436	-0.9477437665295487
0.5745885860787926	-0.9479376130298839
0.5766598888313512	-0.9482477674304202
0.5779551004886062	-0.948437239721826
0.5795093544773124	-0.9486646064715132
0.5810636084660187	-0.9488919732212003
0.5823581726863679	-0.9490858197215355
0.584171469006525	-0.9493510809295037
0.585466033226874	-0.9495449274298389
0.5867599352377136	-0.9497431459270713
0.5883126176507215	-0.9499810081237503
0.5898653000637291	-0.9502188703204292
0.591158525100013	-0.9504214585526369
0.5927103951435533	-0.9506645644312862
0.5937449751725804	-0.9508266350170524
0.5952968452161208	-0.9510697408957017
0.5968487152596614	-0.951312846774351
0.598142617270501	-0.9515110652715835
0.5999550071789898	-0.9517824503720527
0.6012489091898294	-0.9519806688692851
0.603319152407173	-0.952297818464857
0.6051315423156619	-0.9525692035653262
0.606944838635819	-0.9528344647732944
0.6087572285443077	-0.9531058498737636
0.6113463569850058	-0.9534935428744339
0.6126402589958456	-0.9536917613716663
0.6139334840321294	-0.9538943496038741
0.6154853540756698	-0.9541374554825234
0.6170372241192105	-0.9543805613611727
0.6180718041482374	-0.9545426319469389
0.6191063841772645	-0.9547047025327051
0.6206582542208048	-0.9549478084113544
0.6222101242643455	-0.9551909142900037
0.6235040262751851	-0.9553891327872361
0.6245391478838569	-0.955547707585022
0.625833712104206	-0.9557415540853572
0.6271276141150456	-0.9559397725825897
0.6284221783353947	-0.9561336190829248
0.6299756553998136	-0.9563662348833271
0.631011306776093	-0.9565213120835951
0.6323052087869325	-0.9567195305808276
0.6335997730072817	-0.9569133770811628
0.634635424383561	-0.9570684542814308
0.6359293263944007	-0.9572666727786633
0.6369644480030726	-0.9574252475764492
0.6385171304160802	-0.9576631097731281
0.6395511570596053	-0.9578286742974457
0.6408443820958889	-0.9580312625296534
0.6421369154002953	-0.9582382181850504
0.6431709420438203	-0.958403782709368
0.644723624456828	-0.9586416449060469
0.6460168494931114	-0.9588442331382546
0.6473107515039513	-0.9590424516354871
0.6483458731126232	-0.959201026433273
0.649640437332972	-0.9593948729336081
0.6506760887092514	-0.9595499501338763
0.6517117400855307	-0.9597050273341444
0.6527473914618099	-0.9598601045344125
0.6537830428380893	-0.9600151817346807
0.6558543455906477	-0.960325336135217
0.6568899969669271	-0.9604804133354851
0.6581838989777666	-0.9606786318327175
0.6592190205864386	-0.9608372066305034
0.6602541421951101	-0.9609957814282893
0.6612892638037821	-0.9611543562260753
0.6625824888400659	-0.961356944458283
0.6633580088227095	-0.9614811178515211
0.6646512338589934	-0.9616837060837289
0.6659437671633995	-0.9618906617391259
0.6669777938069246	-0.9620562262634434
0.6680118204504497	-0.962221790787761
0.6690469420591213	-0.962380365585547
0.6703415062794704	-0.9625742120858821
0.6713771576557497	-0.9627292892861502
0.6721542846501027	-0.9628429726609937
0.6734488488704519	-0.9630368191613289
0.6744845002467311	-0.963191896361597
0.6755201516230105	-0.963346973561865
0.6765558029992899	-0.9635020507621331
0.677591454375569	-0.9636571279624012
0.6786271057518484	-0.9638122051626694
0.6796627571281276	-0.9639672823629375
0.6809566591389673	-0.9641655008601699
0.6819917807476392	-0.9643240756579559
0.6830269023563107	-0.9644826504557418
0.6840620239649826	-0.9646412252535277
0.6850971455736545	-0.9647998000513136
0.686132267182326	-0.9649583748490995
0.6871673887909979	-0.9651169496468854
0.6882025103996698	-0.9652755244446714
0.6892376320083414	-0.9654340992424573
0.6905321962286906	-0.9656279457427924
0.6915678476049699	-0.9657830229430605
0.6926034989812491	-0.9659381001433286
0.6936391503575284	-0.9660931773435968
0.6946748017338076	-0.9662482545438649
0.6959687037446475	-0.9664464730410973
0.6967454422768569	-0.9665627809412984
0.698040653934112	-0.9667522532327043
0.6990768232599162	-0.966903831065829
0.7001129925857204	-0.9670554088989537
0.7008897311179297	-0.9671717167991548
0.7019253824942091	-0.967326793999423
0.7021841628963771	-0.9673664376988695
0.7021841628963771	-0.9673664376988695
0.702443331759211	-0.9674034568829415
0.7027028624659342	-0.9674378477497495
0.7027028624659342	-0.9674378477497495
0.7027028624659342	-0.9674378477497495
0.7027028624659342	-0.9674378477497495
0.7027028624659342	-0.9674378477497495
0.7029646558788308	-0.9674360790168968
0.7027031088910534	-0.9674475721729706
0.702964048360795	-0.9674263704611772
0.7032240200583262	-0.9673954894648403
0.7032240200583262	-0.9673954894648403
0.7034800985013755	-0.967341058311468
0.7032266565043139	-0.9674066789909637
0.7034769733700161	-0.9673299953147539
0.7032308617486795	-0.9674192589092093
0.7034728173671679	-0.9673192769201617
0.703709398432711	-0.9672071684063078
0.7032490400394621	-0.9674566194587676
0.7030273345607165	-0.967595851639481
0.7032417034878412	-0.9674455689640477
0.7034481855813837	-0.9672846215673667
0.7032501203579963	-0.9674558205356362
0.7032501203579963	-0.9674558205356362
0.7030710353216927	-0.967646785111472
0.7030710353216927	-0.967646785111472
0.7030710353216927	-0.967646785111472
0.7030710353216927	-0.967646785111472
0.7028153867637277	-0.9681037309426362
0.7028153867637277	-0.9681037309426362
0.7028153867637277	-0.9681037309426362
0.7027236336586999	-0.9683489253291335
0.7028028501073953	-0.968099398429365
0.7028028501073953	-0.968099398429365
0.7028028501073953	-0.968099398429365
0.7028891234542325	-0.9675829561891933
0.7029949255892533	-0.9668047170336035
0.7031327104959233	-0.9652399753872714
0.7032599817706616	-0.9631494508436328
0.7033280628337074	-0.961318120173873
0.7033634360779306	-0.9592240238106361
0.7033705110497086	-0.9571296406580819
0.7033439803092115	-0.9545117812147562
0.7033121438444653	-0.9521558018185974
0.7032882661780179	-0.9497997283196042
0.7032811912062399	-0.94770534516705
0.7032900349209624	-0.9450873662263573
0.7033112595133602	-0.9429930786716967
0.7033607797948008	-0.9408992690846868
0.703438586723996	-0.9388063197478184
0.7035658744631312	-0.9364535659767921
0.7037779625879071	-0.9333191405065634
0.7039608437056936	-0.9309700540942809
0.7041816742801963	-0.9283613904895657
0.7045647911078711	-0.9247162773625219
0.7049356742413764	-0.9208068397331456
0.7052914255813602	-0.9174220918294622
0.705699160275059	-0.9137796502537952
0.7060663434335643	-0.9103961234081059
0.7064863801513451	-0.9067550799631152
0.7069495950963984	-0.9028555045001473
0.7073624623249931	-0.8994772478433875
0.707852012471312	-0.895580890887083
0.7082876939881391	-0.8922055006869306
0.7087347752566436	-0.8888316014995301
0.7093715405504677	-0.8838983388993074
0.7098874035525883	-0.8800053782984606
0.710393412376572	-0.8763752841836139
0.7109436662455006	-0.872222792876044
0.7114989540065804	-0.8683352599335344
0.7120411063179914	-0.864445873381913
0.7125701169930954	-0.860554677603964
0.713162423938247	-0.8564079757986205
0.7136806925152548	-0.8527796117189449
0.714244970568699	-0.8486290028891326
0.7148372775138506	-0.8444823010837891
0.7154295844590023	-0.8403355992784455
0.716021891404154	-0.8361888974731019
0.7165401599811617	-0.8325605333934263
0.7171843657719418	-0.8281568137587588
0.7177148881878783	-0.8245302211184444
0.7182931839867168	-0.8203815421300482
0.7187991928107006	-0.8167514480152015
0.7194055041431995	-0.8126067707119851
0.7200118154756984	-0.8084620934087685
0.7206181268081973	-0.8043174161055521
0.7211996663092027	-0.8004337234445048
0.7217424365101411	-0.7968089436275274
0.7224402839113477	-0.7921485124342706
0.7230087007855655	-0.7882628774625052
0.723539223201502	-0.7846362848221908
0.7243900937767745	-0.779204739669799
0.7252593075294418	-0.7737760997912926
0.7260291428118313	-0.7688618446534142
0.7269350129536214	-0.7634392011316115
0.7276535033912932	-0.7590469899330686
0.7284987862591423	-0.7538796826406653
0.7294909297477695	-0.7479405968786909
0.7301811165224668	-0.7438090589573173
0.7311684819518235	-0.7381347355153831
0.7319763263940244	-0.7334921072447097
0.7326364570620407	-0.729620998310845
0.7332835071633194	-0.7257476815095574
0.7339436378313356	-0.7218765725756927
0.7346756581551249	-0.7177522411601449
0.735348861856959	-0.7138833842679171
0.7360089925249753	-0.7100122753340524
0.7367083190990544	-0.706148054944441
0.7374542674447387	-0.7020262198621887
0.7382616270410717	-0.6976494724164433
0.7389265114145224	-0.6940450921670057
0.739781362751816	-0.6894108889891576
0.7404462471252667	-0.68580650873972
0.7412339278281354	-0.6816924447526092
0.7419593453537732	-0.677833037247538
0.7426717214681846	-0.6739712012659977
0.7434315893235568	-0.6698519095523549
0.7441309158976358	-0.6659876891627434
0.7449046945916494	-0.6618709878240008
0.7457416053384474	-0.6574997948376955
0.7464308259534574	-0.6538999888489735
0.7471906938088296	-0.6497806971353306
0.7478555781822803	-0.6461763168858932
0.7487417189730076	-0.6415479949003934
0.7495293996758762	-0.6374339309132825
0.7506124606423206	-0.631777092931005
0.7513378781679584	-0.6279176854259338
0.7521394518912561	-0.6238063057370906
0.7531414190453782	-0.6186670811260365
0.7538798697043175	-0.6148101461381201
0.7546313450699091	-0.6109557276798295
0.7553958365668755	-0.6071038697349193
0.7561473119324671	-0.6032494512766287
0.7569766440973026	-0.5991435809011681
0.7577411355942689	-0.5952917229562579
0.7586517541428394	-0.5909352884530625
0.759653050899997	-0.5860629220129966
0.7603908485105342	-0.5824727572676849
0.7611683474150674	-0.5786235037906907
0.7619588448549287	-0.5747768987064281
0.762720881002142	-0.5711918005037377
0.7636314995507124	-0.5668353660005425
0.7643814207083587	-0.5632477140567347
0.7651719181482199	-0.5594011089724721
0.7659339542954332	-0.5558160107697817
0.7668445728440036	-0.5514595762665865
0.7675944940016499	-0.5478719243227786
0.7683849914415112	-0.544025319238516
0.7691884783961321	-0.5401814064415791
0.7699383995537784	-0.5365937544977712
0.7708342966522879	-0.532234268735607
0.7715081290362167	-0.5288982490555453
0.772272620533183	-0.525046391110635
0.7729861459303516	-0.5214513236953855
0.7737636448348849	-0.5176020702183913
0.7746300685314468	-0.5132366312141597
0.7753435939286154	-0.5096415637989101
0.7761590515253796	-0.5055329153243392
0.7768482721403897	-0.5019331093356172
0.7776359528432583	-0.4978190453485063
0.7783251734582683	-0.49421923935978423
0.7793097743368541	-0.4890766593758956
0.7800696421922263	-0.48495736766225284
0.7807950597178641	-0.4810979601571816
0.7816655607486295	-0.47646667115109614
0.7823426171058914	-0.4728645574796964
0.7829953219083652	-0.4692579517827257
0.7837691006023788	-0.4651412504439831
0.7845150489480631	-0.4610194153617309
0.7851677537505369	-0.4574128096647602
0.7859415324445506	-0.45329610832601763
0.7865589250770405	-0.4499491838086828
0.7872843426026783	-0.44608977630361163
0.788058121296692	-0.4419730749648691
0.7888654808930249	-0.43759632751912364
0.7895908984186627	-0.4337369200140524
0.7905262692533191	-0.42885146902935817
0.7912154898683292	-0.42525166304063616
0.7920376297307187	-0.4208776678682222
0.7926776203017994	-0.41753499087869456
0.7933668409168095	-0.41393518488997255
0.7941267087721817	-0.4098158931763297
0.7948781841377733	-0.4059614747180392
0.7956166347967126	-0.40210453973012267
0.7963681101623042	-0.3982501212718321
0.7970694871701898	-0.3946526640440942
0.7979359108667516	-0.39028722503986263
0.7987875829477554	-0.38591888412046665
0.7994275735188362	-0.38257620713093904
0.8000788521690156	-0.3792357111337539
0.8008526308630293	-0.37511900979501134
0.801654204586327	-0.37100763010616805
0.8023926552452663	-0.3671506951182516
0.803057539618717	-0.36354631486881417
0.8037829571443548	-0.3596869073637429
0.8044600135016167	-0.3560847936923432
0.8052992053905116	-0.3514477292248094
0.8060729840845252	-0.3473310278860669
0.8069753271627796	-0.34243936897611593
0.8077073474865689	-0.33831503756056824
0.8084672153419411	-0.3341957458469254
0.8091665419160201	-0.330331525457314
0.8098846258646432	-0.3262047447722709
0.8105708949181956	-0.32233818407019493
0.8112114127015111	-0.31872939408159073
0.8119434330253004	-0.31460506266604293
0.8126754533490896	-0.3104807312504952
0.8132588965573458	-0.3071277219438977
0.8139769805059689	-0.3030009412588547
0.814605303961014	-0.299390008159442
0.8157490857169347	-0.29294574032264864
0.8164222894187688	-0.2890768834304208
0.8171403733673919	-0.2849501027453778
0.817768696822437	-0.2813391696459651
0.8185464684164631	-0.27695706751694565
0.8191869861997786	-0.2733482775283414
0.8198911255789959	-0.26921909466555244
0.8205072475358111	-0.26560605966061207
0.8211804512376452	-0.26173720276838425
0.8219582228316712	-0.2573551006393648
0.8228109475206611	-0.2524545485758761
0.8234972165742135	-0.24858798787380015
0.824137734357529	-0.2449791978851959
0.8248697546813183	-0.24085486646964815
0.8255102724646338	-0.2372460764810439
0.8261834761664679	-0.23337721958881608
0.8269294245121522	-0.2292553845065638
0.827524191025231	-0.22590436523143126
0.8283167611425206	-0.22152491545653827
0.829003030196073	-0.2176583547544623
0.8297023567701521	-0.21379413436485076
0.8303306802251973	-0.21018320126543816
0.8310788283156157	-0.20579594447372482
0.8321350373844417	-0.19960217017954154
0.8327755551677573	-0.19599338019093723
0.8334160729510728	-0.19238459020233298
0.8341790371464848	-0.18799988572447476
0.8348391678145011	-0.18412877679061018
0.8355123715163352	-0.18025991989838225
0.8360844847619493	-0.17690495882236623
0.8367886241411666	-0.17277577595957735
0.8375515883365786	-0.16839107148171914
0.8382117190045949	-0.1645199625478545
0.8388034170120893	-0.16090284744317215
0.8393951150195836	-0.1572857323384899
0.839986813027078	-0.1536686172338076
0.8406904622554277	-0.1492740039988261
0.8413244244063145	-0.14539852352952365
0.8419714745075931	-0.14152520672823599
0.8425792392042164	-0.1376455316193846
0.8432833785834337	-0.13351634875659565
0.843959604877713	-0.12938250292267306
0.8445513028852074	-0.12576538781799074
0.8452549521135571	-0.1213707745830093
0.8458889142644439	-0.11749529411370684
0.8465097812306348	-0.11361769420048799
0.8471175459272581	-0.10973801909163663
0.847738412893449	-0.10586041917841774
0.8484006709907193	-0.10172431260431754
0.8490346331416061	-0.09784883213501508
0.8496829154846709	-0.09371051201890704
0.8503591417789502	-0.08957666618498443
0.8508972264829824	-0.08621607959352802
0.8515874132576796	-0.08208454167215459
0.8522762132471859	-0.07768757654878966
0.8528970802133768	-0.07380997663557076
0.8535048449100001	-0.06993030152671946
0.854125711876191	-0.0660527016135005
0.8547051877113025	-0.062433608361162955
0.8556370935794582	-0.056484773194257584
0.8563133198737375	-0.052350927360334976
0.8568805669239192	-0.048729897258740364
0.857447813974101	-0.04510886715714581
0.8581240402683803	-0.040975021323223094
0.858691287318562	-0.03735399122162854
0.8593675136128414	-0.033220145387705874
0.8599883805790323	-0.029342545474486975
0.8607334209384613	-0.02468942557862435
0.8616209679497029	-0.01926375292160094
0.862550779104337	-0.013579714899957327
0.8632544283326866	-0.00918510166497584
0.8640822509542745	-0.004014968447350624
0.864852086236664	0.0008992866905276819
0.865662439165495	0.0060721868356627805
0.8662833061316859	0.009949786748881626
0.8668648456326914	0.013833479409928916
0.867485154433764	0.01797608491504596
0.8680005225265683	0.021340230143229475
0.8685820620275738	0.025223922804276662
0.8691003306045816	0.028852286883952253
0.8696687474787993	0.03273792185571777
0.8702750588112982	0.0368825991589342
0.8708565983123037	0.040766291819981385
0.8714250151865214	0.04465192679174685
0.8721386017765581	0.04930997403076993
0.8727201412775636	0.05319366669181722
0.8732873883277453	0.056814696793411834
0.8738546353779271	0.060435726895006495
0.8744218824281087	0.06405675699660095
0.8750701647711735	0.06819507711270899
0.8756082494752057	0.0715556637041654
0.8762425486663494	0.07569615013885261
0.8768503133629727	0.07957582524770386
0.8777032379644474	0.08527190781723992
0.8782978934561446	0.0891536138497592
0.8789321926472884	0.09329410028444642
0.8794361935481598	0.09665996725735411
0.8799515616409641	0.10002411248553747
0.8805331011419696	0.10390780514658476
0.8812309485431762	0.1085682363398414
0.8817737187441146	0.11219301615681884
0.88226634670177	0.11556056646568229
0.8829484469508312	0.12022332843180074
0.8836075250519707	0.12462484678098763
0.8841747721021525	0.12824587688258218
0.8846901401949568	0.1316100221107657
0.8852696160300684	0.1352291153631032
0.8858490918651799	0.1388482086154409
0.8863457854381326	0.1419502885460159
0.8869007972303834	0.1455732141763672
0.8874275266341236	0.14893559927070507
0.8880483936003145	0.15281319918392397
0.8885751230040546	0.15617558427826173
0.8892234053471194	0.16031390439436988
0.8897387734399237	0.16367804962255317
0.8902427743407951	0.16704391659546075
0.8907581424335994	0.17040806182364415
0.8913131542258502	0.17403098745399545
0.8917888786192081	0.17713635228001087
0.8923438904114589	0.18075927791036217
0.8927986239108331	0.18386778588777455
0.8935684591932226	0.18878204102565296
0.894033690794027	0.1918889951544907
0.8945263187516823	0.19525654546335414
0.8950020431450402	0.19836191028936956
0.8955060440459116	0.20172777726227714
0.8960214121387159	0.20509192249046054
0.8966291768353392	0.20897159759931178
0.897358494471287	0.2136272077299334
0.8977636709357025	0.216213657802501
0.8982790390285068	0.2195778030306843
0.898805768432247	0.22294018812502217
0.8992109448966625	0.22552663819758967
0.8997781919468443	0.22914766829918423
0.9002142726407556	0.23199425272303179
0.900718273541627	0.23536011969593937
0.9011835051424314	0.2384670738247771
0.9016988732352357	0.2418312190529605
0.9021536067346099	0.2449397270303729
0.9026293311279677	0.24804509185638832
0.9030557934287051	0.2508931331411564
0.9035210250295095	0.254000087269994
0.9039862566303138	0.25710704139883184
0.9044030956714069	0.25995650704479334
0.9048788200647647	0.26306187187080876
0.9052752570592296	0.2656496758924882
0.9058019864629697	0.269012060986826
0.9062881982202683	0.2721158010739071
0.9067242789141796	0.27496238549775454
0.907150741214917	0.2778104267825225
0.9075868219088283	0.28065701120636993
0.9080132842095657	0.2835050524911379
0.908449364903477	0.28635163691498533
0.908845801897942	0.288939440936665
0.9092722641986792	0.2917874822214328
0.9096599571993496	0.2943766106621312
0.9101251888001539	0.2974835647909688
0.9105612694940652	0.3003301492148165
0.9110369938874231	0.3034355140408318
0.911433430881888	0.3060233180625114
0.911879124992745	0.30886841314233565
0.9122843014571606	0.3114548632149031
0.9126719944578309	0.31404399165560126
0.9130771709222464	0.31663044172816884
0.9136718264139436	0.32051214776068804
0.9141175205248007	0.32335724284051254
0.914474313819819	0.325686266460024
0.9148707508142839	0.3282740704817036
0.9152671878087488	0.33086187450338306
0.9156636248032137	0.3334496785250625
0.9160282836211877	0.33577748359037335
0.9165955306713695	0.3393985136919679
0.9169523239663878	0.3417275373114794
0.9173980180772449	0.3445726323913037
0.9178031945416604	0.3471590824638713
0.9182584969835337	0.350002655733565
0.9186231558015077	0.3523304607988758
0.9190283322659232	0.3549169108714433
0.9194160252665935	0.35750603931214153
0.9197728185616119	0.3598350629316533
0.9201374773795858	0.362162867996964
0.9204942706746042	0.36449189161647555
0.9208907076690691	0.367079695638155
0.9212553664870431	0.36940750070346584
0.9216121597820615	0.3717365243229775
0.9220085967765264	0.37432432834465695
0.9223257463720982	0.3763945715620004
0.9227522086728356	0.37924261284676847
0.9230623630733719	0.381313915599327
0.9234500560740422	0.3839030440400251
0.9238377490747125	0.3864921724807234
0.9241945423697309	0.388821196100235
0.9246210046704681	0.3916692373850028
0.9249311590710044	0.39374054013756155
0.9253672397649157	0.396587124561409
0.9257636767593806	0.39917492858308845
0.9261601137538455	0.4017627326047679
0.9264772633494175	0.4038329758221116
0.9268261870500207	0.40616319141873997
0.927341555142825	0.40952733664692326
0.9277680174435623	0.4123753779316912
0.9281248107385807	0.4147044015512027
0.9284894695565546	0.4170322066165137
0.928846262851573	0.4193612302360252
0.92929195696243	0.42220632531584956
0.9296160981339624	0.42427548537390347
0.9300037911346327	0.4268646138146017
0.9303605844296511	0.4291936374341132
0.9306319695301203	0.43100602734260207
0.9309887628251386	0.43333505096211355
0.9313376865257419	0.43566526655874194
0.9318303144833973	0.43903281686760537
0.9321792381840005	0.44136303246423375
0.9324444993919687	0.4431763287843909
0.932793423092572	0.4455065443810193
0.9330260388929742	0.4470600214454382
0.9333361932935105	0.4491313241979966
0.9336136991896359	0.4509427870131724
0.9339783580076099	0.45327059207848325
0.9342558639037353	0.4550820548936588
0.9345869929523705	0.457150108180709
0.9348353397388468	0.45870114814599644
0.935166468787482	0.4607692014330465
0.9354500923125729	0.46257971648384394
0.9357275982086983	0.4643911792990195
0.9359654604053772	0.4659438617120271
0.936249083930468	0.46775437676282444
0.9365732251020005	0.4698235368208786
0.9368507309981259	0.47163499963605404
0.9370533192303336	0.4729282246723379
0.937330825126459	0.4747396874875135
0.9375686873231379	0.4762923699005213
0.9379176110237412	0.4786225854971497
0.9381951169198666	0.48043404831232517
0.9385440406204698	0.48276426390895355
0.9388215465165952	0.48457572672412935
0.9391704702171985	0.4869059423207576
0.9394806246177347	0.48897724507331614
0.939790779018271	0.49104854782587487
0.9401009334188073	0.4931198505784334
0.9403784393149327	0.49493131339360885
0.9406815949811822	0.4970036520452172
0.940998744576754	0.49907389526256074
0.9412701296772232	0.5008862851710495
0.9416269229722416	0.5032153087905611
0.9419440725678134	0.5052855520079047
0.9423405095622783	0.5078733560295842
0.9425783717589572	0.5094260384425918
0.9429748087534221	0.5120138424642715
0.9435015381571622	0.5153762275586092
0.9438892311578325	0.5179653559993075
0.9443253118517438	0.5208119404231548
0.9446742355523471	0.5231421560197832
0.9451896036451514	0.5265063012479665
0.9456160659458888	0.5293543425327347
0.945926220346425	0.5314256452852932
0.9462037262425504	0.5332371081004689
0.9465826708253623	0.5358275314149791
0.9468998204209341	0.5378977746323227
0.9471712055214033	0.5397101645408114
0.9474813599219396	0.5417814672933701
0.947838153216958	0.5441104909128816
0.9481553028125299	0.5461807341302253
0.9484724524081019	0.548250977347569
0.948743837508571	0.5500633672560576
0.9491006308035894	0.5523923908755691
0.9493720159040586	0.5542047807840579
0.9498080965979699	0.5570513652079053
0.9501252461935419	0.559121608425249
0.9504423957891137	0.5611918516425926
0.9507260193142046	0.56300236669339
0.95100352521033	0.5648138295085656
0.9512413874070089	0.5663665119215733
0.9516060462249829	0.5686943169868842
0.9519628395200013	0.5710233406063958
0.9522007017166801	0.5725760230194035
0.9524720868171493	0.5743884129278922
0.9527373480251177	0.5762017092480495
0.9530087331255869	0.5780140991565381
0.9532739943335551	0.5798273954766953
0.9535771499998046	0.5818997341283036
0.9537709965001397	0.5831942983486526
0.954081150900676	0.5852656011012111
0.9543586567968014	0.5870770639163868
0.9546300418972706	0.5888894538248755
0.954907547793396	0.5907009166400513
0.9551101360256038	0.5919941416763348
0.9554342771971363	0.5940633017343891
0.9557584183686686	0.5961324617924431
0.955956636865901	0.5974263638032828
0.9562402603909919	0.5992368788540801
0.9565177662871173	0.6010483416692557
0.9567891513875865	0.6028607315777444
0.9569786236789923	0.6041559432349994
0.9572059904286795	0.6057101972237058
0.9574773755291487	0.6075225871321945
0.9577099913295509	0.6090760641966134
0.9579752525375191	0.6108893605167705
0.9582466376379883	0.6127017504252593
0.9584792534383905	0.6142552274896781
0.9587118692387927	0.6158087045540971
0.9589893751349181	0.6176201673692727
0.9593065247304899	0.6196904105866163
0.9595443869271688	0.6212430929996241
0.9597822491238477	0.6227957754126318
0.9600658726489385	0.6246062904634291
0.9603089785275878	0.6261581605069694
0.9605520844062371	0.6277100305505101
0.9607503029034695	0.6290039325613499
0.9609881651001484	0.6305566149743576
0.9612595502006176	0.6323690048828461
0.9614921660010198	0.6339224819472651
0.9617247818014221	0.635475959011684
0.9619573976018243	0.6370294360761029
0.9621900134022265	0.6385829131405217
0.9624226292026288	0.6401363902049406
0.962655245003031	0.6416898672693595
0.9628534635002635	0.6429837692801992
0.9630473100005986	0.6442783335005483
0.9632799258010007	0.6458318105649671
0.963512541601403	0.6473852876293861
0.9637107600986354	0.6486791896402256
0.9639486222953144	0.6502318720532334
0.9641424687956496	0.6515264362735823
0.964466609967182	0.6535955963316366
0.9646648284644144	0.6548894983424761
0.9649026906610934	0.656442180755484
0.9651052788933011	0.6577354057917675
0.9653034973905336	0.6590293078026074
0.9655413595872124	0.6605819902156149
0.9656999343849983	0.6616171118242868
0.9659377965816773	0.6631697942372946
0.9661316430820125	0.6644643584576435
0.9663642588824147	0.6660178355220625
0.9665193360826828	0.6670534868983417
0.9667088083740888	0.6683486985555969
0.9668603862072136	0.6693848678814012
0.9670119640403383	0.6704210372072051
0.9672833491408075	0.6722334271156939
0.9674384263410756	0.6732690784919733
0.9675935035413437	0.6743047298682525
0.9677917220385761	0.6755986318790922
0.967950296836362	0.6766337534877641
0.9681088716341479	0.6776688750964357
0.9683027181344831	0.6789634393167849
0.9685009366317155	0.6802573413276245
0.9686595114295015	0.6812924629362963
0.9688533579298366	0.6825870271566452
0.9690515764270691	0.683880929167485
0.969210151224855	0.6849160507761569
0.9693687260226409	0.6859511723848285
0.9695625725229761	0.6872457366051776
0.9697176497232441	0.6882813879814569
0.9699158682204766	0.6895752899922966
0.9700744430182625	0.6906104116009685
0.9702330178160484	0.6916455332096402
0.9704268643163836	0.6929400974299892
0.9705819415166517	0.6939757488062686
0.9707370187169198	0.6950114001825477
0.970892095917188	0.6960470515588271
0.971047173117456	0.6970827029351064
0.9712453916146885	0.698376604945946
0.9714039664124744	0.6994117265546179
0.9715202743126755	0.7001884650868274
0.9716753515129436	0.7012241164631067
0.971873570010176	0.7025180184739463