0.792250353612754	0.7841373756973081
0.792250353612754	0.7841373756973081
0.7924339037867416	0.7843240525654015
0.7924339037867416	0.7843240525654015
0.7926103921965211	0.7845174194722535
0.7929554586004951	0.7849112276167306
0.7929554586004951	0.7849112276167306
0.7929554586004951	0.7849112276167306
0.7928001493583108	0.7847004719317678
0.7929475218012797	0.7849168518811749
0.7928067949422614	0.7846960921235132
0.7930701246126534	0.7851486550058835
0.7931932921874558	0.7853796716026235
0.7931932921874558	0.7853796716026235
0.7930900500660122	0.7851390890101281
0.7930900500660122	0.7851390890101281
0.7931709505259591	0.7853880750238565
0.7931709505259591	0.7853880750238565
0.7931709505259591	0.7853880750238565
0.7931709505259591	0.7853880750238565
0.7931709505259591	0.7853880750238565
0.7931709505259591	0.7853880750238565
0.793181560097605	0.7851264907039107
0.7930994636345318	0.7859075863739915
0.793185736981369	0.7853911441338198
0.793185736981369	0.7853911441338198
0.7931090533051592	0.785641460999522
0.7931966521170686	0.7853947519246908
0.7931966521170686	0.7853947519246908
0.7931966521170686	0.7853947519246908
0.7931966521170686	0.7853947519246908
0.7931966521170686	0.7853947519246908
0.7930514800353381	0.7856126142347355
0.7932075003346678	0.7854023843946816
0.7935390693429821	0.7849971465996358
0.7935390693429821	0.7849971465996358
0.7937251251042662	0.7848129668690871
0.7937251251042662	0.7848129668690871
0.7937251251042662	0.7848129668690871
0.7939358807892289	0.7846576576269028
0.794155203085339	0.7845147008156589
0.794155203085339	0.7845147008156589
0.794155203085339	0.7845147008156589
0.7939174980610211	0.7846244060610484
0.794159790043178	0.7845252419806843
0.7944067936235625	0.7844384770642188
0.7941557124995988	0.7845126200924896
0.7949192549372948	0.784328627644532
0.794662293706742	0.7843787260022381
0.794662293706742	0.7843787260022381
0.7931001023665805	0.7845429189283845
0.7923168721029589	0.7846012338425606
0.7910091371640715	0.7846586996229301
0.7886531577679126	0.7846905360876764
0.7862970842689194	0.784666658421229
0.7844651577052184	0.7846171395525516
0.7823719574742278	0.7845464031552034
0.7800173894702509	0.7844588703598588
0.7779244401333825	0.7843810634306637
0.7755695898735182	0.7843014849836469
0.7739993671046316	0.7842590402390665
0.7719051631969348	0.784230741159292
0.7700725779384499	0.7842245505589863
0.7679782903837893	0.784245775151384
0.7658844807967794	0.7842952954328247
0.763791531459911	0.7843731023620198
0.7616998244986127	0.784479181733176
0.759087221139701	0.7846470972899411
0.7556932233306742	0.7848997952513712
0.7528236933654875	0.7851427088833243
0.7499567724372782	0.7854146898478948
0.7470907866320023	0.7856963538634354
0.74318394393494	0.78609364093485
0.7397991960312565	0.7864493922748338
0.7364156691855673	0.786816575433339
0.7327746257405766	0.7872366121511198
0.729653731359156	0.7875966436235033
0.7260156088057224	0.7880412698696823
0.7226359767378169	0.7884427228220618
0.718741295737641	0.7889454322645546
0.7151062601374769	0.7894146277442144
0.7117323609500764	0.7898617090127189
0.7080989310559528	0.7903431811480315
0.7039464397483829	0.7908934350169601
0.6992748870273667	0.7915124706195048
0.6959025173531442	0.7919709465379282
0.6920131308015228	0.7925130988493393
0.6876031089198473	0.7931126442811237
0.6837101483190006	0.7936285072832443
0.679822615376491	0.794183795044324
0.6746392381198116	0.7949241787257636
0.670492536314468	0.7955164856709153
0.6663458345091244	0.7961087926160669
0.662199132703781	0.7967010995612186
0.6590891063497732	0.7971453297700823
0.6552034713780078	0.7977137466443001
0.6510587940747913	0.798320057976799
0.6469101150863951	0.7988983537756374
0.6435409198695534	0.7993796031685733
0.6399125557898778	0.799897871745581
0.6362841917102022	0.8004161403225888
0.6326594118932247	0.8009589105235272
0.6290346320762473	0.8015016807244656
0.6248879302709037	0.8020939876696173
0.6215203799620403	0.8025866156272726
0.6176366873009931	0.8031681551282781
0.6137510523292276	0.8037365720024958
0.6096105658945403	0.8043708711936396
0.6062481808002025	0.8048976005973797
0.6023664747676832	0.8054922560890769
0.5990040896733454	0.806018985492817
0.5948657695572374	0.8066672678358818
0.5909881696440185	0.8072881348020727
0.5868476832093312	0.8079224339932165
0.58322475757898	0.8084774457854673
0.5793450824701286	0.8090852104820906
0.5752067623540205	0.8097334928251554
0.5713291624408016	0.8103543597913463
0.5677100691884639	0.8109338356264578
0.5640909759361262	0.8115133114615694
0.5596940108127614	0.8122021114510757
0.556076895708079	0.81279380945857
0.5519430498741563	0.8134700357528494
0.5485861753130403	0.8140308125072908
0.5447106948437378	0.8146647746581777
0.5403209358022784	0.8153980981062934
0.5356729556407331	0.8161745582278277
0.5305085332390163	0.8170372916961992
0.5268934375578144	0.8176412051240592
0.5227618996364408	0.8183313918987565
0.5188864191671383	0.8189653540496433
0.5144966601256789	0.819698677497759
0.510881564444477	0.8203025909256191
0.5072664687632751	0.8209065043534791
0.5026184886017299	0.8216829644750134
0.49848695068035637	0.8223731512497106
0.4948718549991545	0.8229770646775706
0.49125675931795265	0.8235809781054306
0.4876416636367509	0.8241848915332907
0.48351012571537727	0.8248750783079879
0.4796346452460748	0.8255090404588747
0.47575704533285595	0.8261299074250656
0.4723982955927938	0.8266793412891675
0.4685249787915061	0.8273263913904462
0.4646453036826548	0.8279341560870694
0.46077198688136706	0.8285812061883481
0.4571568912001652	0.8291851196162081
0.45379814146010305	0.82973455348031
0.44940352822512164	0.8304382027086596
0.445784434972784	0.8310176785437712
0.4421653417204464	0.8315971543788827
0.43828986125114394	0.8322311165297696
0.4351894768757019	0.832738286250479
0.431311876962483	0.8333591532166699
0.4274363964931806	0.8339931153675567
0.4238192813884982	0.8345848133750511
0.4204586947970419	0.8351228980790831
0.4165790196881906	0.8357306627757064
0.4116728184065595	0.8365502595706593
0.40727585328319466	0.8372390595601656
0.40365482318160006	0.8378063066103473
0.400551083094519	0.8382925183676458
0.3961518162576639	0.838966461258236
0.39098739385594694	0.8398291947266076
0.3858065472269263	0.8405870838922311
0.3821799545866119	0.8411176063081677
0.3782962619255646	0.8416991458091732
0.3744106269537991	0.8422675626833909
0.37000475628562157	0.8428968888126146
0.3658621507805045	0.843517197613687
0.3622373709635271	0.8440599678146254
0.3578336513288595	0.8447041736054055
0.3544677843559519	0.8452081745062769
0.35058214938418647	0.8457765913804947
0.3461806310349996	0.8464356694816342
0.3425558512180221	0.8469784396825726
0.3384091494126786	0.8475707466277242
0.33452351444091316	0.848139163501942
0.3306398217798659	0.8487207030029474
0.32701504196288844	0.8492634732038858
0.32261577512603323	0.849937416094476
0.31821425677684634	0.8505964941956156
0.31407165127172926	0.851216802996688
0.30941122007847255	0.8519146503978945
0.3047507888852158	0.8526124977991011
0.3003470692505483	0.8532567035898811
0.29646337658950106	0.8538382430908866
0.29309923136131766	0.8543536111836909
0.2884364693951992	0.8550357114327521
0.28455277673415186	0.8556172509337576
0.2804101712290348	0.8562375597348301
0.2767853914120573	0.8567803299357685
0.2731606115950798	0.8573231001367069
0.2690180060899628	0.8579434089377793
0.2648754005848457	0.8585637177388518
0.26150785027598233	0.8590563456965071
0.2581419833030747	0.8595603465973786
0.2547744329942112	0.8600529745550339
0.25062975569099477	0.8606592858875328
0.24493082439907213	0.8614929639697189
0.24130423175875773	0.8620234863856554
0.23793503654191606	0.8625047357785912
0.2337883347365725	0.8630970427237429
0.23042078442770914	0.8635896706813982
0.2267941917873947	0.8641201930973348
0.2223883211192172	0.8647495192265585
0.21927829476520952	0.8651937494354223
0.21487032334003858	0.8658081887216882
0.210460301458363	0.8664077341534726
0.20527692420168356	0.8671481178349122
0.19905101095696512	0.8679945349150784
0.19282509771224665	0.8688409519952446
0.18763683667498132	0.8695462995620498
0.18192974953398938	0.8703221818855355
0.17777542313380182	0.870858405290861
0.17414038753363775	0.8713276007705208
0.1702474269327909	0.8718434637726414
0.16453775138488233	0.8726000628424183
0.1601237795846831	0.8731698002105767
0.1564887439845189	0.8736389956902365
0.15259578338367216	0.8741548586923571
0.14896235348954853	0.8746363308276697
0.1450711577115995	0.8751653415027736
0.14092054888178726	0.8757296195562178
0.13676994005197496	0.8762938976096619
0.13313490445181078	0.8767630930893218
0.12898429562199848	0.8773273711427659
0.1253525128959128	0.8778211144395296
0.12120190406610039	0.8783853924929738
0.11730894346525365	0.8789012554950943
0.11341426246507777	0.879403964937587
0.10952130186423104	0.8799198279397076
0.10588787197010739	0.8804013000750202
0.10095460936988462	0.8810380653688442
0.09654258735559162	0.8816227101045809
0.09317021768136914	0.8820811860230043
0.08875819566707614	0.882665830758741
0.08434422386687684	0.8832355681268994
0.08096738117141301	0.8836598449203757
0.07733078134552902	0.8841167583902734
0.07343610034535314	0.884619467832766
0.06980106474518902	0.8850886633124259
0.06564673834500143	0.8856248867177514
0.06227283915760089	0.8860719679862559
0.058116725070876236	0.886594154808996
0.05422204407070036	0.8870968642514887
0.05006771767051283	0.8876330876568143
0.04617136071420835	0.8881226378031332
0.042537930820084814	0.8886041099384457
0.03864324981990894	0.8891068193809385
0.0352693506325084	0.889553900649443
0.031113236545783695	0.890076087472183
0.027218555545607925	0.8905787969146757
0.02384171285014415	0.891003073708152
0.01994372440003663	0.8914794589719152
0.016047367443732308	0.891969009118234
0.012149378993624784	0.8924453943819971
0.007991524646843336	0.8929535386633444
0.00461468195137972	0.8933778154568207
0.0007166935012720903	0.8938542007205839
-0.0031796634550322316	0.8943437508669027
-0.006819267220468876	0.8947760848156191
-0.011240534260814726	0.8952861294014958
-0.0151401097237826	0.8957493443465491
-0.019041227700558487	0.8961993836870285
-0.022940803163526417	0.8966625986320818
-0.02658040692896306	0.8970949325807982
-0.03048152490573879	0.8975449719212776
-0.034122568350729535	0.8979650086390584
-0.03801892530703391	0.8984545587853772
-0.043733582176280254	0.8991725656666448
-0.048147553976479546	0.8997423030348032
-0.051782589576643716	0.900211498514463
-0.055420712130077314	0.9006561247606419
-0.05905574773024154	0.9011253202403018
-0.06295210468654586	0.9016148703866206
-0.0665887045124299	0.9020717838565182
-0.07022530433831395	0.9025286973264158
-0.07360069453846631	0.9029643788432429
-0.07802021339649659	0.90348935578097
-0.08113987376687093	0.9038599277370126
-0.08503786221697851	0.9043363130007758
-0.08841749428488409	0.9047377659531554
-0.09205709805032078	0.9051700999018718
-0.09621664521081988	0.9056641958432621
-0.09933630558119412	0.9060347677993047
-0.10245596595156846	0.9064053397553473
-0.10583422260832824	0.906818206983942
-0.109472345161762	0.9072628332301209
-0.11259073592184803	0.9076439414411314
-0.11674859026862937	0.9081520857224786
-0.12012822233653483	0.9085535386748582
-0.12376482216241899	0.9090104521447558
-0.12714307881917872	0.9094233193733505
-0.13026146957926474	0.909804427584361
-0.13363831227472855	0.9102287043778373
-0.13675539783977195	0.9106203444948924
-0.13987248340481534	0.9110119846119474
-0.1435090832306995	0.9114688980818451
-0.146626168795743	0.9118605381989001
-0.1502627686216271	0.9123174516687977
-0.1533798541866706	0.9127090917858528
-0.15727784263677802	0.9131854770496158
-0.16091888608176877	0.9136055137673966
-0.16378080446265006	0.9139258767410171
-0.16716177337585578	0.9143159108360993
-0.17132296588441653	0.9147959527992773
-0.1749610884378502	0.9152405790454562
-0.1780794791979362	0.9156216872564666
-0.18171760175136992	0.9160663135026456
-0.18483599251145594	0.916447421713656
-0.18847411506488954	0.9168920479598349
-0.19159250582497556	0.9172731561708454
-0.19445219449781867	0.9176128471305511
-0.19783045115457856	0.9180257143591458
-0.20094884191466458	0.9184068225701563
-0.20458696446809813	0.9188514488163352
-0.20718562343483646	0.9191690389921773
-0.21030401419492248	0.9195501472031877
-0.21394213674835624	0.9199947734493666
-0.21654079571509463	0.9203123636252087
-0.22017891826852817	0.9207569898713877
-0.2232973090286142	0.9211380980823981
-0.22641820341003477	0.9214981295547816
-0.229277892082878	0.9218378205144874
-0.23213641694629014	0.9221871697079136
-0.23551604901419562	0.9225886226602932
-0.23837457387760777	0.9229379718537195
-0.24149296463769374	0.92331908006473
-0.24435265331053702	0.9236587710244357
-0.24773090996729685	0.9240716382530304
-0.2508493007273829	0.9244527464640409
-0.2539676914874689	0.9248338546750513
-0.25656635045420717	0.9251514448508934
-0.2594260391270503	0.9254911358105992
-0.26228456399046246	0.9258404850040254
-0.26591959959062655	0.9263096804836852
-0.26981595654693086	0.926799230630004
-0.2729330421119743	0.9271908707470591
-0.27579156697538654	0.9275402199404854
-0.2783923122932371	0.9278402461674716
-0.2815132066746577	0.9282002776398551
-0.28489283874256316	0.9286017305922347
-0.2880124991129375	0.9289723025482773
-0.290351292183002	0.9292581337065352
-0.29321098085584507	0.929597824666241
-0.2971089693059526	0.9300742099300041
-0.299707628272691	0.9303918001058462
-0.3020473735504716	0.9306697290728781
-0.3049058984138838	0.9310190782663045
-0.3069848255872745	0.9312731504069781
-0.3093226397610571	0.9315668804947694
-0.3124397253261007	0.9319585206118245
-0.3145177823694629	0.9322196140231945
-0.31763486793450635	0.9326112541402496
-0.31971292497786874	0.9328723475516196
-0.32283001054291216	0.9332639876686747
-0.32490806758627444	0.9335250810800447
-0.3277665924496866	0.933874430273471
-0.3301044066234693	0.9341681603612623
-0.3324431996935338	0.9344539915195201
-0.3353028883663769	0.9347936824792259
-0.33790260534168876	0.9351024924425948
-0.34024139841175327	0.9353883236008527
-0.34310108708459647	0.9357280145605584
-0.34543988015466087	0.9360138457188163
-0.34829956882750396	0.9363535366785221
-0.3503793424077535	0.9366005846492171
-0.35297905938306545	0.936909394612586
-0.355058832963315	0.9371564425832811
-0.3579173578267271	0.9375057917767073
-0.3607770464995703	0.9378454827364131
-0.36285682007981973	0.9380925307071082
-0.3654565370551317	0.9384013406704771
-0.3677972078411972	0.9386713642747647
-0.37039586680793546	0.9389889544506068
-0.3727356120857163	0.9392668834176389
-0.37533318338991917	0.9395932501818514
-0.37845026895496275	0.9399848902989064
-0.3810478402591656	0.9403112570631189
-0.38364755723447747	0.9406200670264878
-0.38598635030454187	0.9409058981847457
-0.3880652774779326	0.9411599703254193
-0.3906639364446709	0.9414775605012614
-0.3932625954114093	0.9417951506771035
-0.3953415225847998	0.9420492228177771
-0.3974204497581907	0.9423032949584508
-0.4002801384310339	0.9426429859181565
-0.4023599120112833	0.9428900338888516
-0.40495962898659515	0.9431988438522205
-0.40730029977266075	0.9434688674565082
-0.409380896026941	0.9437088884380972
-0.41172064130472186	0.9439868174051292
-0.414579166168134	0.9443361665985555
-0.4174388548409772	0.9446758575582612
-0.42029737970438924	0.9450252067516874
-0.4231547081390124	0.9453842101923212
-0.42679130796489634	0.9458411236622187
-0.4296498328283086	0.9461904728556451
-0.4327682235883946	0.9465715810666555
-0.4348471507617854	0.9468256532073291
-0.436926077935176	0.9470797253480028
-0.43900500510856666	0.9473337974886764
-0.4410839322819573	0.94758786962935
-0.44316285945534795	0.9478419417700237
-0.4452434557096284	0.9480819627516127
-0.44732238288301907	0.9483360348922864
-0.44914218476573725	0.9485522018666446
-0.451221958345987	0.9487992498373397
-0.4530424800684823	0.94900926819623
-0.45512140724187283	0.9492633403369036
-0.45694120912459135	0.9494795073112618
-0.4595387804287942	0.9498058740754743
-0.4613562982288762	0.9500404718153043
-0.4634334614289702	0.9503085835179671
-0.46525176134191215	0.9505370402529159
-0.46707082261862903	0.9507593533760053
-0.468889122531571	0.950987810110954
-0.4707081838082878	0.9512101232340434
-0.47304792908606863	0.9514880522010755
-0.4746077592712558	0.9516733381790968
-0.4764268205479726	0.9518956513021862
-0.4779860159280155	0.9520862054076915
-0.4798043158409577	0.9523146621426403
-0.4826628407043698	0.9526640113360665
-0.4844826425870881	0.9528801783104247
-0.4870823595624	0.9531889882737936
-0.4891621331426495	0.9534360362444887
-0.4907219633278368	0.9536213222225101
-0.49228179351302387	0.9538066082005314
-0.49384162369821116	0.9539918941785528
-0.4959213972784607	0.9542389421492479
-0.497481227463648	0.9544242281272692
-0.49930028874036464	0.9546465412503586
-0.5013792159137553	0.9549006133910323
-0.5029370883138256	0.9551016971680293
-0.5050142515139194	0.9553698088706921
-0.5068325514268615	0.9555982656056409
-0.5083910942093832	0.9557940856641685
-0.5102086120094651	0.9560286834039984
-0.5117678073895083	0.9562192375095037
-0.5138467345628989	0.9564733096501773
-0.5154059299429418	0.9566638637556826
-0.5169651253229849	0.9568544178611879
-0.5187849272057031	0.9570705848355461
-0.5203447573908904	0.9572558708135674
-0.5224245309711399	0.9575029187842625
-0.5237249036300651	0.9576529318977557
-0.5258054998843457	0.9578929528793447
-0.5278860961386259	0.9581329738609338
-0.5297058980213442	0.958349140835292
-0.5312657282065314	0.9585344268133134
-0.5330862499290266	0.9587444451722037
-0.5346454453090698	0.958934999277709
-0.5364637452220118	0.9591634560126577
-0.5382828064987286	0.9593857691357471
-0.5398420018787717	0.9595763232412524
-0.5411407875308731	0.9597395066233587
-0.54295984880759	0.9599618197464481
-0.5447781487205319	0.9601902764813969
-0.5465972099972488	0.9604125896044864
-0.5481564053772917	0.9606031437099916
-0.5497156007573346	0.9607936978154968
-0.5512747961373777	0.9609842519210021
-0.553094598020096	0.9612004188953603
-0.5546544282052832	0.9613857048733817
-0.556473489482	0.9616080179964711
-0.557773347969656	0.9617624229781555
-0.5595924092463729	0.9619847361012449
-0.5614122111290911	0.9622009030756031
-0.5627115406124603	0.9623596981635242
-0.5645313424951786	0.9625758651378824
-0.5660911726803658	0.9627611511159038
-0.5676510028655529	0.9629464370939251
-0.56921083305074	0.9631317230719465
-0.5707706632359271	0.9633170090499679
-0.5720699927192963	0.9634758041378889
-0.574148919892687	0.9637298762785625
-0.5754477055447884	0.9638930596606688
-0.5772667668215052	0.9641153727837583
-0.5783062304082004	0.9642424088540951
-0.5801260322909189	0.9644585758284533
-0.5816858624761059	0.9646438618064747
-0.5835049237528227	0.9648661749295641
-0.5850641191328656	0.9650567290350692
-0.5868839210155838	0.9652728960094275
-0.5884437512007712	0.9654581819874488
-0.5897430806841403	0.9656169770753699
-0.5915628825668587	0.9658331440497281
-0.5928622120502278	0.9659919391376491
-0.5941620705378838	0.9661463441193335
-0.5957219007230709	0.9663316300973549
-0.5972817309082581	0.9665169160753763
-0.5985810603916273	0.9666757111632973
-0.6001402557716703	0.9668662652688026
-0.6011797193583656	0.9669933013391394
-0.6027389147384086	0.9671838554446447
-0.6042981101184516	0.96737440955015
-0.6058573054984947	0.9675649636556553
-0.6068967690851899	0.9676919997259921
-0.608455964465233	0.9678825538314973
-0.6097558229528888	0.9680369588131817
-0.611055152436258	0.9681957539011028
-0.6123550109239138	0.9683501588827872
-0.613654340407283	0.9685089539707082
-0.6146938039939784	0.9686359900410451
-0.6162529993740212	0.9688265441465502
-0.6175528578616774	0.9689809491282347
-0.6188521873450464	0.9691397442161558
-0.6198916509317418	0.9692667802864926
-0.6211915094193977	0.969421185268177
-0.622751339604585	0.9696064712461984
-0.624050669087954	0.9697652663341194
-0.6250901326746494	0.9698923024044562
-0.6261295962613449	0.970019338474793
-0.6274294547490007	0.9701737434564774
-0.6287287842323699	0.9703325385443985
-0.6300286427200258	0.9704869435260829
-0.6310685295101505	0.9706104675114304
-0.6321084163002754	0.970733991496778
-0.6334077457836444	0.970892786584699
-0.6352260456965865	0.9711212433196478
-0.6362650742182676	0.9712517900253328
-0.637304102739949	0.9713823367310178
-0.6383431312616301	0.9715128834367028
-0.6396424607449993	0.9716716785246239
-0.6406819243316947	0.9717987145949607
-0.64172138791839	0.9719257506652975
-0.6427608515050853	0.9720527867356343
-0.6440607099927411	0.9722071917173187
-0.645100596782866	0.9723307157026663
-0.6461404835729908	0.9724542396880138
-0.6471803703631154	0.9725777636733614
-0.6482202571532402	0.9727012876587089
-0.6492601439433651	0.9728248116440564
-0.6503000307334896	0.972948335629404
-0.6510796284235111	0.9730436126821566
-0.6521190920102066	0.9731706487524934
-0.6531585555969017	0.9732976848228302
-0.6544573412490032	0.9734608682049365
-0.6552369389390248	0.9735561452576891
-0.65627640252572	0.9736831813280259
-0.6573158661124154	0.9738102173983627
-0.6586146517645168	0.973973400780469
-0.659913981247886	0.9741321958683901
-0.6606932526391469	0.9742301058976538
-0.6617331394292716	0.9743536298830013
-0.662512737119293	0.9744489069357539
-0.6638125956069489	0.9746033119174383
-0.6645921932969705	0.9746985889701909
-0.6656316568836658	0.9748256250405277
-0.6666711204703611	0.9749526611108645
-0.6677105840570565	0.9750796971812014
-0.6687500476437518	0.9752067332515382
-0.6695299627363452	0.9752993762405489
-0.6705698495264701	0.9754229002258964
-0.6716097363165949	0.9755464242112439
-0.672909065799964	0.975705219299165
-0.6739485293866594	0.9758322553695018
-0.6749879929733548	0.9759592914398386
-0.6757679080659482	0.9760519344288493
-0.6765475057559697	0.9761472114816019
-0.6775869693426652	0.9762742475519387
-0.6786264329293603	0.9764012836222755
-0.6796658965160557	0.9765283196926123
-0.6804451679073166	0.9766262297218761
-0.6814841964289977	0.9767567764275611
-0.6822637941190192	0.9768520534803137
-0.6833032577057147	0.9769790895506505
-0.6843427212924098	0.9771061256209873
-0.6851226363850035	0.977198768609998
-0.6861625231751283	0.9773222925953455
-0.6869421208651497	0.9774175696480981
-0.6877220359577433	0.9775102126371088
-0.6885016336477648	0.9776054896898614
-0.6895410972344602	0.9777325257601982
-0.6905805608211555	0.977859561830535
-0.6916200244078509	0.9779865979008718
-0.6923992957991117	0.9780845079301356
-0.6934383243207929	0.9782150546358206
-0.6947376538041621	0.9783738497237416
-0.6957771173908573	0.9785008857940785
-0.6968165809775526	0.9786279218644153
-0.698636382860271	0.9788440888387735
-0.6996762696503958	0.978967612824121
-0.7007161564405205	0.9790911368094686
-0.7017560432306452	0.9792146607948161
-0.7020161177624302	0.9792446634175147
-0.7020161177624302	0.9792446634175147
-0.7020161177624302	0.9792446634175147
-0.7020161177624302	0.9792446634175147
-0.7020161177624302	0.9792446634175147
-0.7017585030697895	0.9791980416459094
-0.7015020627308386	0.9791453418165853
-0.7015020627308386	0.9791453418165853
-0.701754594936998	0.9792143809671034
-0.7012544821446377	0.9790593233238685
-0.7017479002943001	0.9792345209476873
-0.7017479002943001	0.9792345209476873
-0.7017479002943001	0.9792345209476873
-0.7012778109366543	0.9790039311091511
-0.7015075674908741	0.9791294334806229
-0.7015075674908741	0.9791294334806229
-0.701724938159299	0.9792753406838738
-0.7015141824743363	0.9791200314416895
-0.7015141824743363	0.9791200314416895
-0.7019044734949722	0.9794690709767268
-0.7015311197587856	0.9791019706287516
-0.7015311197587856	0.9791019706287516
-0.7013619367738856	0.9789021806463392
-0.701203090130685	0.9786940781153697
-0.7014949045371869	0.9791288194522195
-0.7013601942484706	0.9789043376989165
-0.7013601942484706	0.9789043376989165
-0.7013601942484706	0.9789043376989165
-0.7014609930052818	0.9791459541927189
-0.701372561297541	0.9788995424387013
-0.701372561297541	0.9788995424387013
-0.7014364682096081	0.9791534219889648
-0.7014364682096081	0.9791534219889648
-0.7013747062169343	0.9786334785939024
-0.7013923802273323	0.9788946807164214
-0.7013968018828602	0.979156442761826
-0.701403876006957	0.9788947389670116
-0.701403876006957	0.9788947389670116
-0.701403876006957	0.9788947389670116
-0.7014504977785623	0.9786371242743709
-0.7014504977785623	0.9786371242743709
-0.7014504977785623	0.9786371242743709
-0.7014504977785623	0.9786371242743709
-0.7016455475337289	0.9781512114521306
-0.7014245323358183	0.9786258776086033
-0.7015453524645774	0.9783936246948678
-0.7015453524645774	0.9783936246948678
-0.7015453524645774	0.9783936246948678
-0.7018531161029925	0.9779700243871748
-0.7016887042882441	0.9781737587108004
-0.7016887042882441	0.9781737587108004
-0.7016887042882441	0.9781737587108004
-0.7014953373813921	0.9783502471205798
-0.7018983258271969	0.9780159478678796
-0.7018983258271969	0.9780159478678796
-0.7021152023735298	0.9778693072080926
-0.7021152023735298	0.9778693072080926
-0.7018841857767898	0.9779924747828951
-0.7021203867843026	0.9778795677259767
-0.7021203867843026	0.9778795677259767
-0.7018736777094714	0.9779671665378861
-0.7021245069419887	0.9778921757680088
-0.7021245069419887	0.9778921757680088
-0.70238180077566	0.977843814599633
-0.7018632159021105	0.9779161015744878
-0.7023846383268333	0.9778684116090413
-0.7023846383268333	0.9778684116090413
-0.7023846383268333	0.9778684116090413
-0.7021233227588785	0.9778525026996989
-0.7023834971571404	0.9778816266063917
-0.702126368157946	0.9778323965624623
-0.7026336925998756	0.9779619248930655
-0.7023836362036955	0.9778843960714481
-0.7026294448839083	0.9779744905340083
-0.7026294448839083	0.9779744905340083
-0.7023936266297759	0.9778607862224368
-0.7023936266297759	0.9778607862224368
-0.7028398367748313	0.9781347427596058
-0.702623955891517	0.9779866402151595
-0.7024158533605476	0.9778277935719588
-0.7024158533605476	0.9778277935719588
-0.7024158533605476	0.9778277935719588
-0.7024158533605476	0.9778277935719588
-0.7024158533605476	0.9778277935719588
-0.7024158533605476	0.9778277935719588
-0.7024158533605476	0.9778277935719588
-0.7025558336790891	0.9780490274524406
-0.7025558336790891	0.9780490274524406
-0.7026735046198589	0.9782828916633631
-0.7028864714281643	0.9787612229464382
-0.7026996563092953	0.9782720851446175
-0.7027805567692422	0.978521071158346
-0.7027123710791033	0.9782683071753256
-0.7027676669677455	0.9785242002861185
-0.7027236582565444	0.9782661263571942
-0.7027527821632371	0.9785263007554562
-0.7027527821632371	0.9785263007554562
-0.7027563195482089	0.9787880762439183
-0.7027563195482089	0.9787880762439183
-0.7027563195482089	0.9787880762439183
-0.7028903753995404	0.9777494946438713
-0.7030594319731102	0.9767160331853907
-0.7032097270462285	0.9759451494937326
-0.7035518677842374	0.9744120673642733
-0.7041347452719517	0.9721291073755901
-0.7046180193255785	0.9703613819324741
-0.705131080409773	0.9686020708806605
-0.7061608942428125	0.9653582211836692
-0.7070415422649946	0.962616384515536
-0.7078421313760693	0.960123805726324
-0.7085702355155914	0.9578829316027679
-0.7092039671051541	0.9558867164046195
-0.7098241976780942	0.9538862652351782
-0.710430898924054	0.9518816694048224
-0.7111553490895144	0.949365906319203
-0.7117076622936593	0.9473456486699277
-0.7122326277296245	0.9453181126934354
-0.7128545300057691	0.9427750575418259
-0.7134592370507248	0.9402278588187221
-0.7141893169586396	0.9369036956585495
-0.7148424907991081	0.9338307543419577
-0.7154126566624325	0.9310079684588287
-0.7160526472335133	0.9276652914693011
-0.7166434077606647	0.924579743478968
-0.7172133086521938	0.9214902746937358
-0.7178193916830623	0.9181412836894058
-0.7184477151381075	0.9145303505899932
-0.7189653552191303	0.911431697148963
-0.7195993173700171	0.9075562166796606
-0.7201064870907266	0.9044558323042186
-0.7206981850982209	0.9008387171995362
-0.7212898831057153	0.8972216020948539
-0.7218815811132097	0.8936044869901716
-0.7225852303415593	0.8892098737551901
-0.7231346642056612	0.885851124015128
-0.7237555311718521	0.8819735241019091
-0.7243350070069635	0.8783544308495715
-0.7248617364107036	0.8749920457552337
-0.7255910540466515	0.8703364356246122
-0.7262119210128424	0.8664588357113933
-0.7267913968479538	0.8628397424590556
-0.7273708726830652	0.859220649206718
-0.7279203065471671	0.8558618994666559
-0.728541173513358	0.851984299553437
-0.7291751356642449	0.8481088190841345
-0.730020418532094	0.8429415117917312
-0.7306121165395884	0.8393243966870488
-0.7313728711206525	0.8346738201238858
-0.7319645691281469	0.8310567050192034
-0.7325253458825883	0.8276998304580874
-0.7331292593104484	0.8240847347768856
-0.7337632214613352	0.8202092543075831
-0.7344673608405525	0.8160800714447941
-0.7349954653749655	0.8129831842977024
-0.7356686690767996	0.8091143274054745
-0.7362407823224137	0.8057593663294585
-0.7370037465178257	0.8013746618516003
-0.7376320699728709	0.7977637287521876
-0.7382922006408872	0.7938926198183229
-0.7389083225977023	0.7902795848133827
-0.7395815262995364	0.7864107279211547
-0.7403592978935625	0.7820286257921353
-0.740999815676878	0.778419835803531
-0.7416403334601935	0.7748110458149268
-0.7422808512435091	0.7712022558263225
-0.7429801778175881	0.767338035436711
-0.7439126132496935	0.7621857415838956
-0.7445653180521673	0.7585791358869249
-0.7452180228546411	0.7549725301899542
-0.7458707276571149	0.7513659244929835
-0.7465234324595886	0.7477593187960128
-0.7473626243484834	0.743122254328479
-0.7479800169809733	0.7397753298111442
-0.7487398848363455	0.7356560380975014
-0.7496897196555606	0.7305069234554478
-0.7508020265282052	0.7245891652810054
-0.7517692498957221	0.7194432886075771
-0.7527364732632391	0.714297411934149
-0.7538386371327734	0.7086442648619894
-0.7548724680552885	0.7032445558789063
-0.755984774927933	0.6973267977044639
-0.7566247654990138	0.6939841207149364
-0.7574764375800176	0.6896157797955403
-0.7582502162740312	0.6854990784567978
-0.7589886669329705	0.6816421434688814
-0.7597401422985621	0.6777877250105908
-0.761561379395703	0.6690748560042002
-0.7631163772047694	0.6613763490502119
-0.7641530424108137	0.6562440110808864
-0.7649823745756491	0.6521381407054259
-0.7657468660726154	0.6482862827605157
-0.7673002741848827	0.6408547180197708
-0.7687699153259367	0.6339406000574392
-0.76959935365557	0.6301022033955455
-0.7704158209561556	0.6262610267498057
-0.7711778571033688	0.6226759285471152
-0.7720487555573269	0.6185786734583262
-0.7729196540112849	0.6144814183695371
-0.7736574516218221	0.6108912536242253
-0.7743952492323593	0.6073010888789134
-0.7751987361869802	0.6034571760819765
-0.7759892336268415	0.599610570997714
-0.7767927205814624	0.5957666582007769
-0.7774778183626755	0.592432933794416
-0.7782156159732126	0.5888427690491042
-0.7789534135837498	0.5852526043037924
-0.7797966108529352	0.581149558880579
-0.7806398081221205	0.5770465134573656
-0.7813533335192892	0.573451446042116
-0.7820668589164578	0.5698563786268664
-0.7827803843136264	0.5662613112116168
-0.7834696049286364	0.5626615052228948
-0.7848480461586564	0.5554618932454507
-0.7855372667736664	0.5518620872567287
-0.7863527243704306	0.5477534387821578
-0.7870419449854407	0.5441536327934356
-0.7878936170664445	0.5397852918740398
-0.78859499407433	0.5361878346463018
-0.7892963710822155	0.532590377418564
-0.7900348217411548	0.5287334424306475
-0.7907862971067464	0.5248790239723569
-0.7915507886037128	0.5210271660274466
-0.7922643140008814	0.517432098612197
-0.7931159860818852	0.513063757692801
-0.7938173630897707	0.509466300465063
-0.7946837867863326	0.5051008614608314
-0.7953973121835012	0.5015057940455819
-0.7961108375806698	0.4979107266303323
-0.7968623129462614	0.49405630817204177
-0.7976268044432278	0.49020445022713155
-0.7983782798088194	0.48635003176884095
-0.7990796568167049	0.4827525745411031
-0.7997196473877857	0.4794098975515755
-0.8004971462923188	0.47556064407458126
-0.8012616377892852	0.47170878612967104
-0.8020391366938183	0.4678595326526768
-0.8027016959911891	0.4645212557670879
-0.8034152213883577	0.4609261883518384
-0.8041287467855264	0.4573311209365888
-0.804916427488395	0.4532170569494779
-0.8056299528855636	0.44962198953422833
-0.8062812315357429	0.44628149353704316
-0.8069437908331137	0.44294321665145425
-0.8076952661987054	0.4390887981931637
-0.808496839922003	0.4349774185043204
-0.8091368304930838	0.4316347415147928
-0.8098260511080938	0.4280349355260707
-0.8104909354815444	0.4244305552766333
-0.8112163530071822	0.4205711477715621
-0.8121487884392876	0.41541885391874683
-0.812861164553699	0.41155701793720667
-0.8135260489271495	0.4079526376877691
-0.8142514664527872	0.404093230182698
-0.814904171255261	0.40048662448572725
-0.8157433631441559	0.3958495600181935
-0.8163607557766457	0.3925026355008586
-0.8170012735599612	0.38889384551225437
-0.8177938436772508	0.38451439573736146
-0.8185397920229351	0.38039256065510924
-0.819192496825409	0.3767859549581385
-0.8198452016278828	0.3731793492611678
-0.8205314706814352	0.3693127885590918
-0.8212634910052243	0.3651884571435441
-0.8219628175793033	0.36132423675393255
-0.822615522381777	0.3577176310569619
-0.8233336063304001	0.35359085037191884
-0.8240198753839525	0.34972428966984287
-0.8247192019580315	0.34586006928023144
-0.8254315780724428	0.3419982332986913
-0.826163598396232	0.33787390188314353
-0.826862924970311	0.3340096814935321
-0.8275156297727848	0.33040307579656136
-0.8283229893691177	0.3260263283508158
-0.8289878737425683	0.3224219481013784
-0.829652758116019	0.3188175678519409
-0.8303847784398082	0.31469323643639324
-0.8311167987635973	0.3105689050208455
-0.8320666335828125	0.305419790378792
-0.8327315179562632	0.3018154101293545
-0.8333964023297138	0.29821102987991693
-0.834156270185086	0.2940917381662741
-0.834855596759165	0.2902275177766626
-0.8355679728735764	0.28636568179512245
-0.8361378737651055	0.2832762130098903
-0.836743956795974	0.27992722200556036
-0.8377696357712899	0.2742596987674636
-0.8383644022843686	0.2709086794923311
-0.8389704853152371	0.26755968848800116
-0.8396885692638602	0.263432907802958
-0.8402833357769389	0.26008188852782543
-0.8410754925785584	0.25543655780718794
-0.8416589357868146	0.2520835485005905
-0.8422872592418598	0.2484726154011778
-0.8428593724874739	0.24511765432516175
-0.8435635118666912	0.24098847146237287
-0.8441796338235064	0.2373754364574326
-0.8447404105779478	0.2340185618963166
-0.8453125238235619	0.23066360082030055
-0.8459887501178412	0.22652975498637784
-0.8466358002191199	0.22265643818509015
-0.8473839483095383	0.21826918139337692
-0.8479447250639798	0.2149123068322609
-0.8485486384918398	0.21129721115105912
-0.8491826006427267	0.20742173068175657
-0.8499159240908424	0.2030319716402972
-0.8504880373364565	0.19967701056428122
-0.8511350874377351	0.1958036937629935
-0.851769049588622	0.19192821329369097
-0.8523607475961164	0.1883110981890087
-0.853007797697395	0.18443778138772102
-0.8536417598482818	0.1805623009184185
-0.8543750832963976	0.1761725418769592
-0.8549471965420117	0.17281758080094312
-0.8557101607374237	0.16843287632308487
-0.85637029140544	0.16456176738922024
-0.8569864133622551	0.16094873238427995
-0.8576025353190703	0.15733569737933958
-0.8582495854203489	0.15346238057805195
-0.8589680758580206	0.14907016937950912
-0.859559773865515	0.14545305427482674
-0.8602068239667936	0.14157973747353908
-0.8608107373946536	0.13796464179233714
-0.8616734708630251	0.13280021939062023
-0.8623636576377223	0.12866868146924668
-0.8629976197886091	0.12479320099994426
-0.8636446698898878	0.12091988419865655
-0.8641941037539896	0.1175611344585944
-0.8649274272021054	0.11317137541713503
-0.8655313406299654	0.10955627973593325
-0.8661108164650769	0.10593718648359549
-0.8667447786159638	0.10206170601429303
-0.8673120256661454	0.09844067591269846
-0.8679037236736398	0.09482356080801616
-0.8684954216811341	0.09120644570333379
-0.8690871196886285	0.08758933059865152
-0.8696543667388101	0.0839683004970569
-0.8702460647463045	0.08035118539237464
-0.8710913476141536	0.07518387809997121
-0.8716585946643353	0.07156284799837664
-0.8721966793683673	0.06820226140692022
-0.8728306415192542	0.06432678093761776
-0.8733978885694358	0.06070575083602314
-0.8739651356196174	0.057084720734428634
-0.8745568336271118	0.05346760562974632
-0.8751777005933027	0.04959000571652741
-0.8756743941662554	0.046487925785952344
-0.8763366522635256	0.042351819211852146
-0.8769444169601489	0.03847214410300079
-0.8774306287174475	0.03536840401591976
-0.8781045716080377	0.030969137179064604
-0.8786595834002885	0.02734621154871331
-0.8792938825914323	0.023205725114026042
-0.879848894383683	0.0195827994836748
-0.8804039061759337	0.015959873853323557
-0.8809589179681845	0.012336948222972209
-0.8815652293006834	0.00819227091975567
-0.8821467688016889	0.004308578258708427
-0.8827151856759066	0.0004229432869429558
-0.8834518023771801	-0.004496400750383604
-0.884614881379191	-0.012263786072478145
-0.8853681116686741	-0.017180613713669114
-0.8863195604553897	-0.02339134336570002
-0.8870893957377791	-0.02830559850357839
-0.8879807839594932	-0.03399578866322697
-0.8885754394511904	-0.037877494695746305
-0.8892097386423341	-0.04201798113043337
-0.8897364680460742	-0.04538036622477124
-0.8908068479311293	-0.052367437083306004
-0.89136185972338	-0.055990362713657246
-0.8918923821393165	-0.0596169553539716
-0.892473921640322	-0.063500648015019
-0.8930685771320193	-0.06738235404753813
-0.8936501166330247	-0.07126604670858543
-0.8942173636832065	-0.0748870768101801
-0.8947327317760108	-0.07825122203836352
-0.8953122076111222	-0.08187031529070102
-0.8960820428935116	-0.08678457042857948
-0.8966766983852088	-0.09066627646109866
-0.8972034277889489	-0.09402866155543654
-0.8976896395462475	-0.09713240164251763
-0.8982842950379447	-0.10101410767503691
-0.8988658345389501	-0.10489780033608405
-0.8993310661397544	-0.10800475446492189
-0.8998493347167622	-0.11163311854459748
-0.9003921049177006	-0.11525789836157503
-0.900884732875356	-0.11862544867043842
-0.9013394663747302	-0.1217339566478508
-0.9018434672756015	-0.1250998236207584
-0.9023086988764059	-0.1282067777495962
-0.9029033543681031	-0.1320884837821155
-0.903379078761461	-0.13519384860813097
-0.9038548031548188	-0.1382992134341464
-0.9046476771437485	-0.1434748214775053
-0.905229216644754	-0.14735851413855264
-0.9057445847375583	-0.15072265936673596
-0.9062203091309161	-0.15382802419275138
-0.906696033524274	-0.1569333890187668
-0.9072000344251453	-0.16029925599167438
-0.9077154025179496	-0.16366340121985778
-0.9082704143102003	-0.16728632685020892
-0.9087461387035581	-0.17039169167622434
-0.9092501396044296	-0.17375755864913203
-0.9097655076972339	-0.1771217038773154
-0.9102695085981053	-0.18048757085022304
-0.9107347401989097	-0.18359452497906092
-0.911199971799714	-0.18670147910789867
-0.9116652034005184	-0.1898084332367365
-0.912151415157817	-0.19291217332381752
-0.9126667832506212	-0.1962763185520009
-0.9131425076439791	-0.19938168337801637
-0.9136975194362299	-0.20300460900836767
-0.9141239817369672	-0.20585265029313565
-0.9146667519379056	-0.20947743011011316
-0.9150544449385759	-0.21206655855081133
-0.9155972151395143	-0.2156913383677888
-0.9160624467403187	-0.21879829249662655
-0.916450139740989	-0.22138742093732477
-0.9169929099419274	-0.22501220075430223
-0.9176411922849922	-0.22915052087041043
-0.9180772729789035	-0.23199710529425788
-0.9185812738797748	-0.23536297226716546
-0.9190173545736862	-0.2382095566910129
-0.9195440839774263	-0.24157194178535057
-0.9199492604418418	-0.2441583918579183
-0.9204354721991403	-0.24726213194499932
-0.9209216839564389	-0.2503658720320804
-0.9213577646503502	-0.2532124564559278
-0.921754201644815	-0.2558002604776073
-0.9223885008359588	-0.25994074691229463
-0.9228341949468158	-0.2627858419921189
-0.9232702756407272	-0.26563242641596635
-0.923666712635192	-0.2682202304376458
-0.9240631496296567	-0.2708080344593254
-0.92441207333026	-0.27313825005595366
-0.924828912371353	-0.27598771570191505
-0.9253329132722243	-0.2793535826748226
-0.925673963396755	-0.281684963657882
-0.9260529079795669	-0.28427538697239235
-0.9264793702803041	-0.28712342825716025
-0.9268670632809745	-0.2897125566978585
-0.9272547562816448	-0.2923016851385568
-0.9276115495766631	-0.2946307087580684
-0.927976208394637	-0.2969585138233791
-0.9283813848590525	-0.2995449638959467
-0.928786561323468	-0.30213141396851423
-0.9291917377878836	-0.30471786404108175
-0.9296278184817949	-0.3075644484649292
-0.9299449680773667	-0.3096346916822728
-0.9303414050718316	-0.31222249570395244
-0.9307678673725689	-0.3150705369887204
-0.9311847064136619	-0.31792000263468173
-0.9315336301142652	-0.3202502182313102
-0.9319213231149355	-0.32283934667200836
-0.9322623732394661	-0.3251707276550676
-0.9326888355402034	-0.32801876893983556
-0.9330765285408738	-0.3306078973805337
-0.9334642215415441	-0.3331970258212319
-0.9338519145422144	-0.33578615426193015
-0.9342396075428847	-0.3383752827026283
-0.934627300543555	-0.34096441114332665
-0.9349840938385734	-0.34329343476283825
-0.9353805308330382	-0.3458812387845177
-0.9357294545336414	-0.3482114543811461
-0.9362448226264457	-0.3515755996093294
-0.9368791218175895	-0.35571608604401656
-0.9372755588120543	-0.358303890065696
-0.937671995806519	-0.3608916940873755
-0.9380984581072564	-0.36373973537214377
-0.9385636897080608	-0.36684668950098137
-0.9388738441085971	-0.36891799225354
-0.9392615371092674	-0.37150712069423825
-0.9396183304042858	-0.37383614431374973
-0.939967254104889	-0.3761663599103781
-0.9403240473999074	-0.3784953835298897
-0.9407029919827192	-0.3810858068444001
-0.9410519156833225	-0.38341602244102835
-0.9414087089783408	-0.38574504606054
-0.9417576326789441	-0.38807526165716827
-0.9421453256796144	-0.3906643900978664
-0.9424554800801507	-0.3927356928504249
-0.942812273375169	-0.3950647164699367
-0.9431769321931429	-0.3973925215352474
-0.9435337254881613	-0.399721545154759
-0.9438508750837331	-0.40179178837210255
-0.9441997987843364	-0.4041220039687308
-0.9445565920793547	-0.4064510275882425
-0.9448737416749265	-0.40852127080558603
-0.9452226653755298	-0.4108514864022143
-0.9455328197760661	-0.41292278915477293
-0.9458896130710844	-0.4152518127742844
-0.9462385367716877	-0.4175820283709128
-0.946595330066706	-0.41991105199042444
-0.9468789535917969	-0.42172156704122166
-0.9472357468868152	-0.42405059066073314
-0.9475668759354503	-0.4261186439477832
-0.9478840255310221	-0.4281888871651269
-0.948201175126594	-0.43025913038247043
-0.9484725602270632	-0.4320715202909593
-0.9487827146275994	-0.4341428230435178
-0.9490928690281356	-0.4362141257960762
-0.9494030234286719	-0.43828542854863484
-0.9498391041225832	-0.4411320129724823
-0.9501104892230524	-0.44294440288097103
-0.9504346303945848	-0.44501356293902505
-0.9507121362907102	-0.44682502575420063
-0.9509835213911794	-0.4486374156626895
-0.9513076625627117	-0.4507065757207435
-0.951550768441361	-0.45225844576428387
-0.9518749096128934	-0.4543276058223381
-0.9521990507844258	-0.45639676588039213
-0.9524765566805512	-0.4582082286955676
-0.9527479417810204	-0.46002061860405646
-0.9530254476771458	-0.46183208141923204
-0.9533425972727176	-0.4639023246365756
-0.9536457529389671	-0.46597466328818393
-0.9538731196886542	-0.46752891727689
-0.9541762753549037	-0.46960125592849844
-0.9544036421045907	-0.4711555099172045
-0.9546750272050599	-0.47296789982569326
-0.9549402884130281	-0.4747811961458504
-0.9552116735134973	-0.47659358605433905
-0.9554891794096227	-0.47840504886951474
-0.9557728029347136	-0.48021556392031206
-0.9560969441062459	-0.4822847239783661
-0.9563400499848952	-0.48383659402190654
-0.9565831558635445	-0.48538846406544717
-0.9568606617596699	-0.48719992688062275
-0.9571442852847607	-0.48901044193141996
-0.95738739116341	-0.4905623119749606
-0.9576648970595354	-0.49237377479013605
-0.9579027592562143	-0.4939264572031439
-0.9581863827813051	-0.4957369722539412
-0.9584638886774305	-0.4975484350691169
-0.9587352737778997	-0.49936082497760553
-0.9589678895783018	-0.5009143020420245
-0.95923315078627	-0.5027275983621816
-0.9595045358867392	-0.5045399882706703
-0.9598747277274591	-0.5071316768990101
-0.960096842831891	-0.5086866900760139
-0.9603621040398593	-0.5104999863961711
-0.9605894707895464	-0.5120542403848773
-0.9608926264557959	-0.5141265790364856
-0.9611640115562651	-0.5159389689449742
-0.9614741659568014	-0.5180102716975327
-0.9618309592518197	-0.5203392953170445
-0.9622766533626768	-0.5231843903968686
-0.9626007945342092	-0.5252535504549228
-0.9630059709986247	-0.5278400005274904
-0.9633627642936431	-0.5301690241470018
-0.9637592012881079	-0.5327568281686814
-0.9640305863885771	-0.5345692180771702
-0.9643407407891134	-0.5366405208297287
-0.9645733565895155	-0.5381939978941476
-0.9648059723899176	-0.5397474749585665
-0.9650712335978858	-0.5415607712787236
-0.9652986003475729	-0.5431150252674298
-0.9655699854480421	-0.5449274151759186
-0.9658352466560103	-0.5467407114960757
-0.9661066317564795	-0.5485531014045646
-0.9663392475568816	-0.5501065784689833
-0.9665718633572838	-0.5516600555334022
-0.9668493692534093	-0.5534715183485778
-0.9670872314500881	-0.5550242007615855
-0.967325093646767	-0.5565768831745932
-0.9676422432423389	-0.558647126391937
-0.9678448314745467	-0.5599403514282206
-0.9681223373706721	-0.5617518142433965
-0.968360199567351	-0.5633044966564041
-0.9685540460676861	-0.5645990608767533
-0.9688193072756545	-0.5664123571969106
-0.9690131537759896	-0.5677069214172595
-0.9694008467766599	-0.5702960498579577
-0.9696334625770622	-0.5718495269223767
-0.9698660783774643	-0.5734030039867954
-0.9700986941778664	-0.5749564810512142
-0.9703313099782687	-0.5765099581156332
-0.9705639257786708	-0.578063435180052
-0.9707621442759032	-0.5793573371908918
-0.9710000064725821	-0.5809100196038994
-0.9712025947047899	-0.5822032446401832
-0.9714457005834392	-0.5837551146837237
-0.9716888064620884	-0.5853069847272643
-0.9719319123407377	-0.5868588547708047
-0.9721301308379702	-0.5881527567816445
-0.9724015159384394	-0.5899651466901331
-0.9726341317388416	-0.5915186237545521
-0.9727892089391097	-0.5925542751308313
-0.9729786812305156	-0.5938494867880865
-0.9732500663309848	-0.5956618766965751
-0.9734395386223906	-0.5969570883538303
-0.9736333851227258	-0.5982516525741793
-0.9738316036199582	-0.5995455545850191
-0.9740694658166371	-0.6010982369980268
-0.974228040614423	-0.6021333586066986
-0.9744659028111019	-0.6036860410197062
-0.9746597493114371	-0.6049806052400554
-0.9748579678086695	-0.606274507250895
-0.9750958300053484	-0.6078271896639028
-0.9752984182375561	-0.6091204147001864
-0.9754966367347886	-0.6104143167110262
-0.9756552115325745	-0.6114494383196981
-0.9758930737292534	-0.6130021207327057
-0.9760516485270393	-0.6140372423413776
-0.9762454950273745	-0.6153318065617265
-0.9764005722276425	-0.6163674579380058
-0.9766331880280448	-0.6179209350024248
-0.9767882652283129	-0.618956586378704
-0.9770657711244383	-0.6207680491938798
-0.9772243459222242	-0.6218031708025515
-0.9774181924225593	-0.6230977350229007
-0.9776164109197918	-0.6243916370337405
-0.9777749857175777	-0.625426758642412
-0.9779688322179129	-0.6267213228627613
-0.9781670507151453	-0.6280152248736011
-0.9783256255129312	-0.6290503464822726
-0.9784842003107171	-0.6300854680909445
-0.9786427751085031	-0.6311205896996164
-0.978801349906289	-0.632155711308288
-0.9789951964066241	-0.6334502755286371
-0.9791502736068922	-0.6344859269049165
-0.9793053508071603	-0.6355215782811956
-0.9794948230985662	-0.6368167899384508
-0.9796533978963521	-0.6378519115471225
-0.979891260093031	-0.6394045939601303
-0.9800498348908169	-0.6404397155688019
-0.9802084096886028	-0.6414748371774737
-0.9803669844863887	-0.6425099587861456
-0.9805255592841746	-0.6435450803948172
-0.9806418671843757	-0.6443218189270267
-0.9808400856816082	-0.6456157209378666
-0.9809986604793941	-0.6466508425465382
-0.9811149683795952	-0.6474275810787476
-0.9812700455798633	-0.648463232455027
-0.9814251227801314	-0.6494988838313063
-0.9815801999803995	-0.6505345352075856
-0.9817352771806676	-0.651570186583865
-0.9818903543809356	-0.6526058379601443
-0.9820454315812037	-0.6536414893364236
-0.9822005087814718	-0.654677140712703
-0.9823987272787043	-0.6559710427235427
-0.9825573020764902	-0.6570061643322145
-0.9826365894753831	-0.6575237251365502
-0.982874451672062	-0.659076407549558
-0.982953739070955	-0.659593968353894
-0.9831916012676338	-0.6611466507669016
-0.9833501760654197	-0.6621817723755734
-0.9835087508632057	-0.663216893984245
-0.9836250587634068	-0.6639936325164546
-0.9838232772606392	-0.6652875345272944
-0.9839395851608403	-0.6660642730595039
-0.9840946623611084	-0.667099924435783
-0.9842497395613766	-0.6681355758120624
-0.984368670659716	-0.668911917018566
-0.9845272454575019	-0.6699470386272379
-0.9846858202552878	-0.6709821602359097
-0.9848073731946124	-0.6717580952576798
-0.9849694437803787	-0.6727926752867069
-0.9851315143661449	-0.673827255315734
-0.985293584951911	-0.6748618353447609
-0.9854125160502505	-0.6756381765512648
-0.9855288239504516	-0.6764149150834743
-0.9856839011507197	-0.6774505664597537
-0.9858389783509878	-0.6784862178360328
-0.9859526617258313	-0.679263344830386
-0.986104239558956	-0.6802995141561902
-0.9862558173920807	-0.6813356834819941
-0.9863721252922818	-0.6821124220142037
-0.9865272024925499	-0.6831480733904831
-0.986682279692818	-0.6841837247667625
-0.9868012107911573	-0.6849600659732662
-0.9869597855889433	-0.6859951875819381
-0.9871183603867292	-0.6870303091906099
-0.9872769351845151	-0.6880654307992815
-0.9873932430847162	-0.6888421693314911
-0.9875483202849843	-0.6898778207077705
-0.9877033974852524	-0.6909134720840499
-0.9878223285835918	-0.6916898132905536
-0.9880161750839269	-0.6929843775109027
-0.9881351061822664	-0.6937607187174066
-0.9882514140824674	-0.6945374572496159
-0.9884840298828697	-0.6960909343140349
-0.9886391070831377	-0.6971265856903143
-0.9887941842834058	-0.6981622370665935
-0.9889078676582493	-0.6989393640609466
-0.989059445491374	-0.6999755333867508
-0.9891757533915752	-0.7007522719189602
-0.9891757533915752	-0.7007522719189602
-0.9892153970910217	-0.7010110523211281
-0.9892524162750936	-0.7012702211839621
-0.9892524162750936	-0.7012702211839621
-0.9892815401817864	-0.7015303955822241
-0.9892815401817864	-0.7015303955822241
-0.9892815401817864	-0.7015303955822241
-0.9892815401817864	-0.7015303955822241
-0.9892815401817864	-0.7015303955822241
-0.9892709306101405	-0.7017919799021699
-0.989291250734339	-0.7015309703008052
-0.9892612481116404	-0.7017910448325902
-0.9892612481116404	-0.7017910448325902
-0.9892111497539343	-0.702048006063143
-0.9892111497539343	-0.702048006063143
-0.9892111497539343	-0.702048006063143
-0.9892111497539343	-0.702048006063143
-0.9892111497539343	-0.702048006063143
-0.9892111497539343	-0.702048006063143
-0.9893288206947041	-0.7018141418522206
-0.9893288206947041	-0.7018141418522206
-0.9893288206947041	-0.7018141418522206
-0.9891799897388164	-0.7020295212059702
-0.9891799897388164	-0.7020295212059702
-0.9891799897388164	-0.7020295212059702
-0.9893622745232757	-0.7018416085219741
-0.9893622745232757	-0.7018416085219741
-0.9893622745232757	-0.7018416085219741
-0.9893622745232757	-0.7018416085219741
-0.9893622745232757	-0.7018416085219741
-0.9893622745232757	-0.7018416085219741
-0.9895937058681706	-0.701719222035579
-0.9898302869337137	-0.7016071135217251
-0.9898302869337137	-0.7016071135217251
-0.9898302869337137	-0.7016071135217251
-0.9900821065297769	-0.7015355187559208
-0.989826213418984	-0.701590814644563
-0.9890502783972137	-0.7017123675838877
-0.987749406405904	-0.7018579871173515
-0.9861825608348875	-0.7019693246979725
-0.9840901849326678	-0.7020612699465636
-0.9809490403878125	-0.7021143298128983
-0.9785928458976202	-0.7021143298128983
-0.9767603442872922	-0.7020957582945504
-0.9744043648911332	-0.7020639218298041
-0.9720485064824919	-0.7020241269300531
-0.9702160780632572	-0.7019993652352505
-0.9678598970166337	-0.7019914058920003
-0.9657656094619731	-0.702012630484398
-0.9634098989241517	-0.7020603833650441
-0.9613166986931612	-0.7021311197623923
-0.9592246453249242	-0.7022301326371965
-0.9568723349622069	-0.7023653673704034
-0.954783207534185	-0.7025138174778981
-0.951129073115079	-0.702798299216677
-0.9485204095103638	-0.7030191297911798
-0.945393879540972	-0.703326399626315
-0.9409661244843014	-0.7037766583072517
-0.9378428689344345	-0.7041155966074104
-0.9339402529605054	-0.704552455207802
-0.9310794331108698	-0.7048824840574869
-0.9276998010429643	-0.7052839370098665
-0.9243215443862045	-0.7056968042384612
-0.9206865087860404	-0.706165999718121
-0.9167869333230725	-0.7066292146631743
-0.9134086766663126	-0.707042081891769
-0.9100318339708489	-0.7074663586852453
-0.906653577314089	-0.70787922591384
-0.9024992509139015	-0.7084154493191656
-0.8986028939575972	-0.7089049994654844
-0.8949662941317131	-0.709361912935382
-0.8913296943058291	-0.7098188264052796
-0.8882126087407856	-0.7102104665223347
-0.8835369803932204	-0.7107979266979173
-0.8796422993930445	-0.71130063614041
-0.8760072637928804	-0.7117698316200698
-0.8723722281927162	-0.7122390270997296
-0.8687371925925521	-0.7127082225793895
-0.8645828661923645	-0.713244445984715
-0.8612060234969007	-0.7136687227781914
-0.8570535321893308	-0.71421897664712
-0.8534201022952072	-0.7147004487824326
-0.8497866724010835	-0.7151819209177451
-0.8451151196800674	-0.7158009565202899
-0.8417427500058449	-0.7162594324387133
-0.8378497894049981	-0.7167752954408338
-0.8339551084048222	-0.7172780048833265
-0.8305812092174217	-0.717725086151831
-0.8261711873357461	-0.7183246315836154
-0.8228003856576742	-0.7187944969201717
-0.8189128527151647	-0.7193497846812514
-0.8150234661635433	-0.7198919369926625
-0.8113933720486965	-0.7203979458166462
-0.80724869474548	-0.7210042571491451
-0.8036221021051656	-0.7215347795650816
-0.7971492810034202	-0.7225040120667573
-0.7937851357752368	-0.7230193801595616
-0.7896446493405496	-0.7236536793507053
-0.7860217237101983	-0.7242086911429562
-0.7818856171360982	-0.7248709492402264
-0.778526867396036	-0.7254203831043283
-0.7749097522913537	-0.7260120811118227
-0.770775906457431	-0.726688307406102
-0.7669025896561433	-0.7273353575073807
-0.7635476285801274	-0.7279074707529948
-0.759934593575187	-0.7285235927098099
-0.7560657366829591	-0.729196796411644
-0.751938955997916	-0.7299148803602671
-0.7485839949219	-0.7304869936058812
-0.7447151380296722	-0.7311601973077153
-0.7413601769536562	-0.7317323105533294
-0.736975472475798	-0.7324952747487414
-0.7328439345544244	-0.7331854615234387
-0.7292330014550118	-0.7338137849784838
-0.7256220683555992	-0.734442108433529
-0.7220111352561865	-0.7350704318885741
-0.7184002021567739	-0.7356987553436193
-0.7142686642354004	-0.7363889421183164
-0.7106535685541985	-0.7369928555461764
-0.7070384728729967	-0.7375967689740365
-0.7034233771917948	-0.7382006824018965
-0.6990361204000816	-0.738948830492315
-0.6944019172222333	-0.7398036818296087
-0.6894957159406023	-0.7406232786245616
-0.6858806202594004	-0.7412271920524216
-0.6817538395743574	-0.7419452760010447
-0.6781387438931555	-0.7425491894289047
-0.6737514871014423	-0.7432973375193231
-0.6698781703001546	-0.7439443876206018
-0.6662630746189527	-0.7445483010484618
-0.6616150944574075	-0.7453247611699961
-0.657238347011662	-0.7461321207663291
-0.651821947362543	-0.7470746059488967
-0.6484709280874104	-0.7476693724619755
-0.6438310552449191	-0.7484928953262384
-0.6402222652563149	-0.749133413109554
-0.6368732742519849	-0.7497394961404225
-0.6332666685550142	-0.7503922009428963
-0.6291398878699712	-0.7511102848915193
-0.6245028234024375	-0.7519494767804141
-0.6209007097310377	-0.752626533137676
-0.617298596059638	-0.7533035894949379
-0.6136964823882383	-0.7539806458521998
-0.6100990251605004	-0.7546820228600853
-0.6059876454716571	-0.755483596583383
-0.6021357875267468	-0.7562480880803494
-0.5985407201114973	-0.756961613477518
-0.5949456526962477	-0.7576751388746866
-0.5910912342379571	-0.7584266142402782
-0.5869853638624966	-0.7592559464051136
-0.5836516394561357	-0.7599410441863267
-0.5792952049529404	-0.7608516627348971
-0.5751950313028743	-0.7617087154864929
-0.5710948576528082	-0.7625657682380886
-0.5675072057090004	-0.7633156893957349
-0.5639195537651924	-0.7640656105533812
-0.5603269171866646	-0.7647912761976121
-0.556480312102402	-0.7655817736374734
-0.5523716636278311	-0.7663972312342375
-0.5492901772719029	-0.7670088244318106
-0.5454409237949087	-0.7677863233363438
-0.5418482872163808	-0.7685119889805748
-0.5385100103307919	-0.7691745482779456
-0.534141669411396	-0.7700262203589494
-0.530803392525807	-0.7706887796563202
-0.5269489740675164	-0.7714402550219118
-0.5238654393008839	-0.7720414353143851
-0.5197540596120406	-0.7728430090376828
-0.5151349554396475	-0.7737760077231226
-0.510503666433562	-0.774646508753888
-0.5066467314456456	-0.7753849594128273
-0.5030469254569236	-0.7760741800278372
-0.49918270506731216	-0.7767735066019162
-0.495320869085772	-0.7774858827163277
-0.49146146158070086	-0.7782113002419655
-0.4878593479093011	-0.7788883565992274
-0.4842572342379013	-0.7795654129564893
-0.47988048679215584	-0.7803727725528222
-0.47627610654271835	-0.7810376569262728
-0.47293128670498996	-0.7816663521151589
-0.4680396277950391	-0.7825686951934133
-0.4636656326226251	-0.7833908350558028
-0.4595489312838826	-0.7841646137498164
-0.45620625429435496	-0.7848046043208972
-0.4523468467892838	-0.785530021846535
-0.44848501080774367	-0.7862423979609463
-0.44463059234945307	-0.7869938733265379
-0.4405138910107105	-0.7877676520205515
-0.4371712140211828	-0.7884076425916323
-0.43331679556289227	-0.7891591179572239
-0.429464937617982	-0.7899236094541903
-0.42535628914341106	-0.7907390670509544
-0.4217612217281615	-0.791452592448123
-0.41842520204809985	-0.7921264248320519
-0.4150869251625109	-0.7927889841294227
-0.41123250670422035	-0.7935404594950143
-0.40712112701537706	-0.794342033218312
-0.4035236697876392	-0.7950434102261975
-0.4004401350210067	-0.7956445905186708
-0.39658827707609645	-0.7964090820156371
-0.3932477810789113	-0.7970603606658164
-0.3896456674075115	-0.7977374170230783
-0.3857887324195951	-0.7984758676820176
-0.3824439125818667	-0.7991045628709037
-0.3793563865778098	-0.7996848968914139
-0.3752396852390672	-0.8004586755854275
-0.3685417032304073	-0.8016708416471645
-0.3649350975334366	-0.8023235464496383
-0.36055299540441715	-0.8031013180436644
-0.3569399603994768	-0.8037174400004795
-0.3533269253945364	-0.8043335619572947
-0.34997005083342053	-0.8048943387117361
-0.34609894189955587	-0.8055544693797524
-0.3424859068946155	-0.8061705913365675
-0.3383567240318266	-0.8068747307157849
-0.3347436890268863	-0.8074908526726
-0.3308660891136673	-0.8081117196387909
-0.3272469958613297	-0.8086911954739023
-0.32337151539202724	-0.8093251576247892
-0.31975440028734486	-0.8099168556322835
-0.31613728518266254	-0.8105085536397779
-0.3125201700779802	-0.8111002516472723
-0.3083818499618721	-0.8117485339903371
-0.30424800412794945	-0.8124247602846164
-0.3003746873266618	-0.813071810385895
-0.2957215674307991	-0.8138168507453241
-0.2905514342131739	-0.8146446733669119
-0.2846090308269101	-0.8156167486649384
-0.28047518499298735	-0.8162929749592177
-0.27530787770058407	-0.8171382578270668
-0.270401676418953	-0.8179578546220198
-0.2654927344911698	-0.8187608733464764
-0.26162387759894196	-0.8194340770483105
-0.2580129444995293	-0.8200624005033557
-0.25440201140011665	-0.8206907239584008
-0.25053545069804056	-0.8213769930119532
-0.24641111928249287	-0.8221090133357424
-0.24280232929388862	-0.8227495311190579
-0.23945333828955867	-0.8233556141499264
-0.23533150320730645	-0.8241015624956107
-0.23096031022100108	-0.8249384732424087
-0.22606563106082656	-0.8258242869029088
-0.2227187065434918	-0.8264416795353986
-0.21911432629405428	-0.8271065639088493
-0.2152454694018264	-0.8277797676106834
-0.21163886370485577	-0.8284324724131572
-0.2077723030027798	-0.8291187414667096
-0.2039034461105518	-0.8297919451685437
-0.2002925130111392	-0.8304202686235889
-0.19668157991172655	-0.831048592078634
-0.1930664842305246	-0.831652505506494
-0.1894513885493229	-0.8322564189343541
-0.185836292868121	-0.8328603323622141
-0.1822171996157834	-0.8334398081973255
-0.17808109304168324	-0.8341020662945958
-0.17471870794734545	-0.8346287956983359
-0.1708411080341265	-0.8352496626645268
-0.16722201478178883	-0.8358291384996384
-0.16360292152945133	-0.8364086143347498
-0.15946681495535117	-0.83707087243202
-0.15532632852066391	-0.8377051716231638
-0.15144665341181252	-0.8383129363197871
-0.14782562331021806	-0.8388801833699687
-0.1439399883384526	-0.8394486002441864
-0.14006031322960125	-0.8400563649408097
-0.13617860719708202	-0.840651020432507
-0.13255568156673073	-0.8412060322247578
-0.12893275593637943	-0.8417610440170086
-0.12504906327533202	-0.842342583518014
-0.12090645777021493	-0.8429628923190865
-0.11702082279844957	-0.8435313091933042
-0.11313713013740227	-0.8441128486943097
-0.10847669894414562	-0.8448106960955162
-0.10407743210729042	-0.8454846389861064
-0.10045450647693913	-0.8460396507783572
-0.09683158084658773	-0.846594662570608
-0.09320865521623643	-0.8471496743628588
-0.08777711006384459	-0.8480005449381314
-0.08363878994773655	-0.8486488272811962
-0.07975708391521727	-0.8492434827728934
-0.07562097734111707	-0.8499057408701637
-0.07200188408877951	-0.8504852167052751
-0.0676096728902367	-0.8512037071429468
-0.06399255778555439	-0.8517954051504412
-0.060635683224438346	-0.8523561819048826
-0.05702058754323647	-0.8529600953327426
-0.05314510707393395	-0.8535940574836295
-0.04927179027264625	-0.8542411075849081
-0.04565669459144453	-0.8548450210127682
-0.041781214122142016	-0.855478983163655
-0.037907897320854256	-0.8561260332649336
-0.034809243879824196	-0.8566436733459565
-0.031190150627486587	-0.8572231491810679
-0.027314670158184017	-0.8578571113319547
-0.023954083566727704	-0.8583951960359868
-0.02033499031438999	-0.8589746718710983
-0.016972605220052325	-0.8595014012748384
-0.01283428510394418	-0.8601496836179032
-0.008952579071424951	-0.8607443391096005
-0.00558671209851726	-0.8612483400104719
-0.0019619322815398184	-0.8617911102114103
0.0011450218472980186	-0.8622563418122147
0.00529172365264163	-0.8628486487573663
0.009177358624406995	-0.863417065631584
0.014086300552190165	-0.8642200843560407
0.02005002659800965	-0.865051384566871
0.023676619238324106	-0.8655819069828076
0.027564152180833655	-0.8661371947438873
0.03119251626050925	-0.866655463320895
0.03533921806585297	-0.8672477702660467
0.03948591987119647	-0.8678400772111984
0.04285347018005986	-0.8683327051688537
0.046741003122569465	-0.8688879929299335
0.052175391568096356	-0.8697205106183096
0.057350999611455365	-0.8705133846072393
0.06123469227250261	-0.8710949241082447
0.06718034547277156	-0.8720469201230707
0.07467294104675644	-0.8732725802814519
0.083710680249761	-0.874782363851102
0.0914658800761987	-0.8760240977834837
0.09896658528664472	-0.8771991095302886
0.10777832662299974	-0.8784577617887359
0.11581639216301735	-0.8795782098989855
0.12308325195126463	-0.8805411541696105
0.13085452189479557	-0.881677987918046
0.13810037315549817	-0.8827880115025475
0.1450762380002427	-0.8839291433741437
0.15178616015227472	-0.8850733698653719
0.1595283780200039	-0.8863936312014044
0.1623688103409483	-0.8868681346090087
0.16598390602215013	-0.8874720480368687
0.169346291116488	-0.8879987774406088
0.17245003120356897	-0.8884849891979074
0.1752966156274164	-0.8889210698918187
0.17917629073626787	-0.889528834588442
0.1825470924143396	-0.8899986999249982
0.18617718652918638	-0.890504708748982
0.1895495562034089	-0.8909631846674054
0.19266251282576805	-0.8913863932074885
0.19577825762590886	-0.8917885607614826
0.19914905930398072	-0.8922584260980388
0.2019999167951544	-0.8926656371228306
0.20510994314916206	-0.8931098673316944
0.2082168972779998	-0.8935750989324988
0.21132385140683774	-0.8940403305333031
0.21468799663502106	-0.8945556986261074
0.21727306324383358	-0.8949696099369013
0.2208921564961712	-0.8955490857720128
0.22347722310498383	-0.8959629970828067
0.22657930303555884	-0.8964596906557594
0.22968138296613397	-0.896956384228712
0.2327834628967091	-0.8974530778016647
0.23588882772272451	-0.8979288021950226
0.23847663174440406	-0.8983252391894875
0.24132467302917204	-0.8987517014902248
0.24469222333803547	-0.8992443294478801
0.24754308082920903	-0.8996515404726719
0.25039254647517045	-0.900068379513765
0.25401913911548485	-0.9005989019297015
0.2571276470928972	-0.9010536354290757
0.25971807040740746	-0.9014325800118875
0.2628265783848198	-0.9018873135112617
0.2654170016993301	-0.9022662580940736
0.2685223665253454	-0.9027419824874313
0.27137040781011346	-0.9031684447881687
0.27395685788268115	-0.9035736212525842
0.277060597969762	-0.9040598330098828
0.27990718239360945	-0.9044959137037941
0.2822349874589205	-0.9048605725217681
0.2850785607286142	-0.9053158749636414
0.2879236558084386	-0.9057615690744985
0.2918012557216574	-0.9063824360406894
0.2949033356522324	-0.906879129613642
0.2977484307320568	-0.9073248237244991
0.30059501515590425	-0.9077609044184104
0.3037003799819197	-0.9082366288117683
0.30577062319926324	-0.9085537784073401
0.3083610465137736	-0.9089327229901519
0.31120908779854156	-0.9093591852908892
0.3143160419273793	-0.9098244168916936
0.316907730555719	-0.9101946087324134
0.3194968589964173	-0.9105823017330837
0.3223463246423786	-0.9109991407741768
0.3249341286640582	-0.9113955777686417
0.32752193268573765	-0.9117920147631065
0.3306272975117532	-0.9122677391564643
0.3329551025770639	-0.9126323979744382
0.33580168700091145	-0.9130684786683495
0.33812949206622217	-0.9134331374863234
0.3422678121823303	-0.9140814198293882
0.3448542622548979	-0.9144865962938037
0.34744071232746543	-0.9148917727582192
0.3497697359469769	-0.9152485660532376
0.35209754101228774	-0.9156132248712116
0.35442656463179933	-0.9159700181662299
0.3570143686534788	-0.9163664551606947
0.35986240993824675	-0.916792917461432
0.36374804491001234	-0.9173613343356497
0.3668565528874247	-0.9178160678350239
0.370483145527739	-0.9183465902509604
0.37359165350515133	-0.9188013237503346
0.37644251099632503	-0.9192085347751264
0.3803281459680905	-0.9197769516493441
0.38420782107694185	-0.9203847163459674
0.38679694951764	-0.9207724093466377
0.3891283305006994	-0.9211134594711684
0.39197637178546735	-0.9215399217719057
0.39404767453802575	-0.9218500761724419
0.3968942589618732	-0.9222861568663532
0.398964502179217	-0.9226033064619251
0.4012923072445278	-0.9229679652798991
0.4043992613733656	-0.9234331968807035
0.4067282849928771	-0.9237899901757218
0.40879852821022067	-0.9241071397712937
0.41086877142756423	-0.9244242893668655
0.4134565754492439	-0.9248207263613304
0.41526896535773256	-0.9250921114617996
0.4178580937984307	-0.9254798044624699
0.4199293965509892	-0.9257899588630062
0.4222607775340485	-0.9261310089875369
0.42459329729955414	-0.9264641816441846
0.42692467828261366	-0.9268052317687153
0.42899701693422176	-0.9271083874349647
0.43106935558583	-0.9274115431012142
0.43339957118245825	-0.9277604668018175
0.43521103399763406	-0.9280379726979429
0.43779883801931363	-0.9284344096924078
0.4393515204323211	-0.9286722718890866
0.44167932549763217	-0.9290369307070606
0.44400834911714365	-0.929393724002079
0.4460785923344872	-0.9297108735976508
0.44814883555183077	-0.9300280231932226
0.45021907876917444	-0.9303451727887945
0.4520314686776631	-0.9306165578892637
0.4543604922971747	-0.930973351184282
0.4561728822056633	-0.9312447362847512
0.45850190582517497	-0.9316015295797696
0.4603142957336636	-0.9318729146802388
0.4623855984862221	-0.9321830690807751
0.4647121584341536	-0.9325555892604896
0.46704237403078197	-0.9329045129610929
0.4688556703509391	-0.9331697741690611
0.4711858859475674	-0.9335186978696643
0.4729973487627432	-0.9337962037657898
0.4745500311757508	-0.9340340659624686
0.4768778362410616	-0.9343987247804426
0.4786892990562373	-0.934676230676568
0.4807595422735808	-0.9349933802721399
0.48282978549092437	-0.9353105298677117
0.4846403005417218	-0.9355941533928025
0.48619217058526226	-0.9358372592714518
0.48800363340043795	-0.9361147651675772
0.4900738766177816	-0.936431914763149
0.4921441198351251	-0.9367490643587209
0.4939565097436139	-0.93702044945919
0.49576797255878957	-0.9372979553553155
0.4975803624672782	-0.9375693404557847
0.4993918252824538	-0.9378468463519101
0.5009445076954616	-0.9380847085485889
0.5027568976039503	-0.9383560936490581
0.5043103746683693	-0.9385887094494604
0.5061218374835448	-0.9388662153455858
0.5079342273920335	-0.939137600446055
0.5097456902072093	-0.9394151063421804
0.5112983726202168	-0.9396529685388593
0.5138861766418966	-0.9400494055333242
0.5156966916926938	-0.940333029058415
0.5172485617362342	-0.9405761349370643
0.5188004317797749	-0.9408192408157136
0.5203523018233153	-0.9410623466943628
0.522163764638491	-0.9413398525904882
0.5242340078558347	-0.9416570021860601
0.5252691294645064	-0.941815576983846
0.5270815193729952	-0.9420869620843152
0.528634996437414	-0.9423195778847173
0.5307062991899725	-0.9426297322852536
0.5327776019425312	-0.9429398866857899
0.5343310790069499	-0.943172502486192
0.5358845560713688	-0.9434051182865942
0.5374380331357876	-0.9436377340869964
0.5389915102002065	-0.9438703498873986
0.5405449872646254	-0.9441029656878007
0.5420984643290444	-0.944335581488203
0.54390992714422	-0.9446130873843284
0.5452044913645692	-0.9448069338846635
0.5470177876847262	-0.9450721950926317
0.5485720416734325	-0.9452995618423189
0.5498666058937814	-0.945493408342654
0.5516799022139386	-0.9457586695506223
0.5529744664342876	-0.9459525160509574
0.5545279434987065	-0.9461851318513596
0.5560814205631254	-0.9464177476517618
0.5576348976275444	-0.946650363452164
0.5591883746919631	-0.9468829792525661
0.5607418517563821	-0.9471155950529684
0.5622953288208009	-0.9473482108533705
0.5635892308316407	-0.947546429350603
0.5648837950519896	-0.9477402758509381
0.5669550978045483	-0.9480504302514744
0.5682503094618033	-0.9482399025428803
0.5698045634505094	-0.9484672692925673
0.5713588174392158	-0.9486946360422545
0.5729130714279219	-0.9489220027919415
0.574467325416628	-0.9491493695416285
0.5757618896369772	-0.9493432160419637
0.5770557916478167	-0.9495414345391961
0.578350355868166	-0.9497352810395313
0.5801618186833416	-0.9500127869356567
0.5814563829036906	-0.9502066334359919
0.5830098599681095	-0.950439249236394
0.5843037619789493	-0.9506374677336265
0.5855983261992983	-0.9508313142339616
0.5876696289518568	-0.9511414686344979
0.5892231060162757	-0.9513740844349
0.5907765830806946	-0.9516067002353022
0.5920717947379498	-0.9517961725267081
0.5933663589582987	-0.9519900190270433
0.5951796552784561	-0.9522552802350116
0.596474219498805	-0.9524491267353468
0.5975098708750843	-0.9526042039356148
0.5990633479395032	-0.9528368197360171
0.6006168250039221	-0.9530694355364192
0.6016524763802014	-0.9532245127366873
0.6032059534446202	-0.9534571285370894
0.6045011651018753	-0.9536466008284953
0.6057957293222244	-0.9538404473288304
0.6070896313330643	-0.9540386658260629
0.6089020212415528	-0.9543100509265321
0.6099376726178322	-0.9544651281268003
0.6114911496822508	-0.9546977439272024
0.6130446267466698	-0.9549303597276046
0.6140802781229492	-0.9550854369278728
0.6153741801337888	-0.9552836554251053
0.6169284341224951	-0.9555110221747924
0.6179646034482991	-0.9556626000079171
0.6195172858613068	-0.955900462204596
0.6208118500816558	-0.9560943087049312
0.6221057520924955	-0.9562925272021636
0.6234003163128446	-0.9564863737024988
0.6246942183236842	-0.9566845921997312
0.6259887825440333	-0.9568784387000664
0.6270244339203127	-0.9570335159003345
0.6283183359311523	-0.9572317343975669
0.6298710183441601	-0.9574695965942459
0.6309061399528317	-0.9576281713920318
0.6322007041731809	-0.957822017892367
0.6337541812375996	-0.9580546336927691
0.634789832613879	-0.9582097108930372
0.6363433096782979	-0.9584423266934394
0.6378967867427168	-0.9586749424938416
0.6391906887535566	-0.958873160991074
0.6404852529739055	-0.9590670074914092
0.6415209043501848	-0.9592220846916772
0.6428148063610244	-0.9594203031889097
0.6441093705813736	-0.9596141496892449
0.645145021957653	-0.9597692268895129
0.6464389239684926	-0.9599674453867454
0.6474740455771644	-0.9601260201845313
0.6487672706134481	-0.9603286084167391
0.6498018506424751	-0.9604906790025053
0.6513537206860155	-0.9607337848811546
0.6526476226968554	-0.960932003378387
0.6536827443055271	-0.9610905781761729
0.6547178659141988	-0.9612491529739589
0.6557529875228707	-0.9614077277717448
0.6567881091315423	-0.9615663025695307
0.6580826733518915	-0.9617601490698658
0.6591183247281707	-0.9619152262701339
0.66015397610445	-0.962070303470402
0.6611896274807294	-0.9622253806706702
0.6622252788570085	-0.9623804578709383
0.6635191808678483	-0.9625786763681707
0.66455430247652	-0.9627372511659567
0.6655894240851917	-0.9628958259637426
0.6666245456938636	-0.9630544007615285
0.6679177707301471	-0.9632569889937362
0.6686941119366511	-0.9633759200920757
0.669987336972935	-0.9635785083242835
0.6707636781794387	-0.963697439422623
0.6717987997881104	-0.9638560142204089
0.6730933640084595	-0.9640498607207441
0.6743872660192991	-0.9642480792179765
0.675422387627971	-0.9644066540157624
0.6769750700409787	-0.9646445162124413
0.6790453132583224	-0.9649616658080131
0.6805979956713302	-0.965199528004692
0.6816331172800019	-0.9653581028024779
0.6834455071884906	-0.9656294879029471
0.6844811585647699	-0.9657845651032152
0.6852574997712737	-0.9659034962015547
0.6862926213799455	-0.9660620709993406
0.6873277429886172	-0.9662206457971265
0.688362864597289	-0.9663792205949124
0.6893979862059608	-0.9665377953926984
0.6901747247381702	-0.9666541032928995
0.690951065944674	-0.966773034391239
0.691986187553346	-0.9669316091890249
0.6930213091620175	-0.9670901839868108
0.6940564307706893	-0.9672487587845967
0.6950915523793613	-0.9674073335823826
0.6958682909115707	-0.9675236414825837
0.6966446321180744	-0.9676425725809231
0.6976797537267463	-0.967801147378709
0.698714875335418	-0.967959722176495
0.6992324361397538	-0.9680390095753879
0.7002675577484256	-0.9681975843731738
0.7013026793570976	-0.9683561591709597
0.702337800965769	-0.9685147339687457
0.702337800965769	-0.9685147339687457
0.7028553617701049	-0.9685940213676386
0.7028553617701049	-0.9685940213676386
0.7028553617701049	-0.9685940213676386
0.7031158179499091	-0.9686205071723996
0.7028548083485443	-0.9686001870482011
0.7028548083485443	-0.9686001870482011
0.7028548083485443	-0.9686001870482011
0.7028548083485443	-0.9686001870482011
0.7028548083485443	-0.9686001870482011
0.7028548083485443	-0.9686001870482011
0.7028548083485443	-0.9686001870482011
0.7028548083485443	-0.9686001870482011
0.7028548083485443	-0.9686001870482011
0.7033634193788662	-0.9684758065929722
0.703112089228607	-0.9685491010335714
0.7033599594006433	-0.9684648437058977
0.7033599594006433	-0.9684648437058977
0.7028823502593162	-0.9686794251261764
0.7028823502593162	-0.9686794251261764
0.7028823502593162	-0.9686794251261764
0.7031040557380618	-0.968540192945463
0.7026743050051898	-0.9688393082834249
0.7026743050051898	-0.9688393082834249
0.7028746653562895	-0.9686708011644085
0.7028746653562895	-0.9686708011644085
0.7030575838791779	-0.9684835053197234
0.7028843865097621	-0.9686798254426845
0.7027227425245115	-0.9688857626697327
0.7025702951521998	-0.9690985976248676
0.7025702951521998	-0.9690985976248676
0.7026996600910652	-0.9688709935123293
0.7025804118347639	-0.9691040573937462
0.7027933786430693	-0.9686257261106711
0.7027933786430693	-0.9686257261106711
0.7027091213153956	-0.9688735962827074
0.7026375265495913	-0.9691254158787707
0.7028137718131849	-0.9683600480703747
0.7028630018571143	-0.9681029190711803
0.7029405404572483	-0.9675850933830407
0.7031524268953361	-0.9655014439446075
0.7032540275163286	-0.964196395937784
0.7033530290912116	-0.9623664763380968
0.7034246522818106	-0.9600113706941434
0.7034600255260337	-0.9579172743309066
0.7034865562665308	-0.9552994148875809
0.7034936312383088	-0.9532050317350267
0.7034847875235862	-0.950587052794334
0.7034777125518082	-0.9484926696417797
0.7034865562665308	-0.945874690701087
0.7035024748622052	-0.9435185499850166
0.703544921867224	-0.9414245850625087
0.7036156631081915	-0.9388075471143644
0.7037005396813587	-0.9367148725547981
0.7038198789739093	-0.9343617022233376
0.7039877945306744	-0.9317490988644258
0.7042016158826537	-0.9288772545644801
0.7044136330005883	-0.926267859867064
0.704643274511705	-0.9236599571231771
0.7049532592871076	-0.9202707113624793
0.7052975747490003	-0.9168847810250252
0.7056365130491591	-0.9137615254751583
0.706031941066011	-0.9101177273336468
0.7063523040396315	-0.9072558089527655
0.7067423381347137	-0.9038748400395598
0.7073455894657049	-0.8992012228393488
0.7078147849453648	-0.8955661872391847
0.7082169524993589	-0.892450442439044
0.7086640337678634	-0.8890765432516434
0.7092635791996478	-0.8846665213699679
0.7097573224964114	-0.8810347386438822
0.710273185498532	-0.8771417780430354
0.7107546576338446	-0.8735083481489118
0.711213133552268	-0.8701359784746893
0.7118054404974197	-0.8659892766693457
0.7123237090744274	-0.8623609125896701
0.7128658613858385	-0.8584715260380487
0.7136432642513502	-0.8530289799185352
0.7142874700421302	-0.8486252602838678
0.7148179924580668	-0.8449986676435534
0.7153962882569053	-0.8408499886551571
0.715877537649841	-0.8374807934383155
0.7164698445949926	-0.8333340916329719
0.717012614795931	-0.8297093118159945
0.7175810316701488	-0.8258236768442291
0.7181115540860853	-0.8221970842039147
0.7187178654185842	-0.8180524069006981
0.7191991148115199	-0.8146832116838565
0.7198654601248156	-0.810018172152845
0.7203837287018233	-0.8063898080731694
0.720952145576041	-0.802504173101404
0.7214826679919776	-0.7988775804610896
0.7220131904079141	-0.7952509878207752
0.7226425165371378	-0.7908451171525976
0.7232109334113556	-0.7869594821808322
0.7236921828042913	-0.7835902869639906
0.724210451381299	-0.779961922884315
0.7248546571720791	-0.7755582032496475
0.725383667847183	-0.7716670074716985
0.7258535331837394	-0.7682962057936266
0.7263825438588433	-0.7644050100156775
0.7268524091953996	-0.7610342083376056
0.7274587205278985	-0.7568895310343892
0.727989242943835	-0.7532629383940748
0.7285445307049148	-0.7493754054515652
0.7290627992819225	-0.7457470413718896
0.7295810678589303	-0.742118677292214
0.730173374804082	-0.7379719754868704
0.7306916433810897	-0.7343436114071948
0.7313119521821622	-0.7302010059020778
0.7318547223831006	-0.7265762260851003
0.732397492584039	-0.7229514462681228
0.7330178013851114	-0.7188088407630057
0.7336917442757016	-0.7144095739261506
0.7343738445247628	-0.7097468119600321
0.7349816092213861	-0.7058671368511807
0.7356298915644509	-0.7017288167350727
0.7362507585306418	-0.6978512168218538
0.7368302343657532	-0.6942321235695161
0.7374097102008648	-0.6906130303171785
0.7379891860359763	-0.6869939370648408
0.7388997909197229	-0.6813067905254531
0.7395620490169932	-0.6771706839513529
0.7401415248521046	-0.6735515906990154
0.7407754870029915	-0.6696761102297129
0.7413671850104858	-0.6660589951250305
0.7422363987631531	-0.660630355246524
0.7428703609140399	-0.6567548747772215
0.743408445618072	-0.6533942881857652
0.7440424077689588	-0.6495188077164626
0.7447186340632381	-0.64538496188254
0.7453948603575175	-0.6412511160486174
0.7460419104587961	-0.6373777992473297
0.7466496751554194	-0.6334981241384784
0.7472413731629137	-0.6298810090337961
0.747917599457193	-0.6257471631998734
0.748538466423384	-0.6218695632866545
0.7491462311200072	-0.6179898881778032
0.7496324428773058	-0.6148861480907222
0.7503360921056554	-0.6104915348557408
0.7509155679407669	-0.6068724416034033
0.7515778260380371	-0.6027363350293031
0.7521573018731487	-0.5991172417769655
0.7527367777082602	-0.5954981485246278
0.7533162535433716	-0.5918790552722902
0.754005053532878	-0.5874820901489254
0.7545723005830596	-0.5838610600473308
0.7551669560747568	-0.5799793540148116
0.7557219678670076	-0.5763564283844603
0.7563297325636309	-0.572476753275609
0.7568969796138125	-0.5688557231740144
0.7576834111043209	-0.5639440966172705
0.7582628869394324	-0.5603250033649328
0.7589516869289388	-0.5559280382415681
0.7597620398577698	-0.5507551380964331
0.7606918510124038	-0.5450711000747893
0.7615114478073567	-0.5401648987931583
0.7624604546225653	-0.5344840341512698
0.7633231880909368	-0.5293196117495528
0.7641593536037574	-0.5244162070999909
0.7650120782927473	-0.5195156550365023
0.7657898498867733	-0.5151335529074829
0.7664303676700889	-0.5115247629188786
0.7670708854534044	-0.5079159729302744
0.7677114032367199	-0.5043071829416701
0.768384606938554	-0.5004383260494423
0.7691305552842383	-0.49631649096719
0.7697832600867122	-0.4927098852702193
0.770435964889186	-0.4891032795732486
0.7710533575216758	-0.48575635505591386
0.771813225377048	-0.48163706334227097
0.7725730932324202	-0.47751777162862813
0.7733952330948096	-0.47314377645621414
0.7740722894520715	-0.4695416627848144
0.7747493458093334	-0.4659395491134147
0.7755862565561313	-0.4615683561271093
0.7763116740817692	-0.4577089486220381
0.7770854527757828	-0.45359224728329556
0.7777978288901942	-0.44973041130175534
0.7784971554642732	-0.44586619091214386
0.7793045150606062	-0.4414894434663984
0.7799105980914747	-0.43814045246206845
0.7807497899803695	-0.4335033879945347
0.7814268463376314	-0.4299012743231349
0.7821392224520427	-0.4260394383415948
0.7831182796557534	-0.42062952979613877
0.7837709844582272	-0.417022924099168
0.784423689260701	-0.41341631840219734
0.7851360653751125	-0.40955448242065723
0.7859909167124062	-0.404920279242809
0.7866558010858569	-0.40131589899337144
0.787225701977386	-0.3982264302081394
0.7879855698327581	-0.39410713849449647
0.7886142650216442	-0.39076231865676825
0.7894216246179772	-0.3863855712110226
0.7900865089914277	-0.3827811909615852
0.7907858355655067	-0.37891697057197365
0.7914385403679806	-0.375310364875003
0.7920912451704544	-0.3717037591780323
0.7928986047667873	-0.36732701173228677
0.7934685056583164	-0.36423754294705474
0.794256186361185	-0.3601234789599438
0.7949454069761951	-0.35652367297122173
0.7956708245018329	-0.35266426546615054
0.7964092751607722	-0.3488073304782341
0.7970984957757822	-0.34520752448951214
0.7977877163907923	-0.34160771850079
0.7984769370058022	-0.338007912512068
0.7992646177086709	-0.3338938485249572
0.7998933128975569	-0.33054902868722885
0.8005703692548188	-0.3269469150158291
0.8016626792969163	-0.3210254331774675
0.8023620058709953	-0.3171612127878561
0.8030743819854067	-0.31329937680631587
0.8036804650162752	-0.309950385801986
0.804333169818749	-0.3063437801050153
0.8049279363318278	-0.3029927608298827
0.8058429617365643	-0.29783734656044814
0.8064264049448205	-0.29448433725385054
0.8071165917195177	-0.29035279933247704
0.8076887049651318	-0.286997838256461
0.8083357550664104	-0.28312452145517336
0.809284761881619	-0.27744365681328476
0.8100329099720375	-0.2730564000215715
0.8106490319288526	-0.26944336501663113
0.8112651538856678	-0.2658303300116909
0.8119413801799471	-0.2616964841777682
0.8125884302812257	-0.2578231673764804
0.8131923437090858	-0.2542080716952786
0.8137962571369458	-0.2505929760140768
0.8143456910010477	-0.2472342262740146
0.8151064455821119	-0.24258364971085158
0.8156981435896062	-0.23896653460616926
0.8162362282936383	-0.23560594801471285
0.8168701904445251	-0.23173046754541043
0.8174082751485572	-0.22836988095395402
0.8180970751380635	-0.2239729158305892
0.8188007243664132	-0.21957830259560787
0.8193802002015247	-0.2159592093432702
0.8199596760366362	-0.21234011609093253
0.8205391518717476	-0.20872102283859492
0.8212014099690179	-0.20458491626449476
0.8217808858041293	-0.2009658230121572
0.8223603616392409	-0.19734672975981954
0.8229398374743524	-0.19372763650748187
0.8235476021709757	-0.18984796139863058
0.824223828465255	-0.1857141155647079
0.8248155264727494	-0.18209700046002564
0.8253763032271908	-0.17874012589890959
0.8259802166550508	-0.17512503021770776
0.8266987070927225	-0.17073281901916493
0.8273148290495377	-0.16711978401422461
0.8279309510063528	-0.16350674900928425
0.828547072963168	-0.15989371400434388
0.8291941230644466	-0.15602039720305627
0.8298542537324629	-0.15214928826919163
0.8306172179278749	-0.14776458379133336
0.8312773485958912	-0.14389347485746873
0.8318934705527063	-0.14028043985252847
0.8324542473071478	-0.13692356529141247
0.8333518522429266	-0.13176508943510862
0.8339801756979718	-0.12815415633569596
0.834670362472669	-0.12402261841432248
0.8352986859277142	-0.12041168531490982
0.8360468340181326	-0.11602442852319654
0.8366629559749478	-0.11241139351825624
0.8372546539824421	-0.10879427841357393
0.8378219010326238	-0.10517324831197937
0.8383599857366558	-0.10181266172052296
0.8390222438339261	-0.0976765551464227
0.8396845019311964	-0.09354044857232262
0.8402922666278196	-0.08966077346347137
0.8409405489708844	-0.08552245334736328
0.8415322469783788	-0.08190533824268091
0.842126902470076	-0.07802363221016169
0.8426819142623269	-0.07440070657981039
0.8432369260545777	-0.0707777809494591
0.8438960041557172	-0.06637626260027214
0.844414272732725	-0.06274789852059655
0.8449325413097327	-0.05911953444092085
0.8455528501108052	-0.05497692893580386
0.8460454780684605	-0.051609378626940414
0.8465760004843971	-0.04798278598662601
0.8471312882454768	-0.044095253044116406
0.8476734405568879	-0.04020586649249495
0.8482039629728244	-0.036579273852180544
0.848734485388761	-0.032952681211866196
0.8492897731498407	-0.029065148269356487
0.8498581900240584	-0.025179513297591122
0.8503621909249298	-0.021813646324683536
0.8509049611258682	-0.018188866507706097
0.8514733780000859	-0.014303231535940574
0.8520039004160225	-0.010676638895626277
0.8526116651126457	-0.006796963786774817
0.8532325320788366	-0.0029193638735559675
0.853921332068343	0.0014776012498088657
0.8545421990345339	0.005355201163027663
0.8553700216561217	0.010525334380652935
0.8559494974912332	0.01414442763299049
0.8564989313553351	0.0175031773730527
0.8571751576496144	0.021637023206975314
0.8577132423536464	0.02499760979843173
0.8583475415447902	0.029138096233118947
0.8595225532915951	0.036638801443564864
0.8601172087832923	0.04052050747608404
0.8608060087727987	0.04491747259944887
0.861321376865603	0.04828161782763234
0.8620034771146642	0.0529443797937509
0.8625850166156697	0.05682807245479809
0.863050248216474	0.05993502658363593
0.8636186650906917	0.06382066155540145
0.8642002045916972	0.06770435421644863
0.8648205133927697	0.07184695972156567
0.8654151688844669	0.075728665754085
0.8661517855857405	0.08064800979141151
0.8666671536785447	0.08401215501959493
0.8673014528696885	0.0881526414542822
0.8678281822734286	0.09151502654862002
0.8685814125629118	0.09643185418981104
0.8691081419666519	0.09979423928414886
0.8696509121675903	0.1034190191011263
0.8701662802603946	0.10678316432930972
0.8706968026763311	0.11040975696962402
0.8713558807774706	0.11481127531881091
0.8718741493544784	0.11843963939848662
0.8723183795633421	0.1215496657524943
0.8728611497642805	0.12517444556947174
0.873481458565353	0.1293170510745888
0.8740242287662914	0.13294183089156625
0.8745168567239467	0.13630938120042968
0.8750208576248182	0.13967524817333726
0.875750175260766	0.1443308583039589
0.8763174223109477	0.14795188840555346
0.8768846693611293	0.15157291850714802
0.8773708811184279	0.1546766585942291
0.8778570928757264	0.1577803986813102
0.8784243399259081	0.16140142878290475
0.8789105516832066	0.16450516886998573
0.879375783284011	0.16761212299882366
0.8798911513768153	0.17097626822700707
0.8803951522776866	0.17434213519991454
0.8811705382790272	0.17952039208131101
0.8817908470800997	0.18366299758642807
0.8824886944813063	0.18832342877968483
0.8832180121172541	0.19297903891030635
0.8841238822590443	0.19840168243210915
0.8848937175414336	0.20331593756998756
0.8856469478309168	0.2082327652111786
0.8862284873319223	0.21211645787222588
0.8869024302225125	0.21651572470908104
0.8876160168125492	0.22117377194810406
0.8880124538070141	0.22376157596978372
0.8885164547078855	0.2271274429426913
0.8889525354017969	0.22997402736653874
0.8893789977025341	0.23282206865130672
0.8898442293033385	0.23592902278014455
0.8903094609041429	0.23903597690898237
0.8907262999452359	0.24188544255494368
0.8912020243385937	0.2449908073809591
0.8915984613330585	0.24757861140263857
0.8920249236337958	0.25042665268740666
0.8925402917266001	0.25379079791558995
0.8930369852995528	0.25689287784616505
0.8935919970918036	0.2605158034765163
0.894095997992675	0.263881670449424
0.8945612295934794	0.26698862457826184
0.8949973102873907	0.2698352090021093
0.8953937472818555	0.27242301302378874
0.8958202095825929	0.2752710543085568
0.8962854411833973	0.2783780084373945
0.8966731341840676	0.28096713687809277
0.8970899732251606	0.2838166025240541
0.8975164355258979	0.2866646438088222
0.8979816671267022	0.2897715979376599
0.8983693601273726	0.29236072637835814
0.8987861991684656	0.2952101920243195
0.8991651437512774	0.29780061533882984
0.8995615807457422	0.3003884193605093
0.8999880430464795	0.30323646064527726
0.9003290931710102	0.30556784162833656
0.9007555554717475	0.30841588291310446
0.9011123487667658	0.3107449065326161
0.9015388110675031	0.31359294781738406
0.9019748917614144	0.3164395322412315
0.9023238154620177	0.3187697478378598
0.902711508462688	0.3213588762785579
0.9031475891565993	0.3242054607024056
0.9035440261510642	0.32679326472408515
0.9040480270519355	0.3301591316969926
0.9043581814524718	0.33223043444955136
0.9047458744531421	0.3348195628902495
0.9051026677481605	0.337148586509761
0.9054991047426253	0.33973639053144045
0.9058955417370902	0.34232419455312
0.9062444654376934	0.3446544101497484
0.9066012587327118	0.34698343376926
0.9069184083282836	0.34905367698660367
0.9073148453227484	0.35164148100828313
0.9077112823172132	0.3542292850299626
0.9082380117209533	0.3575916701243005
0.9086257047216236	0.36018079856499874
0.909013397722294	0.3627699270056969
0.9093701910173123	0.36509895062520836
0.9096873406128843	0.36716919384255203
0.9100362643134875	0.3694994094391804
0.9103464187140238	0.3715707121917389
0.9107515951784393	0.3741571622643065
0.9110757363499716	0.3762263223223604
0.9114809128143871	0.3788127723949281
0.9118050539859195	0.38088193245298213
0.912210230450335	0.38346838252554966
0.9125670237453534	0.38579740614506125
0.9129159474459566	0.38812762174168963
0.913272740740975	0.3904566453612011
0.9135898903365469	0.3925268885785449
0.9139863273310117	0.39511469260022436
0.9143034769265835	0.3971849358175679
0.9146999139210483	0.3997727398392474
0.9150170635166202	0.40184298305659094
0.9152884486170894	0.4036553729650797
0.9156452419121077	0.4059843965845913
0.9161719713158478	0.4093467816789291
0.9164961124873803	0.4114159417369832
0.9167736183835057	0.4132274045521588
0.9171700553779705	0.41581520857383825
0.9174536789030613	0.41762572362463557
0.9178104721980797	0.41995474724414716
0.9181276217936515	0.4220249904614907
0.9184447713892234	0.4240952336788345
0.9187936950898267	0.4264254492754628
0.9190712009859521	0.42823691209063836
0.9193883505815239	0.4303071553079819
0.9196597356819931	0.4321195452164708
0.9200474286826634	0.4347086736571689
0.9203575830831996	0.4367799764097273
0.920822814684004	0.43988693053856515
0.9210880758919723	0.4417002268587224
0.9213912315582218	0.4437725655103306
0.921740155258825	0.4461027811069591
0.9220503096593612	0.4481740838595175
0.9223604640598975	0.450245386612076
0.9226379699560229	0.4520568494272517
0.9230026287739969	0.45438465449256255
0.9233267699455292	0.45645381455061657
0.9235698758241785	0.4580056845941572
0.9239266691191969	0.4603347082136688
0.9242438187147687	0.46240495143101223
0.9245609683103405	0.4644751946483558
0.9249098920109438	0.4668054102449842
0.92522004641148	0.4688767129975428
0.9254526622118823	0.47043019006196174
0.9257179234198505	0.4722434863821189
0.9260668471204537	0.47457370197874726
0.926299462920856	0.4761271790431662
0.9266096173213921	0.4781984817957246
0.9269197717219284	0.48026978454828334
0.9271972776180538	0.4820812473634588
0.9275004332843033	0.48415358601506703
0.9278035889505528	0.48622592466667547
0.9280309557002399	0.48778017865538154
0.9283023408007091	0.4895925685638702
0.9286124952012453	0.4916638713164289
0.9288900010973707	0.4934753341316044
0.9291278632940496	0.4950280165446122
0.9294450128896214	0.49709825976195576
0.9297163979900906	0.4989106496704444
0.9300265523906269	0.5009819524230029
0.9302591681910292	0.5025354294874219
0.9305244293989974	0.5043487258075791
0.9307958144994666	0.5061611157160677
0.931073320395592	0.5079725785312436
0.9313447054960612	0.5097849684397321
0.9316548598965975	0.5118562711922907
0.9319323657927229	0.5136677340074665
0.9322037508931921	0.515480123915955
0.9325139052937284	0.5175514266685137
0.9327465210941305	0.5191049037329325
0.9329791368945327	0.5206583807973515
0.9332566427906581	0.522469843612527
0.9335402663157489	0.5242803586633242
0.9338177722118743	0.5260918214785001
0.9340556344085532	0.5276445038915079
0.9342934966052321	0.5291971863045156
0.9346424203058353	0.5315274019011439
0.9348750361062376	0.5330808789655628
0.935152542002363	0.5348923417807385
0.9353463885026981	0.5361869060010876
0.9355790043031003	0.5377403830655064
0.9358565101992257	0.5395518458806821
0.9361278952996949	0.5413642357891708
0.9363261137969273	0.5426581378000105
0.9368528432006674	0.5460205228943483
0.9375011255437322	0.5501588430104564
0.9380164936365365	0.5535229882386398
0.9385715054287873	0.557145913868991
0.9389979677295246	0.559993955153759
0.939540737930463	0.5636187349707364
0.939957576971556	0.5664682006166978
0.9405391164725615	0.5703518932777452
0.940944292936977	0.5729383433503127
0.9415359909444714	0.5765554584549949
0.9420740756485034	0.5799160450464513
0.9424879869592974	0.582501111655264
0.9428844239537622	0.5850889156769434
0.943122286150441	0.5866415980899512
0.9433161326507762	0.5879361623103003
0.9436262870513125	0.5900074650628588
0.9437813642515805	0.5910431164391381
0.9439708365429864	0.5923383280963932
0.9441982032926736	0.5938925820850995
0.9444695883931428	0.5957049719935881
0.9447470942892682	0.5975164348087638
0.944984956485947	0.5990691172217716
0.9452685800110379	0.6008796322725689
0.9455927211825702	0.6029487923306228
0.9458358270612195	0.6045006623741634
0.9460789329398688	0.6060525324177038
0.9462771514371012	0.6073464344285436
0.9465150136337801	0.6088991168415514
0.946673588431566	0.6099342384502231
0.9469114506282449	0.6114869208632309
0.94710529712858	0.6127814850835799
0.9473035156258125	0.6140753870944197
0.9475413778224914	0.6156280695074273
0.9477352243228265	0.6169226337277764
0.9478903015230946	0.6179582851040557
0.9481229173234968	0.6195117621684747
0.948355533123899	0.6210652392328935
0.9485881489243011	0.6226187162973124
0.9487863674215335	0.623912618308152
0.9490577525220028	0.6257250082166408
0.949290368322405	0.6272784852810597
0.9494454455226731	0.6283141366573389
0.9496436640199055	0.6296080386681787
0.9498375105202407	0.6309026028885278
0.9500357290174731	0.6321965048993675
0.9502295755178083	0.6334910691197165
0.9504277940150407	0.6347849711305562
0.9506303822472485	0.63607819616684
0.950828600744481	0.6373720981776796
0.9510224472448161	0.6386666623980287
0.9511775244450842	0.639702313774308
0.9513757429423166	0.6409962157851476
0.9515695894426518	0.6422907800054969
0.9517678079398842	0.6435846820163366
0.9519616544402194	0.6448792462366856
0.9521167316404875	0.6459148976129649
0.9522718088407556	0.6469505489892441
0.9525044246411578	0.6485040260536631
0.9526595018414259	0.6495396774299422
0.9528489741328319	0.6508348890871976
0.953042820633167	0.6521294533075465
0.9531978978334351	0.6531651046838258
0.9533529750337032	0.6542007560601052
0.9535511935309356	0.6554946580709449
0.9537097683287216	0.6565297796796166
0.9539036148290567	0.6578243438999656
0.9541018333262892	0.6591182459108055
0.9542604081240751	0.6601533675194772
0.9544542546244102	0.6614479317398262
0.9546093318246783	0.6624835831161054
0.9547644090249464	0.6635192344923848
0.9549194862252145	0.6645548858686642
0.955033169600058	0.6653320128630174
0.9552605363497451	0.6668862668517235
0.9554543828500802	0.6681808310720724
0.9555680662249237	0.6689579580664254
0.9557196440580484	0.6699941273922297
0.9558712218911731	0.6710302967180339
0.9560650683915083	0.6723248609383828
0.9562201455917765	0.6733605123146622
0.9563752227920446	0.6743961636909415
0.9564941538903841	0.6751725048974452
0.95665272868817	0.6762076265061171
0.9568113034859559	0.6772427481147888
0.9569698782837418	0.6782778697234605
0.9571284530815277	0.6793129913321323
0.9573222995818629	0.6806075555524813
0.957477376782131	0.6816432069287607
0.957632453982399	0.68267885830504
0.9577461373572426	0.683455985299393
0.9578977151903673	0.6844921546251972
0.958049293023492	0.6855283239510014
0.9581656009236931	0.6863050624832108
0.9583206781239613	0.6873407138594901
0.9584757553242294	0.6883763652357694
0.9586308325244974	0.6894120166120487
0.9587859097247656	0.690447667988328
0.9589409869250337	0.6914833193646073
0.9590599180233732	0.6922596605711111
0.9592184928211591	0.6932947821797829
0.9593348007213602	0.6940715207119923
0.9594898779216283	0.6951071720882717
0.9596449551218964	0.696142823464551
0.9597224937220304	0.6966606491526905
0.9598775709222985	0.6976963005289699
0.9600326481225667	0.6987319519052493
0.9601877253228348	0.6997676032815284
0.9603066564211743	0.7005439444880324
0.9604652312189602	0.7015790660967042
0.9605445186178532	0.7020966269010399
0.960782380814532	0.7036493093140477